-0.144216-0.026761j,0.547226-2.136753j,0.547226-2.136753j,0.000000
-0.144216-0.026761j,0.547224-2.136911j,0.547229-2.136596j,0.000000
-0.144216-0.026761j,0.547236-2.136957j,0.547216-2.136550j,0.000000
-0.144216-0.026761j,0.547236-2.136988j,0.547216-2.136518j,0.000000
-0.144216-0.026761j,0.547236-2.137012j,0.547217-2.136495j,0.000000
-0.144216-0.026761j,0.547235-2.137031j,0.547218-2.136475j,0.000000
-0.144216-0.026761j,0.547234-2.137048j,0.547218-2.136458j,0.000000
-0.144216-0.026761j,0.547233-2.137063j,0.547219-2.136443j,0.000000
-0.144216-0.026761j,0.547232-2.137077j,0.547220-2.136430j,0.000000
-0.144216-0.026761j,0.547232-2.137089j,0.547220-2.136417j,0.000000
-0.144216-0.026761j,0.547231-2.137101j,0.547221-2.136406j,0.000000
-0.144216-0.026761j,0.547230-2.137111j,0.547221-2.136395j,0.000000
-0.144216-0.026761j,0.547230-2.137121j,0.547222-2.136385j,0.000000
-0.144216-0.026761j,0.547230-2.137131j,0.547222-2.136375j,0.000000
-0.144216-0.026761j,0.547229-2.137140j,0.547223-2.136366j,0.000000
-0.144216-0.026761j,0.547229-2.137149j,0.547223-2.136357j,0.000000
-0.144216-0.026761j,0.547228-2.137157j,0.547223-2.136349j,0.000000
-0.144216-0.026761j,0.547228-2.137165j,0.547224-2.136341j,0.000000
-0.144216-0.026761j,0.547228-2.137173j,0.547224-2.136333j,0.000000
-0.144216-0.026761j,0.547227-2.137180j,0.547224-2.136326j,0.000000
-0.144216-0.026761j,0.547227-2.137187j,0.547224-2.136319j,0.000000
-0.144216-0.026761j,0.547227-2.137194j,0.547225-2.136312j,0.000000
-0.144216-0.026761j,0.547226-2.137201j,0.547225-2.136305j,0.000000
-0.144216-0.026761j,0.547226-2.137207j,0.547225-2.136299j,0.000000
-0.144216-0.026761j,0.547226-2.137214j,0.547225-2.136293j,0.000000
-0.144216-0.026761j,0.547226-2.137220j,0.547225-2.136286j,0.000000
-0.144216-0.026761j,0.547225-2.137226j,0.547226-2.136280j,0.000000
-0.144216-0.026761j,0.547225-2.137232j,0.547226-2.136275j,0.000000
-0.144216-0.026761j,0.547225-2.137237j,0.547226-2.136269j,0.000000
-0.144216-0.026761j,0.547225-2.137243j,0.547226-2.136263j,0.000000
-0.144216-0.026761j,0.547224-2.137248j,0.547226-2.136258j,0.000000
-0.144216-0.026761j,0.547224-2.137254j,0.547226-2.136253j,0.000000
-0.144216-0.026761j,0.547224-2.137259j,0.547227-2.136247j,0.000000
-0.144216-0.026761j,0.547224-2.137264j,0.547227-2.136242j,0.000000
-0.144216-0.026761j,0.547224-2.137269j,0.547227-2.136237j,0.000000
-0.144216-0.026761j,0.547223-2.137274j,0.547227-2.136232j,0.000000
-0.144216-0.026761j,0.547223-2.137279j,0.547227-2.136228j,0.000000
-0.144216-0.026761j,0.547223-2.137283j,0.547227-2.136223j,0.000000
-0.144216-0.026761j,0.547223-2.137288j,0.547227-2.136218j,0.000000
-0.144216-0.026761j,0.547223-2.137292j,0.547228-2.136214j,0.000000
-0.144216-0.026761j,0.547223-2.137297j,0.547228-2.136209j,0.000000
-0.144217-0.026761j,0.547222-2.137301j,0.547228-2.136205j,0.000000
-0.144217-0.026761j,0.547222-2.137306j,0.547228-2.136201j,0.000000
-0.144217-0.026761j,0.547222-2.137310j,0.547228-2.136196j,0.000000
-0.144217-0.026761j,0.547222-2.137314j,0.547228-2.136192j,0.000000
-0.144217-0.026761j,0.547222-2.137318j,0.547228-2.136188j,0.000000
-0.144217-0.026761j,0.547222-2.137322j,0.547228-2.136184j,0.000000
-0.144217-0.026761j,0.547222-2.137326j,0.547228-2.136180j,0.000000
-0.144217-0.026761j,0.547221-2.137330j,0.547229-2.136176j,0.000000
-0.144217-0.026761j,0.547221-2.137334j,0.547229-2.136172j,0.000000
-0.144217-0.026761j,0.547221-2.137338j,0.547229-2.136168j,0.000000
-0.144217-0.026761j,0.547221-2.137342j,0.547229-2.136164j,0.000000
-0.144217-0.026761j,0.547221-2.137346j,0.547229-2.136161j,0.000000
-0.144217-0.026761j,0.547221-2.137349j,0.547229-2.136157j,0.000000
-0.144217-0.026761j,0.547221-2.137353j,0.547229-2.136153j,0.000000
-0.144217-0.026761j,0.547221-2.137357j,0.547229-2.136150j,0.000000
-0.144217-0.026761j,0.547220-2.137360j,0.547229-2.136146j,0.000000
-0.144217-0.026761j,0.547220-2.137364j,0.547229-2.136143j,0.000000
-0.144217-0.026761j,0.547220-2.137367j,0.547229-2.136139j,0.000000
-0.144217-0.026761j,0.547220-2.137371j,0.547230-2.136136j,0.000000
-0.144217-0.026761j,0.547220-2.137374j,0.547230-2.136132j,0.000000
-0.144217-0.026761j,0.547220-2.137377j,0.547230-2.136129j,0.000000
-0.144217-0.026761j,0.547220-2.137381j,0.547230-2.136126j,0.000000
-0.144217-0.026761j,0.547220-2.137384j,0.547230-2.136122j,0.000000
-0.144217-0.026761j,0.547219-2.137387j,0.547230-2.136119j,0.000000
-0.144217-0.026761j,0.547219-2.137390j,0.547230-2.136116j,0.000000
-0.144217-0.026761j,0.547219-2.137394j,0.547230-2.136113j,0.000000
-0.144217-0.026761j,0.547219-2.137397j,0.547230-2.136109j,0.000000
-0.144217-0.026761j,0.547219-2.137400j,0.547230-2.136106j,0.000000
-0.144217-0.026761j,0.547219-2.137403j,0.547230-2.136103j,0.000000
-0.144217-0.026761j,0.547219-2.137406j,0.547230-2.136100j,0.000000
-0.144217-0.026761j,0.547219-2.137409j,0.547230-2.136097j,0.000000
-0.144217-0.026761j,0.547219-2.137412j,0.547230-2.136094j,0.000000
-0.144217-0.026761j,0.547219-2.137415j,0.547230-2.136091j,0.000000
-0.144217-0.026761j,0.547218-2.137418j,0.547231-2.136088j,0.000000
-0.144217-0.026761j,0.547218-2.137421j,0.547231-2.136085j,0.000000
-0.144217-0.026761j,0.547218-2.137424j,0.547231-2.136082j,0.000000
-0.144217-0.026761j,0.547218-2.137427j,0.547231-2.136079j,0.000000
-0.144217-0.026761j,0.547218-2.137430j,0.547231-2.136076j,0.000000
-0.144217-0.026761j,0.547218-2.137433j,0.547231-2.136074j,0.000000
-0.144217-0.026761j,0.547218-2.137435j,0.547231-2.136071j,0.000000
-0.144217-0.026761j,0.547218-2.137438j,0.547231-2.136068j,0.000000
-0.144217-0.026761j,0.547218-2.137441j,0.547231-2.136065j,0.000000
-0.144217-0.026761j,0.547218-2.137444j,0.547231-2.136062j,0.000000
-0.144217-0.026761j,0.547218-2.137447j,0.547231-2.136060j,0.000000
-0.144217-0.026761j,0.547217-2.137449j,0.547231-2.136057j,0.000000
-0.144217-0.026761j,0.547217-2.137452j,0.547231-2.136054j,0.000000
-0.144217-0.026761j,0.547217-2.137455j,0.547231-2.136052j,0.000000
-0.144217-0.026761j,0.547217-2.137457j,0.547231-2.136049j,0.000000
-0.144217-0.026761j,0.547217-2.137460j,0.547231-2.136046j,0.000000
-0.144217-0.026761j,0.547217-2.137462j,0.547231-2.136044j,0.000000
-0.144217-0.026761j,0.547217-2.137465j,0.547231-2.136041j,0.000000
-0.144217-0.026761j,0.547217-2.137468j,0.547231-2.136039j,0.000000
-0.144217-0.026761j,0.547217-2.137470j,0.547232-2.136036j,0.000000
-0.144217-0.026761j,0.547217-2.137473j,0.547232-2.136034j,0.000000
-0.144217-0.026761j,0.547217-2.137475j,0.547232-2.136031j,0.000000
-0.144217-0.026761j,0.547217-2.137478j,0.547232-2.136029j,0.000000
-0.144217-0.026761j,0.547216-2.137480j,0.547232-2.136026j,0.000000
-0.144217-0.026761j,0.547216-2.137483j,0.547232-2.136024j,0.000000
-0.144217-0.026761j,0.547216-2.137485j,0.547232-2.136021j,0.000000
-0.144217-0.026761j,0.547216-2.137487j,0.547232-2.136019j,0.000000
-0.144217-0.026761j,0.547216-2.137490j,0.547232-2.136016j,0.000000
-0.144217-0.026761j,0.547216-2.137492j,0.547232-2.136014j,0.000000
-0.144217-0.026761j,0.547216-2.137495j,0.547232-2.136012j,0.000000
-0.144217-0.026761j,0.547216-2.137497j,0.547232-2.136009j,0.000000
-0.144217-0.026761j,0.547216-2.137499j,0.547232-2.136007j,0.000000
-0.144217-0.026761j,0.547216-2.137502j,0.547232-2.136004j,0.000000
-0.144217-0.026761j,0.547216-2.137504j,0.547232-2.136002j,0.000000
-0.144217-0.026761j,0.547216-2.137506j,0.547232-2.136000j,0.000000
-0.144217-0.026761j,0.547216-2.137509j,0.547232-2.135998j,0.000000
-0.144217-0.026761j,0.547216-2.137511j,0.547232-2.135995j,0.000000
-0.144217-0.026761j,0.547215-2.137513j,0.547232-2.135993j,0.000000
-0.144217-0.026761j,0.547215-2.137515j,0.547232-2.135991j,0.000000
-0.144217-0.026761j,0.547215-2.137518j,0.547232-2.135989j,0.000000
-0.144217-0.026761j,0.547215-2.137520j,0.547232-2.135986j,0.000000
-0.144217-0.026761j,0.547215-2.137522j,0.547232-2.135984j,0.000000
-0.144217-0.026761j,0.547215-2.137524j,0.547232-2.135982j,0.000000
-0.144217-0.026761j,0.547215-2.137526j,0.547233-2.135980j,0.000000
-0.144217-0.026761j,0.547215-2.137529j,0.547233-2.135978j,0.000000
-0.144217-0.026761j,0.547215-2.137531j,0.547233-2.135975j,0.000000
-0.144217-0.026761j,0.547215-2.137533j,0.547233-2.135973j,0.000000
-0.144217-0.026761j,0.547215-2.137535j,0.547233-2.135971j,0.000000
-0.144217-0.026761j,0.547215-2.137537j,0.547233-2.135969j,0.000000
-0.144217-0.026761j,0.547215-2.137539j,0.547233-2.135967j,0.000000
-0.144217-0.026761j,0.547215-2.137541j,0.547233-2.135965j,0.000000
-0.144217-0.026761j,0.547215-2.137544j,0.547233-2.135963j,0.000000
-0.144217-0.026761j,0.547214-2.137546j,0.547233-2.135961j,0.000000
-0.144217-0.026761j,0.547214-2.137548j,0.547233-2.135959j,0.000000
-0.144217-0.026761j,0.547214-2.137550j,0.547233-2.135956j,0.000000
-0.144217-0.026761j,0.547214-2.137552j,0.547233-2.135954j,0.000000
-0.144217-0.026761j,0.547214-2.137554j,0.547233-2.135952j,0.000000
-0.144217-0.026761j,0.547214-2.137556j,0.547233-2.135950j,0.000000
-0.144217-0.026761j,0.547214-2.137558j,0.547233-2.135948j,0.000000
-0.144217-0.026761j,0.547214-2.137560j,0.547233-2.135946j,0.000000
-0.144217-0.026761j,0.547214-2.137562j,0.547233-2.135944j,0.000000
-0.144217-0.026761j,0.547214-2.137564j,0.547233-2.135942j,0.000000
-0.144217-0.026761j,0.547214-2.137566j,0.547233-2.135940j,0.000000
-0.144218-0.026761j,0.547214-2.137568j,0.547233-2.135938j,0.000000
-0.144218-0.026761j,0.547214-2.137570j,0.547233-2.135936j,0.000000
-0.144218-0.026761j,0.547214-2.137572j,0.547233-2.135934j,0.000000
-0.144218-0.026761j,0.547214-2.137574j,0.547233-2.135933j,0.000000
-0.144218-0.026761j,0.547214-2.137576j,0.547233-2.135931j,0.000000
-0.144218-0.026761j,0.547214-2.137578j,0.547233-2.135929j,0.000000
-0.144218-0.026761j,0.547213-2.137579j,0.547233-2.135927j,0.000000
-0.144218-0.026761j,0.547213-2.137581j,0.547233-2.135925j,0.000000
-0.144218-0.026761j,0.547213-2.137583j,0.547233-2.135923j,0.000000
-0.144218-0.026761j,0.547213-2.137585j,0.547233-2.135921j,0.000000
-0.144218-0.026761j,0.547213-2.137587j,0.547233-2.135919j,0.000000
-0.144218-0.026761j,0.547213-2.137589j,0.547233-2.135917j,0.000000
-0.144218-0.026761j,0.547213-2.137591j,0.547234-2.135915j,0.000000
-0.144218-0.026761j,0.547213-2.137593j,0.547234-2.135914j,0.000000
-0.144218-0.026761j,0.547213-2.137594j,0.547234-2.135912j,0.000000
-0.144218-0.026761j,0.547213-2.137596j,0.547234-2.135910j,0.000000
-0.144218-0.026761j,0.547213-2.137598j,0.547234-2.135908j,0.000000
-0.144218-0.026761j,0.547213-2.137600j,0.547234-2.135906j,0.000000
-0.144218-0.026761j,0.547213-2.137602j,0.547234-2.135904j,0.000000
-0.144218-0.026761j,0.547213-2.137604j,0.547234-2.135903j,0.000000
-0.144218-0.026761j,0.547213-2.137605j,0.547234-2.135901j,0.000000
-0.144218-0.026761j,0.547213-2.137607j,0.547234-2.135899j,0.000000
-0.144218-0.026761j,0.547213-2.137609j,0.547234-2.135897j,0.000000
-0.144218-0.026761j,0.547213-2.137611j,0.547234-2.135896j,0.000000
-0.144218-0.026761j,0.547212-2.137612j,0.547234-2.135894j,0.000000
-0.144218-0.026761j,0.547212-2.137614j,0.547234-2.135892j,0.000000
-0.144218-0.026761j,0.547212-2.137616j,0.547234-2.135890j,0.000000
-0.144218-0.026761j,0.547212-2.137618j,0.547234-2.135888j,0.000000
-0.144218-0.026761j,0.547212-2.137619j,0.547234-2.135887j,0.000000
-0.144218-0.026761j,0.547212-2.137621j,0.547234-2.135885j,0.000000
-0.144218-0.026761j,0.547212-2.137623j,0.547234-2.135883j,0.000000
-0.144218-0.026761j,0.547212-2.137625j,0.547234-2.135882j,0.000000
-0.144218-0.026761j,0.547212-2.137626j,0.547234-2.135880j,0.000000
-0.144218-0.026761j,0.547212-2.137628j,0.547234-2.135878j,0.000000
-0.144218-0.026761j,0.547212-2.137630j,0.547234-2.135876j,0.000000
-0.144218-0.026761j,0.547212-2.137631j,0.547234-2.135875j,0.000000
-0.144218-0.026761j,0.547212-2.137633j,0.547234-2.135873j,0.000000
-0.144218-0.026761j,0.547212-2.137635j,0.547234-2.135871j,0.000000
-0.144218-0.026761j,0.547212-2.137636j,0.547234-2.135870j,0.000000
-0.144218-0.026761j,0.547212-2.137638j,0.547234-2.135868j,0.000000
-0.144218-0.026761j,0.547212-2.137640j,0.547234-2.135866j,0.000000
-0.144218-0.026761j,0.547212-2.137641j,0.547234-2.135865j,0.000000
-0.144218-0.026761j,0.547212-2.137643j,0.547234-2.135863j,0.000000
-0.144218-0.026761j,0.547212-2.137645j,0.547234-2.135861j,0.000000
-0.144218-0.026761j,0.547211-2.137646j,0.547234-2.135860j,0.000000
-0.144218-0.026761j,0.547211-2.137648j,0.547234-2.135858j,0.000000
-0.144218-0.026761j,0.547211-2.137650j,0.547234-2.135857j,0.000000
-0.144218-0.026761j,0.547211-2.137651j,0.547234-2.135855j,0.000000
-0.144218-0.026761j,0.547211-2.137653j,0.547234-2.135853j,0.000000
-0.144218-0.026761j,0.547211-2.137654j,0.547234-2.135852j,0.000000
-0.144218-0.026761j,0.547211-2.137656j,0.547234-2.135850j,0.000000
-0.144218-0.026761j,0.547211-2.137658j,0.547234-2.135849j,0.000000
-0.144218-0.026761j,0.547211-2.137659j,0.547234-2.135847j,0.000000
-0.144218-0.026761j,0.547211-2.137661j,0.547235-2.135845j,0.000000
-0.144218-0.026761j,0.547211-2.137662j,0.547235-2.135844j,0.000000
-0.144218-0.026761j,0.547211-2.137664j,0.547235-2.135842j,0.000000
-0.144218-0.026761j,0.547211-2.137666j,0.547235-2.135841j,0.000000
-0.144218-0.026761j,0.547211-2.137667j,0.547235-2.135839j,0.000000
-0.144218-0.026761j,0.547211-2.137669j,0.547235-2.135838j,0.000000
-0.144218-0.026761j,0.547211-2.137670j,0.547235-2.135836j,0.000000
-0.144218-0.026761j,0.547211-2.137672j,0.547235-2.135834j,0.000000
-0.144218-0.026761j,0.547211-2.137673j,0.547235-2.135833j,0.000000
-0.144218-0.026761j,0.547211-2.137675j,0.547235-2.135831j,0.000000
-0.144218-0.026761j,0.547211-2.137676j,0.547235-2.135830j,0.000000
-0.144218-0.026761j,0.547211-2.137678j,0.547235-2.135828j,0.000000
-0.144218-0.026761j,0.547211-2.137679j,0.547235-2.135827j,0.000000
-0.144218-0.026761j,0.547210-2.137681j,0.547235-2.135825j,0.000000
-0.144218-0.026761j,0.547210-2.137682j,0.547235-2.135824j,0.000000
-0.144218-0.026761j,0.547210-2.137684j,0.547235-2.135822j,0.000000
-0.144218-0.026761j,0.547210-2.137685j,0.547235-2.135821j,0.000000
-0.144218-0.026761j,0.547210-2.137687j,0.547235-2.135819j,0.000000
-0.144218-0.026761j,0.547210-2.137688j,0.547235-2.135818j,0.000000
-0.144218-0.026761j,0.547210-2.137690j,0.547235-2.135816j,0.000000
-0.144218-0.026761j,0.547210-2.137691j,0.547235-2.135815j,0.000000
-0.144218-0.026761j,0.547210-2.137693j,0.547235-2.135813j,0.000000
-0.144218-0.026761j,0.547210-2.137694j,0.547235-2.135812j,0.000000
-0.144218-0.026761j,0.547210-2.137696j,0.547235-2.135810j,0.000000
-0.144218-0.026761j,0.547210-2.137697j,0.547235-2.135809j,0.000000
-0.144218-0.026761j,0.547210-2.137699j,0.547235-2.135807j,0.000000
-0.144218-0.026761j,0.547210-2.137700j,0.547235-2.135806j,0.000000
-0.144218-0.026761j,0.547210-2.137702j,0.547235-2.135805j,0.000000
-0.144218-0.026761j,0.547210-2.137703j,0.547235-2.135803j,0.000000
-0.144218-0.026761j,0.547210-2.137705j,0.547235-2.135802j,0.000000
-0.144218-0.026761j,0.547210-2.137706j,0.547235-2.135800j,0.000000
-0.144218-0.026761j,0.547210-2.137707j,0.547235-2.135799j,0.000000
-0.144218-0.026761j,0.547210-2.137709j,0.547235-2.135797j,0.000000
-0.144218-0.026761j,0.547210-2.137710j,0.547235-2.135796j,0.000000
-0.144218-0.026761j,0.547210-2.137712j,0.547235-2.135795j,0.000000
-0.144218-0.026761j,0.547210-2.137713j,0.547235-2.135793j,0.000000
-0.144218-0.026761j,0.547209-2.137715j,0.547235-2.135792j,0.000000
-0.144218-0.026761j,0.547209-2.137716j,0.547235-2.135790j,0.000000
-0.144218-0.026761j,0.547209-2.137717j,0.547235-2.135789j,0.000000
-0.144218-0.026761j,0.547209-2.137719j,0.547235-2.135787j,0.000000
-0.144218-0.026761j,0.547209-2.137720j,0.547235-2.135786j,0.000000
-0.144218-0.026761j,0.547209-2.137722j,0.547235-2.135785j,0.000000
-0.144218-0.026761j,0.547209-2.137723j,0.547235-2.135783j,0.000000
-0.144218-0.026761j,0.547209-2.137724j,0.547235-2.135782j,0.000000
-0.144218-0.026761j,0.547209-2.137726j,0.547235-2.135781j,0.000000
-0.144218-0.026761j,0.547209-2.137727j,0.547235-2.135779j,0.000000
-0.144218-0.026761j,0.547209-2.137728j,0.547235-2.135778j,0.000000
-0.144218-0.026761j,0.547209-2.137730j,0.547235-2.135776j,0.000000
-0.144218-0.026761j,0.547209-2.137731j,0.547235-2.135775j,0.000000
-0.144218-0.026761j,0.547209-2.137733j,0.547235-2.135774j,0.000000
-0.144218-0.026761j,0.547209-2.137734j,0.547235-2.135772j,0.000000
-0.144218-0.026761j,0.547209-2.137735j,0.547235-2.135771j,0.000000
-0.144218-0.026761j,0.547209-2.137737j,0.547235-2.135770j,0.000000
-0.144218-0.026761j,0.547209-2.137738j,0.547235-2.135768j,0.000000
-0.144218-0.026761j,0.547209-2.137739j,0.547235-2.135767j,0.000000
-0.144218-0.026761j,0.547209-2.137741j,0.547235-2.135766j,0.000000
-0.144218-0.026761j,0.547209-2.137742j,0.547236-2.135764j,0.000000
-0.144218-0.026761j,0.547209-2.137743j,0.547236-2.135763j,0.000000
-0.144218-0.026761j,0.547209-2.137745j,0.547236-2.135762j,0.000000
-0.144218-0.026761j,0.547209-2.137746j,0.547236-2.135760j,0.000000
-0.144218-0.026761j,0.547209-2.137747j,0.547236-2.135759j,0.000000
-0.144218-0.026761j,0.547208-2.137749j,0.547236-2.135758j,0.000000
-0.144218-0.026761j,0.547208-2.137750j,0.547236-2.135756j,0.000000
-0.144218-0.026761j,0.547208-2.137751j,0.547236-2.135755j,0.000000
-0.144218-0.026761j,0.547208-2.137752j,0.547236-2.135754j,0.000000
-0.144218-0.026761j,0.547208-2.137754j,0.547236-2.135752j,0.000000
-0.144218-0.026761j,0.547208-2.137755j,0.547236-2.135751j,0.000000
-0.144218-0.026761j,0.547208-2.137756j,0.547236-2.135750j,0.000000
-0.144218-0.026761j,0.547208-2.137758j,0.547236-2.135749j,0.000000
-0.144218-0.026761j,0.547208-2.137759j,0.547236-2.135747j,0.000000
-0.144218-0.026761j,0.547208-2.137760j,0.547236-2.135746j,0.000000
-0.144218-0.026761j,0.547208-2.137762j,0.547236-2.135745j,0.000000
-0.144218-0.026761j,0.547208-2.137763j,0.547236-2.135743j,0.000000
-0.144218-0.026761j,0.547208-2.137764j,0.547236-2.135742j,0.000000
-0.144219-0.026761j,0.547208-2.137765j,0.547236-2.135741j,0.000000
-0.144219-0.026761j,0.547208-2.137767j,0.547236-2.135740j,0.000000
-0.144219-0.026761j,0.547208-2.137768j,0.547236-2.135738j,0.000000
-0.144219-0.026761j,0.547208-2.137769j,0.547236-2.135737j,0.000000
-0.144219-0.026761j,0.547208-2.137770j,0.547236-2.135736j,0.000000
-0.144219-0.026761j,0.547208-2.137772j,0.547236-2.135735j,0.000000
-0.144219-0.026761j,0.547208-2.137773j,0.547236-2.135733j,0.000000
-0.144219-0.026761j,0.547208-2.137774j,0.547236-2.135732j,0.000000
-0.144219-0.026761j,0.547208-2.137775j,0.547236-2.135731j,0.000000
-0.144219-0.026761j,0.547208-2.137777j,0.547236-2.135730j,0.000000
-0.144219-0.026761j,0.547208-2.137778j,0.547236-2.135728j,0.000000
-0.144219-0.026761j,0.547208-2.137779j,0.547236-2.135727j,0.000000
-0.144219-0.026761j,0.547208-2.137780j,0.547236-2.135726j,0.000000
-0.144219-0.026761j,0.547208-2.137782j,0.547236-2.135725j,0.000000
-0.144219-0.026761j,0.547207-2.137783j,0.547236-2.135723j,0.000000
-0.144219-0.026761j,0.547207-2.137784j,0.547236-2.135722j,0.000000
-0.144219-0.026761j,0.547207-2.137785j,0.547236-2.135721j,0.000000
-0.144219-0.026761j,0.547207-2.137786j,0.547236-2.135720j,0.000000
-0.144219-0.026761j,0.547207-2.137788j,0.547236-2.135719j,0.000000
-0.144219-0.026761j,0.547207-2.137789j,0.547236-2.135717j,0.000000
-0.144219-0.026761j,0.547207-2.137790j,0.547236-2.135716j,0.000000
-0.144219-0.026761j,0.547207-2.137791j,0.547236-2.135715j,0.000000
-0.144219-0.026761j,0.547207-2.137793j,0.547236-2.135714j,0.000000
-0.144219-0.026761j,0.547207-2.137794j,0.547236-2.135712j,0.000000
-0.144219-0.026761j,0.547207-2.137795j,0.547236-2.135711j,0.000000
-0.144219-0.026761j,0.547207-2.137796j,0.547236-2.135710j,0.000000
-0.144219-0.026761j,0.547207-2.137797j,0.547236-2.135709j,0.000000
-0.144219-0.026761j,0.547207-2.137799j,0.547236-2.135708j,0.000000
-0.144219-0.026761j,0.547207-2.137800j,0.547236-2.135707j,0.000000
-0.144219-0.026761j,0.547207-2.137801j,0.547236-2.135705j,0.000000
-0.144219-0.026761j,0.547207-2.137802j,0.547236-2.135704j,0.000000
-0.144219-0.026761j,0.547207-2.137803j,0.547236-2.135703j,0.000000
-0.144219-0.026761j,0.547207-2.137804j,0.547236-2.135702j,0.000000
-0.144219-0.026761j,0.547207-2.137806j,0.547236-2.135701j,0.000000
-0.144219-0.026761j,0.547207-2.137807j,0.547236-2.135699j,0.000000
-0.144219-0.026761j,0.547207-2.137808j,0.547236-2.135698j,0.000000
-0.144219-0.026761j,0.547207-2.137809j,0.547236-2.135697j,0.000000
-0.144219-0.026761j,0.547207-2.137810j,0.547236-2.135696j,0.000000
-0.144219-0.026761j,0.547207-2.137811j,0.547236-2.135695j,0.000000
-0.144219-0.026761j,0.547207-2.137813j,0.547236-2.135694j,0.000000
-0.144219-0.026761j,0.547207-2.137814j,0.547236-2.135692j,0.000000
-0.144219-0.026761j,0.547207-2.137815j,0.547236-2.135691j,0.000000
-0.144219-0.026761j,0.547207-2.137816j,0.547236-2.135690j,0.000000
-0.144219-0.026761j,0.547206-2.137817j,0.547236-2.135689j,0.000000
-0.144219-0.026761j,0.547206-2.137818j,0.547236-2.135688j,0.000000
-0.144219-0.026761j,0.547206-2.137820j,0.547236-2.135687j,0.000000
-0.144219-0.026761j,0.547206-2.137821j,0.547236-2.135686j,0.000000
-0.144219-0.026761j,0.547206-2.137822j,0.547236-2.135684j,0.000000
-0.144219-0.026761j,0.547206-2.137823j,0.547236-2.135683j,0.000000
-0.144219-0.026761j,0.547206-2.137824j,0.547236-2.135682j,0.000000
-0.144219-0.026761j,0.547206-2.137825j,0.547236-2.135681j,0.000000
-0.144219-0.026761j,0.547206-2.137826j,0.547236-2.135680j,0.000000
-0.144219-0.026761j,0.547206-2.137828j,0.547236-2.135679j,0.000000
-0.144219-0.026761j,0.547206-2.137829j,0.547236-2.135678j,0.000000
-0.144219-0.026761j,0.547206-2.137830j,0.547236-2.135676j,0.000000
-0.144219-0.026761j,0.547206-2.137831j,0.547236-2.135675j,0.000000
-0.144219-0.026761j,0.547206-2.137832j,0.547236-2.135674j,0.000000
-0.144219-0.026761j,0.547206-2.137833j,0.547236-2.135673j,0.000000
-0.144219-0.026761j,0.547206-2.137834j,0.547237-2.135672j,0.000000
-0.144219-0.026761j,0.547206-2.137835j,0.547237-2.135671j,0.000000
-0.144219-0.026761j,0.547206-2.137836j,0.547237-2.135670j,0.000000
-0.144219-0.026761j,0.547206-2.137838j,0.547237-2.135669j,0.000000
-0.144219-0.026761j,0.547206-2.137839j,0.547237-2.135668j,0.000000
-0.144219-0.026761j,0.547206-2.137840j,0.547237-2.135666j,0.000000
-0.144219-0.026761j,0.547206-2.137841j,0.547237-2.135665j,0.000000
-0.144219-0.026761j,0.547206-2.137842j,0.547237-2.135664j,0.000000
-0.144219-0.026761j,0.547206-2.137843j,0.547237-2.135663j,0.000000
-0.144219-0.026761j,0.547206-2.137844j,0.547237-2.135662j,0.000000
-0.144219-0.026761j,0.547206-2.137845j,0.547237-2.135661j,0.000000
-0.144219-0.026761j,0.547206-2.137846j,0.547237-2.135660j,0.000000
-0.144219-0.026761j,0.547206-2.137847j,0.547237-2.135659j,0.000000
-0.144219-0.026761j,0.547206-2.137849j,0.547237-2.135658j,0.000000
-0.144219-0.026761j,0.547206-2.137850j,0.547237-2.135657j,0.000000
-0.144219-0.026761j,0.547205-2.137851j,0.547237-2.135656j,0.000000
-0.144219-0.026761j,0.547205-2.137852j,0.547237-2.135654j,0.000000
-0.144219-0.026761j,0.547205-2.137853j,0.547237-2.135653j,0.000000
-0.144219-0.026761j,0.547205-2.137854j,0.547237-2.135652j,0.000000
-0.144219-0.026761j,0.547205-2.137855j,0.547237-2.135651j,0.000000
-0.144219-0.026761j,0.547205-2.137856j,0.547237-2.135650j,0.000000
-0.144219-0.026761j,0.547205-2.137857j,0.547237-2.135649j,0.000000
-0.144219-0.026761j,0.547205-2.137858j,0.547237-2.135648j,0.000000
-0.144219-0.026761j,0.547205-2.137859j,0.547237-2.135647j,0.000000
-0.144219-0.026761j,0.547205-2.137860j,0.547237-2.135646j,0.000000
-0.144219-0.026761j,0.547205-2.137861j,0.547237-2.135645j,0.000000
-0.144219-0.026761j,0.547205-2.137862j,0.547237-2.135644j,0.000000
-0.144219-0.026761j,0.547205-2.137864j,0.547237-2.135643j,0.000000
-0.144219-0.026761j,0.547205-2.137865j,0.547237-2.135642j,0.000000
-0.144219-0.026761j,0.547205-2.137866j,0.547237-2.135641j,0.000000
-0.144219-0.026761j,0.547205-2.137867j,0.547237-2.135640j,0.000000
-0.144219-0.026761j,0.547205-2.137868j,0.547237-2.135639j,0.000000
-0.144219-0.026761j,0.547205-2.137869j,0.547237-2.135637j,0.000000
-0.144219-0.026761j,0.547205-2.137870j,0.547237-2.135636j,0.000000
-0.144219-0.026761j,0.547205-2.137871j,0.547237-2.135635j,0.000000
-0.144219-0.026761j,0.547205-2.137872j,0.547237-2.135634j,0.000000
-0.144219-0.026761j,0.547205-2.137873j,0.547237-2.135633j,0.000000
-0.144219-0.026761j,0.547205-2.137874j,0.547237-2.135632j,0.000000
-0.144219-0.026761j,0.547205-2.137875j,0.547237-2.135631j,0.000000
-0.144219-0.026761j,0.547205-2.137876j,0.547237-2.135630j,0.000000
-0.144219-0.026761j,0.547205-2.137877j,0.547237-2.135629j,0.000000
-0.144219-0.026761j,0.547205-2.137878j,0.547237-2.135628j,0.000000
-0.144219-0.026761j,0.547205-2.137879j,0.547237-2.135627j,0.000000
-0.144219-0.026761j,0.547205-2.137880j,0.547237-2.135626j,0.000000
-0.144219-0.026761j,0.547205-2.137881j,0.547237-2.135625j,0.000000
-0.144219-0.026761j,0.547205-2.137882j,0.547237-2.135624j,0.000000
-0.144219-0.026761j,0.547205-2.137883j,0.547237-2.135623j,0.000000
-0.144219-0.026761j,0.547205-2.137884j,0.547237-2.135622j,0.000000
-0.144219-0.026761j,0.547204-2.137885j,0.547237-2.135621j,0.000000
-0.144219-0.026761j,0.547204-2.137886j,0.547237-2.135620j,0.000000
-0.144219-0.026761j,0.547204-2.137887j,0.547237-2.135619j,0.000000
-0.144219-0.026761j,0.547204-2.137888j,0.547237-2.135618j,0.000000
-0.144219-0.026761j,0.547204-2.137889j,0.547237-2.135617j,0.000000
-0.144219-0.026761j,0.547204-2.137890j,0.547237-2.135616j,0.000000
-0.144219-0.026761j,0.547204-2.137891j,0.547237-2.135615j,0.000000
-0.144219-0.026761j,0.547204-2.137892j,0.547237-2.135614j,0.000000
-0.144219-0.026761j,0.547204-2.137893j,0.547237-2.135613j,0.000000
-0.144219-0.026761j,0.547204-2.137894j,0.547237-2.135612j,0.000000
-0.144219-0.026761j,0.547204-2.137895j,0.547237-2.135611j,0.000000
-0.144219-0.026761j,0.547204-2.137896j,0.547237-2.135610j,0.000000
-0.144219-0.026761j,0.547204-2.137897j,0.547237-2.135609j,0.000000
-0.144219-0.026761j,0.547204-2.137898j,0.547237-2.135608j,0.000000
-0.144219-0.026761j,0.547204-2.137899j,0.547237-2.135607j,0.000000
-0.144219-0.026761j,0.547204-2.137900j,0.547237-2.135606j,0.000000
-0.144219-0.026761j,0.547204-2.137901j,0.547237-2.135605j,0.000000
-0.144219-0.026761j,0.547204-2.137902j,0.547237-2.135604j,0.000000
-0.144219-0.026761j,0.547204-2.137903j,0.547237-2.135603j,0.000000
-0.144219-0.026761j,0.547204-2.137904j,0.547237-2.135602j,0.000000
-0.144219-0.026761j,0.547204-2.137905j,0.547237-2.135601j,0.000000
-0.144219-0.026761j,0.547204-2.137906j,0.547237-2.135600j,0.000000
-0.144219-0.026761j,0.547204-2.137907j,0.547237-2.135599j,0.000000
-0.144219-0.026761j,0.547204-2.137908j,0.547237-2.135598j,0.000000
-0.144219-0.026761j,0.547204-2.137909j,0.547237-2.135597j,0.000000
-0.144219-0.026761j,0.547204-2.137910j,0.547237-2.135596j,0.000000
-0.144219-0.026761j,0.547204-2.137911j,0.547237-2.135595j,0.000000
-0.144219-0.026761j,0.547204-2.137912j,0.547237-2.135594j,0.000000
-0.144219-0.026761j,0.547204-2.137913j,0.547237-2.135593j,0.000000
-0.144219-0.026761j,0.547204-2.137914j,0.547237-2.135592j,0.000000
-0.144219-0.026761j,0.547204-2.137915j,0.547237-2.135591j,0.000000
-0.144219-0.026761j,0.547204-2.137916j,0.547237-2.135590j,0.000000
-0.144219-0.026761j,0.547204-2.137917j,0.547237-2.135589j,0.000000
-0.144219-0.026761j,0.547204-2.137918j,0.547237-2.135588j,0.000000
-0.144219-0.026761j,0.547203-2.137919j,0.547237-2.135587j,0.000000
-0.144219-0.026761j,0.547203-2.137920j,0.547237-2.135587j,0.000000
-0.144219-0.026761j,0.547203-2.137921j,0.547237-2.135586j,0.000000
-0.144219-0.026761j,0.547203-2.137922j,0.547237-2.135585j,0.000000
-0.144219-0.026761j,0.547203-2.137923j,0.547237-2.135584j,0.000000
-0.144219-0.026761j,0.547203-2.137924j,0.547237-2.135583j,0.000000
-0.144219-0.026761j,0.547203-2.137925j,0.547237-2.135582j,0.000000
-0.144219-0.026761j,0.547203-2.137925j,0.547237-2.135581j,0.000000
-0.144219-0.026761j,0.547203-2.137926j,0.547237-2.135580j,0.000000
-0.144219-0.026761j,0.547203-2.137927j,0.547237-2.135579j,0.000000
-0.144219-0.026761j,0.547203-2.137928j,0.547237-2.135578j,0.000000
-0.144219-0.026761j,0.547203-2.137929j,0.547237-2.135577j,0.000000
-0.144219-0.026761j,0.547203-2.137930j,0.547237-2.135576j,0.000000
-0.144220-0.026761j,0.547203-2.137931j,0.547237-2.135575j,0.000000
-0.144220-0.026761j,0.547203-2.137932j,0.547237-2.135574j,0.000000
-0.144220-0.026761j,0.547203-2.137933j,0.547237-2.135573j,0.000000
-0.144220-0.026761j,0.547203-2.137934j,0.547237-2.135572j,0.000000
-0.144220-0.026761j,0.547203-2.137935j,0.547237-2.135571j,0.000000
-0.144220-0.026761j,0.547203-2.137936j,0.547237-2.135570j,0.000000
-0.144220-0.026761j,0.547203-2.137937j,0.547237-2.135570j,0.000000
-0.144220-0.026761j,0.547203-2.137938j,0.547237-2.135569j,0.000000
-0.144220-0.026761j,0.547203-2.137939j,0.547237-2.135568j,0.000000
-0.144220-0.026761j,0.547203-2.137939j,0.547237-2.135567j,0.000000
-0.144220-0.026761j,0.547203-2.137940j,0.547237-2.135566j,0.000000
-0.144220-0.026761j,0.547203-2.137941j,0.547237-2.135565j,0.000000
-0.144220-0.026761j,0.547203-2.137942j,0.547237-2.135564j,0.000000
-0.144220-0.026761j,0.547203-2.137943j,0.547237-2.135563j,0.000000
-0.144220-0.026761j,0.547203-2.137944j,0.547237-2.135562j,0.000000
-0.144220-0.026761j,0.547203-2.137945j,0.547238-2.135561j,0.000000
-0.144220-0.026761j,0.547203-2.137946j,0.547238-2.135560j,0.000000
-0.144220-0.026761j,0.547203-2.137947j,0.547238-2.135559j,0.000000
-0.144220-0.026761j,0.547203-2.137948j,0.547238-2.135559j,0.000000
-0.144220-0.026761j,0.547203-2.137949j,0.547238-2.135558j,0.000000
-0.144220-0.026761j,0.547203-2.137950j,0.547238-2.135557j,0.000000
-0.144220-0.026761j,0.547203-2.137950j,0.547238-2.135556j,0.000000
-0.144220-0.026761j,0.547203-2.137951j,0.547238-2.135555j,0.000000
-0.144220-0.026761j,0.547202-2.137952j,0.547238-2.135554j,0.000000
-0.144220-0.026761j,0.547202-2.137953j,0.547238-2.135553j,0.000000
-0.144220-0.026761j,0.547202-2.137954j,0.547238-2.135552j,0.000000
-0.144220-0.026761j,0.547202-2.137955j,0.547238-2.135551j,0.000000
-0.144220-0.026761j,0.547202-2.137956j,0.547238-2.135550j,0.000000
-0.144220-0.026761j,0.547202-2.137957j,0.547238-2.135549j,0.000000
-0.144220-0.026761j,0.547202-2.137958j,0.547238-2.135549j,0.000000
-0.144220-0.026761j,0.547202-2.137959j,0.547238-2.135548j,0.000000
-0.144220-0.026761j,0.547202-2.137959j,0.547238-2.135547j,0.000000
-0.144220-0.026761j,0.547202-2.137960j,0.547238-2.135546j,0.000000
-0.144220-0.026761j,0.547202-2.137961j,0.547238-2.135545j,0.000000
-0.144220-0.026761j,0.547202-2.137962j,0.547238-2.135544j,0.000000
-0.144220-0.026761j,0.547202-2.137963j,0.547238-2.135543j,0.000000
-0.144220-0.026761j,0.547202-2.137964j,0.547238-2.135542j,0.000000
-0.144220-0.026761j,0.547202-2.137965j,0.547238-2.135541j,0.000000
-0.144220-0.026761j,0.547202-2.137966j,0.547238-2.135541j,0.000000
-0.144220-0.026761j,0.547202-2.137967j,0.547238-2.135540j,0.000000
-0.144220-0.026761j,0.547202-2.137967j,0.547238-2.135539j,0.000000
-0.144220-0.026761j,0.547202-2.137968j,0.547238-2.135538j,0.000000
-0.144220-0.026761j,0.547202-2.137969j,0.547238-2.135537j,0.000000
-0.144220-0.026761j,0.547202-2.137970j,0.547238-2.135536j,0.000000
-0.144220-0.026761j,0.547202-2.137971j,0.547238-2.135535j,0.000000
-0.144220-0.026761j,0.547202-2.137972j,0.547238-2.135534j,0.000000
-0.144220-0.026761j,0.547202-2.137973j,0.547238-2.135534j,0.000000
-0.144220-0.026761j,0.547202-2.137974j,0.547238-2.135533j,0.000000
-0.144220-0.026761j,0.547202-2.137975j,0.547238-2.135532j,0.000000
-0.144220-0.026761j,0.547202-2.137975j,0.547238-2.135531j,0.000000
-0.144220-0.026761j,0.547202-2.137976j,0.547238-2.135530j,0.000000
-0.144220-0.026761j,0.547202-2.137977j,0.547238-2.135529j,0.000000
-0.144220-0.026761j,0.547202-2.137978j,0.547238-2.135528j,0.000000
-0.144220-0.026761j,0.547202-2.137979j,0.547238-2.135527j,0.000000
-0.144220-0.026761j,0.547202-2.137980j,0.547238-2.135527j,0.000000
-0.144220-0.026761j,0.547202-2.137981j,0.547238-2.135526j,0.000000
-0.144220-0.026761j,0.547202-2.137981j,0.547238-2.135525j,0.000000
-0.144220-0.026761j,0.547202-2.137982j,0.547238-2.135524j,0.000000
-0.144220-0.026761j,0.547202-2.137983j,0.547238-2.135523j,0.000000
-0.144220-0.026761j,0.547202-2.137984j,0.547238-2.135522j,0.000000
-0.144220-0.026761j,0.547202-2.137985j,0.547238-2.135521j,0.000000
-0.144220-0.026761j,0.547201-2.137986j,0.547238-2.135521j,0.000000
-0.144220-0.026761j,0.547201-2.137987j,0.547238-2.135520j,0.000000
-0.144220-0.026761j,0.547201-2.137987j,0.547238-2.135519j,0.000000
-0.144220-0.026761j,0.547201-2.137988j,0.547238-2.135518j,0.000000
-0.144220-0.026761j,0.547201-2.137989j,0.547238-2.135517j,0.000000
-0.144220-0.026761j,0.547201-2.137990j,0.547238-2.135516j,0.000000
-0.144220-0.026761j,0.547201-2.137991j,0.547238-2.135515j,0.000000
-0.144220-0.026762j,0.547201-2.137992j,0.547238-2.135515j,0.000000
-0.144220-0.026762j,0.547201-2.137993j,0.547238-2.135514j,0.000000
-0.144220-0.026762j,0.547201-2.137993j,0.547238-2.135513j,0.000000
-0.144220-0.026762j,0.547201-2.137994j,0.547238-2.135512j,0.000000
-0.144220-0.026762j,0.547201-2.137995j,0.547238-2.135511j,0.000000
-0.144220-0.026762j,0.547201-2.137996j,0.547238-2.135510j,0.000000
-0.144220-0.026762j,0.547201-2.137997j,0.547238-2.135509j,0.000000
-0.144220-0.026762j,0.547201-2.137998j,0.547238-2.135509j,0.000000
-0.144220-0.026762j,0.547201-2.137998j,0.547238-2.135508j,0.000000
-0.144220-0.026762j,0.547201-2.137999j,0.547238-2.135507j,0.000000
-0.144220-0.026762j,0.547201-2.138000j,0.547238-2.135506j,0.000000
-0.144220-0.026762j,0.547201-2.138001j,0.547238-2.135505j,0.000000
-0.144220-0.026762j,0.547201-2.138002j,0.547238-2.135504j,0.000000
-0.144220-0.026762j,0.547201-2.138003j,0.547238-2.135504j,0.000000
-0.144220-0.026762j,0.547201-2.138003j,0.547238-2.135503j,0.000000
-0.144220-0.026762j,0.547201-2.138004j,0.547238-2.135502j,0.000000
-0.144220-0.026762j,0.547201-2.138005j,0.547238-2.135501j,0.000000
-0.144220-0.026762j,0.547201-2.138006j,0.547238-2.135500j,0.000000
-0.144220-0.026762j,0.547201-2.138007j,0.547238-2.135499j,0.000000
-0.144220-0.026762j,0.547201-2.138008j,0.547238-2.135499j,0.000000
-0.144220-0.026762j,0.547201-2.138008j,0.547238-2.135498j,0.000000
-0.144220-0.026762j,0.547201-2.138009j,0.547238-2.135497j,0.000000
-0.144220-0.026762j,0.547201-2.138010j,0.547238-2.135496j,0.000000
-0.144220-0.026762j,0.547201-2.138011j,0.547238-2.135495j,0.000000
-0.144220-0.026762j,0.547201-2.138012j,0.547238-2.135495j,0.000000
-0.144220-0.026762j,0.547201-2.138013j,0.547238-2.135494j,0.000000
-0.144220-0.026762j,0.547201-2.138013j,0.547238-2.135493j,0.000000
-0.144220-0.026762j,0.547201-2.138014j,0.547238-2.135492j,0.000000
-0.144220-0.026762j,0.547201-2.138015j,0.547238-2.135491j,0.000000
-0.144220-0.026762j,0.547201-2.138016j,0.547238-2.135490j,0.000000
-0.144220-0.026762j,0.547201-2.138017j,0.547238-2.135490j,0.000000
-0.144220-0.026762j,0.547201-2.138017j,0.547238-2.135489j,0.000000
-0.144220-0.026762j,0.547201-2.138018j,0.547238-2.135488j,0.000000
-0.144220-0.026762j,0.547201-2.138019j,0.547238-2.135487j,0.000000
-0.144220-0.026762j,0.547200-2.138020j,0.547238-2.135486j,0.000000
-0.144220-0.026762j,0.547200-2.138021j,0.547238-2.135486j,0.000000
-0.144220-0.026762j,0.547200-2.138022j,0.547238-2.135485j,0.000000
-0.144220-0.026762j,0.547200-2.138022j,0.547238-2.135484j,0.000000
-0.144220-0.026762j,0.547200-2.138023j,0.547238-2.135483j,0.000000
-0.144220-0.026762j,0.547200-2.138024j,0.547238-2.135482j,0.000000
-0.144220-0.026762j,0.547200-2.138025j,0.547238-2.135482j,0.000000
-0.144220-0.026762j,0.547200-2.138026j,0.547238-2.135481j,0.000000
-0.144220-0.026762j,0.547200-2.138026j,0.547238-2.135480j,0.000000
-0.144220-0.026762j,0.547200-2.138027j,0.547238-2.135479j,0.000000
-0.144220-0.026762j,0.547200-2.138028j,0.547238-2.135478j,0.000000
-0.144220-0.026762j,0.547200-2.138029j,0.547238-2.135478j,0.000000
-0.144220-0.026762j,0.547200-2.138030j,0.547238-2.135477j,0.000000
-0.144220-0.026762j,0.547200-2.138030j,0.547238-2.135476j,0.000000
-0.144220-0.026762j,0.547200-2.138031j,0.547238-2.135475j,0.000000
-0.144220-0.026762j,0.547200-2.138032j,0.547238-2.135474j,0.000000
-0.144220-0.026762j,0.547200-2.138033j,0.547238-2.135474j,0.000000
-0.144220-0.026762j,0.547200-2.138034j,0.547238-2.135473j,0.000000
-0.144220-0.026762j,0.547200-2.138034j,0.547238-2.135472j,0.000000
-0.144220-0.026762j,0.547200-2.138035j,0.547238-2.135471j,0.000000
-0.144220-0.026762j,0.547200-2.138036j,0.547238-2.135470j,0.000000
-0.144220-0.026762j,0.547200-2.138037j,0.547238-2.135470j,0.000000
-0.144220-0.026762j,0.547200-2.138038j,0.547238-2.135469j,0.000000
-0.144220-0.026762j,0.547200-2.138038j,0.547238-2.135468j,0.000000
-0.144220-0.026762j,0.547200-2.138039j,0.547238-2.135467j,0.000000
-0.144220-0.026762j,0.547200-2.138040j,0.547238-2.135466j,0.000000
-0.144220-0.026762j,0.547200-2.138041j,0.547238-2.135466j,0.000000
-0.144220-0.026762j,0.547200-2.138041j,0.547238-2.135465j,0.000000
-0.144220-0.026762j,0.547200-2.138042j,0.547238-2.135464j,0.000000
-0.144220-0.026762j,0.547200-2.138043j,0.547238-2.135463j,0.000000
-0.144220-0.026762j,0.547200-2.138044j,0.547238-2.135462j,0.000000
-0.144220-0.026762j,0.547200-2.138045j,0.547238-2.135462j,0.000000
-0.144220-0.026762j,0.547200-2.138045j,0.547238-2.135461j,0.000000
-0.144220-0.026762j,0.547200-2.138046j,0.547238-2.135460j,0.000000
-0.144220-0.026762j,0.547200-2.138047j,0.547238-2.135459j,0.000000
-0.144220-0.026762j,0.547200-2.138048j,0.547238-2.135459j,0.000000
-0.144220-0.026762j,0.547200-2.138048j,0.547238-2.135458j,0.000000
-0.144220-0.026762j,0.547200-2.138049j,0.547238-2.135457j,0.000000
-0.144220-0.026762j,0.547200-2.138050j,0.547238-2.135456j,0.000000
-0.144220-0.026762j,0.547200-2.138051j,0.547238-2.135456j,0.000000
-0.144220-0.026762j,0.547200-2.138052j,0.547238-2.135455j,0.000000
-0.144220-0.026762j,0.547200-2.138052j,0.547238-2.135454j,0.000000
-0.144220-0.026762j,0.547199-2.138053j,0.547238-2.135453j,0.000000
-0.144220-0.026762j,0.547199-2.138054j,0.547238-2.135452j,0.000000
-0.144220-0.026762j,0.547199-2.138055j,0.547238-2.135452j,0.000000
-0.144220-0.026762j,0.547199-2.138055j,0.547238-2.135451j,0.000000
-0.144220-0.026762j,0.547199-2.138056j,0.547238-2.135450j,0.000000
-0.144220-0.026762j,0.547199-2.138057j,0.547238-2.135449j,0.000000
-0.144220-0.026762j,0.547199-2.138058j,0.547238-2.135449j,0.000000
-0.144220-0.026762j,0.547199-2.138058j,0.547238-2.135448j,0.000000
-0.144220-0.026762j,0.547199-2.138059j,0.547238-2.135447j,0.000000
-0.144220-0.026762j,0.547199-2.138060j,0.547238-2.135446j,0.000000
-0.144220-0.026762j,0.547199-2.138061j,0.547238-2.135446j,0.000000
-0.144220-0.026762j,0.547199-2.138062j,0.547238-2.135445j,0.000000
-0.144220-0.026762j,0.547199-2.138062j,0.547238-2.135444j,0.000000
-0.144220-0.026762j,0.547199-2.138063j,0.547238-2.135443j,0.000000
-0.144220-0.026762j,0.547199-2.138064j,0.547238-2.135443j,0.000000
-0.144220-0.026762j,0.547199-2.138065j,0.547238-2.135442j,0.000000
-0.144220-0.026762j,0.547199-2.138065j,0.547238-2.135441j,0.000000
-0.144220-0.026762j,0.547199-2.138066j,0.547238-2.135440j,0.000000
-0.144220-0.026762j,0.547199-2.138067j,0.547238-2.135439j,0.000000
-0.144220-0.026762j,0.547199-2.138068j,0.547238-2.135439j,0.000000
-0.144220-0.026762j,0.547199-2.138068j,0.547238-2.135438j,0.000000
-0.144220-0.026762j,0.547199-2.138069j,0.547238-2.135437j,0.000000
-0.144220-0.026762j,0.547199-2.138070j,0.547238-2.135436j,0.000000
-0.144220-0.026762j,0.547199-2.138071j,0.547238-2.135436j,0.000000
-0.144220-0.026762j,0.547199-2.138071j,0.547238-2.135435j,0.000000
-0.144220-0.026762j,0.547199-2.138072j,0.547238-2.135434j,0.000000
-0.144220-0.026762j,0.547199-2.138073j,0.547238-2.135433j,0.000000
-0.144220-0.026762j,0.547199-2.138074j,0.547238-2.135433j,0.000000
-0.144220-0.026762j,0.547199-2.138074j,0.547238-2.135432j,0.000000
-0.144221-0.026762j,0.547199-2.138075j,0.547238-2.135431j,0.000000
-0.144221-0.026762j,0.547199-2.138076j,0.547238-2.135430j,0.000000
-0.144221-0.026762j,0.547199-2.138077j,0.547238-2.135430j,0.000000
-0.144221-0.026762j,0.547199-2.138077j,0.547238-2.135429j,0.000000
-0.144221-0.026762j,0.547199-2.138078j,0.547238-2.135428j,0.000000
-0.144221-0.026762j,0.547199-2.138079j,0.547238-2.135428j,0.000000
-0.144221-0.026762j,0.547199-2.138080j,0.547238-2.135427j,0.000000
-0.144221-0.026762j,0.547199-2.138080j,0.547238-2.135426j,0.000000
-0.144221-0.026762j,0.547199-2.138081j,0.547239-2.135425j,0.000000
-0.144221-0.026762j,0.547199-2.138082j,0.547239-2.135425j,0.000000
-0.144221-0.026762j,0.547199-2.138082j,0.547239-2.135424j,0.000000
-0.144221-0.026762j,0.547199-2.138083j,0.547239-2.135423j,0.000000
-0.144221-0.026762j,0.547199-2.138084j,0.547239-2.135422j,0.000000
-0.144221-0.026762j,0.547199-2.138085j,0.547239-2.135422j,0.000000
-0.144221-0.026762j,0.547199-2.138085j,0.547239-2.135421j,0.000000
-0.144221-0.026762j,0.547198-2.138086j,0.547239-2.135420j,0.000000
-0.144221-0.026762j,0.547198-2.138087j,0.547239-2.135419j,0.000000
-0.144221-0.026762j,0.547198-2.138088j,0.547239-2.135419j,0.000000
-0.144221-0.026762j,0.547198-2.138088j,0.547239-2.135418j,0.000000
-0.144221-0.026762j,0.547198-2.138089j,0.547239-2.135417j,0.000000
-0.144221-0.026762j,0.547198-2.138090j,0.547239-2.135417j,0.000000
-0.144221-0.026762j,0.547198-2.138091j,0.547239-2.135416j,0.000000
-0.144221-0.026762j,0.547198-2.138091j,0.547239-2.135415j,0.000000
-0.144221-0.026762j,0.547198-2.138092j,0.547239-2.135414j,0.000000
-0.144221-0.026762j,0.547198-2.138093j,0.547239-2.135414j,0.000000
-0.144221-0.026762j,0.547198-2.138093j,0.547239-2.135413j,0.000000
-0.144221-0.026762j,0.547198-2.138094j,0.547239-2.135412j,0.000000
-0.144221-0.026762j,0.547198-2.138095j,0.547239-2.135411j,0.000000
-0.144221-0.026762j,0.547198-2.138096j,0.547239-2.135411j,0.000000
-0.144221-0.026762j,0.547198-2.138096j,0.547239-2.135410j,0.000000
-0.144221-0.026762j,0.547198-2.138097j,0.547239-2.135409j,0.000000
-0.144221-0.026762j,0.547198-2.138098j,0.547239-2.135409j,0.000000
-0.144221-0.026762j,0.547198-2.138098j,0.547239-2.135408j,0.000000
-0.144221-0.026762j,0.547198-2.138099j,0.547239-2.135407j,0.000000
-0.144221-0.026762j,0.547198-2.138100j,0.547239-2.135406j,0.000000
-0.144221-0.026762j,0.547198-2.138101j,0.547239-2.135406j,0.000000
-0.144221-0.026762j,0.547198-2.138101j,0.547239-2.135405j,0.000000
-0.144221-0.026762j,0.547198-2.138102j,0.547239-2.135404j,0.000000
-0.144221-0.026762j,0.547198-2.138103j,0.547239-2.135404j,0.000000
-0.144221-0.026762j,0.547198-2.138103j,0.547239-2.135403j,0.000000
-0.144221-0.026762j,0.547198-2.138104j,0.547239-2.135402j,0.000000
-0.144221-0.026762j,0.547198-2.138105j,0.547239-2.135401j,0.000000
-0.144221-0.026762j,0.547198-2.138106j,0.547239-2.135401j,0.000000
-0.144221-0.026762j,0.547198-2.138106j,0.547239-2.135400j,0.000000
-0.144221-0.026762j,0.547198-2.138107j,0.547239-2.135399j,0.000000
-0.144221-0.026762j,0.547198-2.138108j,0.547239-2.135399j,0.000000
-0.144221-0.026762j,0.547198-2.138108j,0.547239-2.135398j,0.000000
-0.144221-0.026762j,0.547198-2.138109j,0.547239-2.135397j,0.000000
-0.144221-0.026762j,0.547198-2.138110j,0.547239-2.135396j,0.000000
-0.144221-0.026762j,0.547198-2.138111j,0.547239-2.135396j,0.000000
-0.144221-0.026762j,0.547198-2.138111j,0.547239-2.135395j,0.000000
-0.144221-0.026762j,0.547198-2.138112j,0.547239-2.135394j,0.000000
-0.144221-0.026762j,0.547198-2.138113j,0.547239-2.135394j,0.000000
-0.144221-0.026762j,0.547198-2.138113j,0.547239-2.135393j,0.000000
-0.144221-0.026762j,0.547198-2.138114j,0.547239-2.135392j,0.000000
-0.144221-0.026762j,0.547198-2.138115j,0.547239-2.135391j,0.000000
-0.144221-0.026762j,0.547198-2.138116j,0.547239-2.135391j,0.000000
-0.144221-0.026762j,0.547198-2.138116j,0.547239-2.135390j,0.000000
-0.144221-0.026762j,0.547198-2.138117j,0.547239-2.135389j,0.000000
-0.144221-0.026762j,0.547198-2.138118j,0.547239-2.135389j,0.000000
-0.144221-0.026762j,0.547198-2.138118j,0.547239-2.135388j,0.000000
-0.144221-0.026762j,0.547197-2.138119j,0.547239-2.135387j,0.000000
-0.144221-0.026762j,0.547197-2.138120j,0.547239-2.135387j,0.000000
-0.144221-0.026762j,0.547197-2.138120j,0.547239-2.135386j,0.000000
-0.144221-0.026762j,0.547197-2.138121j,0.547239-2.135385j,0.000000
-0.144221-0.026762j,0.547197-2.138122j,0.547239-2.135385j,0.000000
-0.144221-0.026762j,0.547197-2.138122j,0.547239-2.135384j,0.000000
-0.144221-0.026762j,0.547197-2.138123j,0.547239-2.135383j,0.000000
-0.144221-0.026762j,0.547197-2.138124j,0.547239-2.135382j,0.000000
-0.144221-0.026762j,0.547197-2.138125j,0.547239-2.135382j,0.000000
-0.144221-0.026762j,0.547197-2.138125j,0.547239-2.135381j,0.000000
-0.144221-0.026762j,0.547197-2.138126j,0.547239-2.135380j,0.000000
-0.144221-0.026762j,0.547197-2.138127j,0.547239-2.135380j,0.000000
-0.144221-0.026762j,0.547197-2.138127j,0.547239-2.135379j,0.000000
-0.144221-0.026762j,0.547197-2.138128j,0.547239-2.135378j,0.000000
-0.144221-0.026762j,0.547197-2.138129j,0.547239-2.135378j,0.000000
-0.144221-0.026762j,0.547197-2.138129j,0.547239-2.135377j,0.000000
-0.144221-0.026762j,0.547197-2.138130j,0.547239-2.135376j,0.000000
-0.144221-0.026762j,0.547197-2.138131j,0.547239-2.135376j,0.000000
-0.144221-0.026762j,0.547197-2.138131j,0.547239-2.135375j,0.000000
-0.144221-0.026762j,0.547197-2.138132j,0.547239-2.135374j,0.000000
-0.144221-0.026762j,0.547197-2.138133j,0.547239-2.135373j,0.000000
-0.144221-0.026762j,0.547197-2.138133j,0.547239-2.135373j,0.000000
-0.144221-0.026762j,0.547197-2.138134j,0.547239-2.135372j,0.000000
-0.144221-0.026762j,0.547197-2.138135j,0.547239-2.135371j,0.000000
-0.144221-0.026762j,0.547197-2.138136j,0.547239-2.135371j,0.000000
-0.144221-0.026762j,0.547197-2.138136j,0.547239-2.135370j,0.000000
-0.144221-0.026762j,0.547197-2.138137j,0.547239-2.135369j,0.000000
-0.144221-0.026762j,0.547197-2.138138j,0.547239-2.135369j,0.000000
-0.144221-0.026762j,0.547197-2.138138j,0.547239-2.135368j,0.000000
-0.144221-0.026762j,0.547197-2.138139j,0.547239-2.135367j,0.000000
-0.144221-0.026762j,0.547197-2.138140j,0.547239-2.135367j,0.000000
-0.144221-0.026762j,0.547197-2.138140j,0.547239-2.135366j,0.000000
-0.144221-0.026762j,0.547197-2.138141j,0.547239-2.135365j,0.000000
-0.144221-0.026762j,0.547197-2.138142j,0.547239-2.135365j,0.000000
-0.144221-0.026762j,0.547197-2.138142j,0.547239-2.135364j,0.000000
-0.144221-0.026762j,0.547197-2.138143j,0.547239-2.135363j,0.000000
-0.144221-0.026762j,0.547197-2.138144j,0.547239-2.135363j,0.000000
-0.144221-0.026762j,0.547197-2.138144j,0.547239-2.135362j,0.000000
-0.144221-0.026762j,0.547197-2.138145j,0.547239-2.135361j,0.000000
-0.144221-0.026762j,0.547197-2.138146j,0.547239-2.135361j,0.000000
-0.144221-0.026762j,0.547197-2.138146j,0.547239-2.135360j,0.000000
-0.144221-0.026762j,0.547197-2.138147j,0.547239-2.135359j,0.000000
-0.144221-0.026762j,0.547197-2.138148j,0.547239-2.135359j,0.000000
-0.144221-0.026762j,0.547197-2.138148j,0.547239-2.135358j,0.000000
-0.144221-0.026762j,0.547197-2.138149j,0.547239-2.135357j,0.000000
-0.144221-0.026762j,0.547197-2.138150j,0.547239-2.135357j,0.000000
-0.144221-0.026762j,0.547197-2.138150j,0.547239-2.135356j,0.000000
-0.144221-0.026762j,0.547197-2.138151j,0.547239-2.135355j,0.000000
-0.144221-0.026762j,0.547196-2.138152j,0.547239-2.135355j,0.000000
-0.144221-0.026762j,0.547196-2.138152j,0.547239-2.135354j,0.000000
-0.144221-0.026762j,0.547196-2.138153j,0.547239-2.135353j,0.000000
-0.144221-0.026762j,0.547196-2.138154j,0.547239-2.135353j,0.000000
-0.144221-0.026762j,0.547196-2.138154j,0.547239-2.135352j,0.000000
-0.144221-0.026762j,0.547196-2.138155j,0.547239-2.135351j,0.000000
-0.144221-0.026762j,0.547196-2.138156j,0.547239-2.135351j,0.000000
-0.144221-0.026762j,0.547196-2.138156j,0.547239-2.135350j,0.000000
-0.144221-0.026762j,0.547196-2.138157j,0.547239-2.135349j,0.000000
-0.144221-0.026762j,0.547196-2.138158j,0.547239-2.135349j,0.000000
-0.144221-0.026762j,0.547196-2.138158j,0.547239-2.135348j,0.000000
-0.144221-0.026762j,0.547196-2.138159j,0.547239-2.135347j,0.000000
-0.144221-0.026762j,0.547196-2.138160j,0.547239-2.135347j,0.000000
-0.144221-0.026762j,0.547196-2.138160j,0.547239-2.135346j,0.000000
-0.144221-0.026762j,0.547196-2.138161j,0.547239-2.135345j,0.000000
-0.144221-0.026762j,0.547196-2.138162j,0.547239-2.135345j,0.000000
-0.144221-0.026762j,0.547196-2.138162j,0.547239-2.135344j,0.000000
-0.144221-0.026762j,0.547196-2.138163j,0.547239-2.135343j,0.000000
-0.144221-0.026762j,0.547196-2.138164j,0.547239-2.135343j,0.000000
-0.144221-0.026762j,0.547196-2.138164j,0.547239-2.135342j,0.000000
-0.144221-0.026762j,0.547196-2.138165j,0.547239-2.135341j,0.000000
-0.144221-0.026762j,0.547196-2.138166j,0.547239-2.135341j,0.000000
-0.144221-0.026762j,0.547196-2.138166j,0.547239-2.135340j,0.000000
-0.144221-0.026762j,0.547196-2.138167j,0.547239-2.135339j,0.000000
-0.144221-0.026762j,0.547196-2.138167j,0.547239-2.135339j,0.000000
-0.144221-0.026762j,0.547196-2.138168j,0.547239-2.135338j,0.000000
-0.144221-0.026762j,0.547196-2.138169j,0.547239-2.135338j,0.000000
-0.144221-0.026762j,0.547196-2.138169j,0.547239-2.135337j,0.000000
-0.144221-0.026762j,0.547196-2.138170j,0.547239-2.135336j,0.000000
-0.144221-0.026762j,0.547196-2.138171j,0.547239-2.135336j,0.000000
-0.144221-0.026762j,0.547196-2.138171j,0.547239-2.135335j,0.000000
-0.144221-0.026762j,0.547196-2.138172j,0.547239-2.135334j,0.000000
-0.144221-0.026762j,0.547196-2.138173j,0.547239-2.135334j,0.000000
-0.144221-0.026762j,0.547196-2.138173j,0.547239-2.135333j,0.000000
-0.144221-0.026762j,0.547196-2.138174j,0.547239-2.135332j,0.000000
-0.144221-0.026762j,0.547196-2.138175j,0.547239-2.135332j,0.000000
-0.144221-0.026762j,0.547196-2.138175j,0.547239-2.135331j,0.000000
-0.144221-0.026762j,0.547196-2.138176j,0.547239-2.135330j,0.000000
-0.144221-0.026762j,0.547196-2.138177j,0.547239-2.135330j,0.000000
-0.144221-0.026762j,0.547196-2.138177j,0.547239-2.135329j,0.000000
-0.144221-0.026762j,0.547196-2.138178j,0.547239-2.135329j,0.000000
-0.144221-0.026762j,0.547196-2.138178j,0.547239-2.135328j,0.000000
-0.144221-0.026762j,0.547196-2.138179j,0.547239-2.135327j,0.000000
-0.144221-0.026762j,0.547196-2.138180j,0.547239-2.135327j,0.000000
-0.144221-0.026762j,0.547196-2.138180j,0.547239-2.135326j,0.000000
-0.144221-0.026762j,0.547196-2.138181j,0.547239-2.135325j,0.000000
-0.144221-0.026762j,0.547196-2.138182j,0.547239-2.135325j,0.000000
-0.144221-0.026762j,0.547196-2.138182j,0.547239-2.135324j,0.000000
-0.144221-0.026762j,0.547196-2.138183j,0.547239-2.135323j,0.000000
-0.144221-0.026762j,0.547196-2.138184j,0.547239-2.135323j,0.000000
-0.144221-0.026762j,0.547195-2.138184j,0.547239-2.135322j,0.000000
-0.144221-0.026762j,0.547195-2.138185j,0.547239-2.135321j,0.000000
-0.144221-0.026762j,0.547195-2.138185j,0.547239-2.135321j,0.000000
-0.144221-0.026762j,0.547195-2.138186j,0.547239-2.135320j,0.000000
-0.144221-0.026762j,0.547195-2.138187j,0.547239-2.135320j,0.000000
-0.144221-0.026762j,0.547195-2.138187j,0.547239-2.135319j,0.000000
-0.144221-0.026762j,0.547195-2.138188j,0.547239-2.135318j,0.000000
-0.144221-0.026762j,0.547195-2.138189j,0.547239-2.135318j,0.000000
-0.144221-0.026762j,0.547195-2.138189j,0.547239-2.135317j,0.000000
-0.144221-0.026762j,0.547195-2.138190j,0.547239-2.135316j,0.000000
-0.144221-0.026762j,0.547195-2.138191j,0.547239-2.135316j,0.000000
-0.144221-0.026762j,0.547195-2.138191j,0.547239-2.135315j,0.000000
-0.144221-0.026762j,0.547195-2.138192j,0.547239-2.135315j,0.000000
-0.144221-0.026762j,0.547195-2.138192j,0.547239-2.135314j,0.000000
-0.144221-0.026762j,0.547195-2.138193j,0.547239-2.135313j,0.000000
-0.144221-0.026762j,0.547195-2.138194j,0.547239-2.135313j,0.000000
-0.144221-0.026762j,0.547195-2.138194j,0.547239-2.135312j,0.000000
-0.144221-0.026762j,0.547195-2.138195j,0.547239-2.135311j,0.000000
-0.144221-0.026762j,0.547195-2.138196j,0.547239-2.135311j,0.000000
-0.144221-0.026762j,0.547195-2.138196j,0.547239-2.135310j,0.000000
-0.144221-0.026762j,0.547195-2.138197j,0.547239-2.135310j,0.000000
-0.144221-0.026762j,0.547195-2.138197j,0.547239-2.135309j,0.000000
-0.144221-0.026762j,0.547195-2.138198j,0.547239-2.135308j,0.000000
-0.144221-0.026762j,0.547195-2.138199j,0.547239-2.135308j,0.000000
-0.144221-0.026762j,0.547195-2.138199j,0.547239-2.135307j,0.000000
-0.144221-0.026762j,0.547195-2.138200j,0.547239-2.135306j,0.000000
-0.144221-0.026762j,0.547195-2.138201j,0.547239-2.135306j,0.000000
-0.144221-0.026762j,0.547195-2.138201j,0.547239-2.135305j,0.000000
-0.144221-0.026762j,0.547195-2.138202j,0.547239-2.135305j,0.000000
-0.144221-0.026762j,0.547195-2.138202j,0.547239-2.135304j,0.000000
-0.144221-0.026762j,0.547195-2.138203j,0.547239-2.135303j,0.000000
-0.144221-0.026762j,0.547195-2.138204j,0.547239-2.135303j,0.000000
-0.144221-0.026762j,0.547195-2.138204j,0.547239-2.135302j,0.000000
-0.144221-0.026762j,0.547195-2.138205j,0.547239-2.135301j,0.000000
-0.144221-0.026762j,0.547195-2.138205j,0.547239-2.135301j,0.000000
-0.144222-0.026762j,0.547195-2.138206j,0.547239-2.135300j,0.000000
-0.144222-0.026762j,0.547195-2.138207j,0.547239-2.135300j,0.000000
-0.144222-0.026762j,0.547195-2.138207j,0.547239-2.135299j,0.000000
-0.144222-0.026762j,0.547195-2.138208j,0.547239-2.135298j,0.000000
-0.144222-0.026762j,0.547195-2.138209j,0.547239-2.135298j,0.000000
-0.144222-0.026762j,0.547195-2.138209j,0.547239-2.135297j,0.000000
-0.144222-0.026762j,0.547195-2.138210j,0.547239-2.135297j,0.000000
-0.144222-0.026762j,0.547195-2.138210j,0.547239-2.135296j,0.000000
-0.144222-0.026762j,0.547195-2.138211j,0.547239-2.135295j,0.000000
-0.144222-0.026762j,0.547195-2.138212j,0.547239-2.135295j,0.000000
-0.144222-0.026762j,0.547195-2.138212j,0.547239-2.135294j,0.000000
-0.144222-0.026762j,0.547195-2.138213j,0.547239-2.135293j,0.000000
-0.144222-0.026762j,0.547195-2.138213j,0.547239-2.135293j,0.000000
-0.144222-0.026762j,0.547195-2.138214j,0.547239-2.135292j,0.000000
-0.144222-0.026762j,0.547195-2.138215j,0.547239-2.135292j,0.000000
-0.144222-0.026762j,0.547195-2.138215j,0.547239-2.135291j,0.000000
-0.144222-0.026762j,0.547195-2.138216j,0.547239-2.135290j,0.000000
-0.144222-0.026762j,0.547194-2.138216j,0.547239-2.135290j,0.000000
-0.144222-0.026762j,0.547194-2.138217j,0.547239-2.135289j,0.000000
-0.144222-0.026762j,0.547194-2.138218j,0.547239-2.135289j,0.000000
-0.144222-0.026762j,0.547194-2.138218j,0.547239-2.135288j,0.000000
-0.144222-0.026762j,0.547194-2.138219j,0.547239-2.135287j,0.000000
-0.144222-0.026762j,0.547194-2.138220j,0.547239-2.135287j,0.000000
-0.144222-0.026762j,0.547194-2.138220j,0.547239-2.135286j,0.000000
-0.144222-0.026762j,0.547194-2.138221j,0.547239-2.135286j,0.000000
-0.144222-0.026762j,0.547194-2.138221j,0.547239-2.135285j,0.000000
-0.144222-0.026762j,0.547194-2.138222j,0.547239-2.135284j,0.000000
-0.144222-0.026762j,0.547194-2.138223j,0.547239-2.135284j,0.000000
-0.144222-0.026762j,0.547194-2.138223j,0.547239-2.135283j,0.000000
-0.144222-0.026762j,0.547194-2.138224j,0.547239-2.135283j,0.000000
-0.144222-0.026762j,0.547194-2.138224j,0.547239-2.135282j,0.000000
-0.144222-0.026762j,0.547194-2.138225j,0.547239-2.135281j,0.000000
-0.144222-0.026762j,0.547194-2.138226j,0.547239-2.135281j,0.000000
-0.144222-0.026762j,0.547194-2.138226j,0.547239-2.135280j,0.000000
-0.144222-0.026762j,0.547194-2.138227j,0.547239-2.135280j,0.000000
-0.144222-0.026762j,0.547194-2.138227j,0.547239-2.135279j,0.000000
-0.144222-0.026762j,0.547194-2.138228j,0.547239-2.135278j,0.000000
-0.144222-0.026762j,0.547194-2.138229j,0.547239-2.135278j,0.000000
-0.144222-0.026762j,0.547194-2.138229j,0.547239-2.135277j,0.000000
-0.144222-0.026762j,0.547194-2.138230j,0.547239-2.135277j,0.000000
-0.144222-0.026762j,0.547194-2.138230j,0.547239-2.135276j,0.000000
-0.144222-0.026762j,0.547194-2.138231j,0.547239-2.135275j,0.000000
-0.144222-0.026762j,0.547194-2.138232j,0.547239-2.135275j,0.000000
-0.144222-0.026762j,0.547194-2.138232j,0.547239-2.135274j,0.000000
-0.144222-0.026762j,0.547194-2.138233j,0.547239-2.135274j,0.000000
-0.144222-0.026762j,0.547194-2.138233j,0.547239-2.135273j,0.000000
-0.144222-0.026762j,0.547194-2.138234j,0.547239-2.135272j,0.000000
-0.144222-0.026762j,0.547194-2.138235j,0.547239-2.135272j,0.000000
-0.144222-0.026762j,0.547194-2.138235j,0.547239-2.135271j,0.000000
-0.144222-0.026762j,0.547194-2.138236j,0.547239-2.135271j,0.000000
-0.144222-0.026762j,0.547194-2.138236j,0.547239-2.135270j,0.000000
-0.144222-0.026762j,0.547194-2.138237j,0.547239-2.135269j,0.000000
-0.144222-0.026762j,0.547194-2.138237j,0.547239-2.135269j,0.000000
-0.144222-0.026762j,0.547194-2.138238j,0.547239-2.135268j,0.000000
-0.144222-0.026762j,0.547194-2.138239j,0.547239-2.135268j,0.000000
-0.144222-0.026762j,0.547194-2.138239j,0.547239-2.135267j,0.000000
-0.144222-0.026762j,0.547194-2.138240j,0.547239-2.135267j,0.000000
-0.144222-0.026762j,0.547194-2.138240j,0.547239-2.135266j,0.000000
-0.144222-0.026762j,0.547194-2.138241j,0.547239-2.135265j,0.000000
-0.144222-0.026762j,0.547194-2.138242j,0.547239-2.135265j,0.000000
-0.144222-0.026762j,0.547194-2.138242j,0.547239-2.135264j,0.000000
-0.144222-0.026762j,0.547194-2.138243j,0.547239-2.135264j,0.000000
-0.144222-0.026762j,0.547194-2.138243j,0.547239-2.135263j,0.000000
-0.144222-0.026762j,0.547194-2.138244j,0.547239-2.135262j,0.000000
-0.144222-0.026762j,0.547194-2.138245j,0.547239-2.135262j,0.000000
-0.144222-0.026762j,0.547194-2.138245j,0.547239-2.135261j,0.000000
-0.144222-0.026762j,0.547194-2.138246j,0.547239-2.135261j,0.000000
-0.144222-0.026762j,0.547194-2.138246j,0.547239-2.135260j,0.000000
-0.144222-0.026762j,0.547194-2.138247j,0.547239-2.135259j,0.000000
-0.144222-0.026762j,0.547194-2.138247j,0.547239-2.135259j,0.000000
-0.144222-0.026762j,0.547194-2.138248j,0.547239-2.135258j,0.000000
-0.144222-0.026762j,0.547193-2.138249j,0.547239-2.135258j,0.000000
-0.144222-0.026762j,0.547193-2.138249j,0.547239-2.135257j,0.000000
-0.144222-0.026762j,0.547193-2.138250j,0.547239-2.135257j,0.000000
-0.144222-0.026762j,0.547193-2.138250j,0.547239-2.135256j,0.000000
-0.144222-0.026762j,0.547193-2.138251j,0.547239-2.135255j,0.000000
-0.144222-0.026762j,0.547193-2.138252j,0.547239-2.135255j,0.000000
-0.144222-0.026762j,0.547193-2.138252j,0.547239-2.135254j,0.000000
-0.144222-0.026762j,0.547193-2.138253j,0.547239-2.135254j,0.000000
-0.144222-0.026762j,0.547193-2.138253j,0.547239-2.135253j,0.000000
-0.144222-0.026762j,0.547193-2.138254j,0.547239-2.135253j,0.000000
-0.144222-0.026762j,0.547193-2.138254j,0.547239-2.135252j,0.000000
-0.144222-0.026762j,0.547193-2.138255j,0.547239-2.135251j,0.000000
-0.144222-0.026762j,0.547193-2.138256j,0.547239-2.135251j,0.000000
-0.144222-0.026762j,0.547193-2.138256j,0.547239-2.135250j,0.000000
-0.144222-0.026762j,0.547193-2.138257j,0.547239-2.135250j,0.000000
-0.144222-0.026762j,0.547193-2.138257j,0.547239-2.135249j,0.000000
-0.144222-0.026762j,0.547193-2.138258j,0.547239-2.135248j,0.000000
-0.144222-0.026762j,0.547193-2.138258j,0.547239-2.135248j,0.000000
-0.144222-0.026762j,0.547193-2.138259j,0.547239-2.135247j,0.000000
-0.144222-0.026762j,0.547193-2.138260j,0.547239-2.135247j,0.000000
-0.144222-0.026762j,0.547193-2.138260j,0.547239-2.135246j,0.000000
-0.144222-0.026762j,0.547193-2.138261j,0.547239-2.135246j,0.000000
-0.144222-0.026762j,0.547193-2.138261j,0.547239-2.135245j,0.000000
-0.144222-0.026762j,0.547193-2.138262j,0.547239-2.135244j,0.000000
-0.144222-0.026762j,0.547193-2.138262j,0.547239-2.135244j,0.000000
-0.144222-0.026762j,0.547193-2.138263j,0.547239-2.135243j,0.000000
-0.144222-0.026762j,0.547193-2.138264j,0.547239-2.135243j,0.000000
-0.144222-0.026762j,0.547193-2.138264j,0.547239-2.135242j,0.000000
-0.144222-0.026762j,0.547193-2.138265j,0.547239-2.135242j,0.000000
-0.144222-0.026762j,0.547193-2.138265j,0.547239-2.135241j,0.000000
-0.144222-0.026762j,0.547193-2.138266j,0.547239-2.135240j,0.000000
-0.144222-0.026762j,0.547193-2.138266j,0.547239-2.135240j,0.000000
-0.144222-0.026762j,0.547193-2.138267j,0.547239-2.135239j,0.000000
-0.144222-0.026762j,0.547193-2.138268j,0.547239-2.135239j,0.000000
-0.144222-0.026762j,0.547193-2.138268j,0.547239-2.135238j,0.000000
-0.144222-0.026762j,0.547193-2.138269j,0.547239-2.135238j,0.000000
-0.144222-0.026762j,0.547193-2.138269j,0.547239-2.135237j,0.000000
-0.144222-0.026762j,0.547193-2.138270j,0.547239-2.135237j,0.000000
-0.144222-0.026762j,0.547193-2.138270j,0.547240-2.135236j,0.000000
-0.144222-0.026762j,0.547193-2.138271j,0.547240-2.135235j,0.000000
-0.144222-0.026762j,0.547193-2.138272j,0.547240-2.135235j,0.000000
-0.144222-0.026762j,0.547193-2.138272j,0.547240-2.135234j,0.000000
-0.144222-0.026762j,0.547193-2.138273j,0.547240-2.135234j,0.000000
-0.144222-0.026762j,0.547193-2.138273j,0.547240-2.135233j,0.000000
-0.144222-0.026762j,0.547193-2.138274j,0.547240-2.135233j,0.000000
-0.144222-0.026762j,0.547193-2.138274j,0.547240-2.135232j,0.000000
-0.144222-0.026762j,0.547193-2.138275j,0.547240-2.135231j,0.000000
-0.144222-0.026762j,0.547193-2.138275j,0.547240-2.135231j,0.000000
-0.144222-0.026762j,0.547193-2.138276j,0.547240-2.135230j,0.000000
-0.144222-0.026762j,0.547193-2.138277j,0.547240-2.135230j,0.000000
-0.144222-0.026762j,0.547193-2.138277j,0.547240-2.135229j,0.000000
-0.144222-0.026762j,0.547193-2.138278j,0.547240-2.135229j,0.000000
-0.144222-0.026762j,0.547193-2.138278j,0.547240-2.135228j,0.000000
-0.144222-0.026762j,0.547193-2.138279j,0.547240-2.135228j,0.000000
-0.144222-0.026762j,0.547193-2.138279j,0.547240-2.135227j,0.000000
-0.144222-0.026762j,0.547193-2.138280j,0.547240-2.135226j,0.000000
-0.144222-0.026762j,0.547192-2.138280j,0.547240-2.135226j,0.000000
-0.144222-0.026762j,0.547192-2.138281j,0.547240-2.135225j,0.000000
-0.144222-0.026762j,0.547192-2.138282j,0.547240-2.135225j,0.000000
-0.144222-0.026762j,0.547192-2.138282j,0.547240-2.135224j,0.000000
-0.144222-0.026762j,0.547192-2.138283j,0.547240-2.135224j,0.000000
-0.144222-0.026762j,0.547192-2.138283j,0.547240-2.135223j,0.000000
-0.144222-0.026762j,0.547192-2.138284j,0.547240-2.135223j,0.000000
-0.144222-0.026762j,0.547192-2.138284j,0.547240-2.135222j,0.000000
-0.144222-0.026762j,0.547192-2.138285j,0.547240-2.135221j,0.000000
-0.144222-0.026762j,0.547192-2.138285j,0.547240-2.135221j,0.000000
-0.144222-0.026762j,0.547192-2.138286j,0.547240-2.135220j,0.000000
-0.144222-0.026762j,0.547192-2.138287j,0.547240-2.135220j,0.000000
-0.144222-0.026762j,0.547192-2.138287j,0.547240-2.135219j,0.000000
-0.144222-0.026762j,0.547192-2.138288j,0.547240-2.135219j,0.000000
-0.144222-0.026762j,0.547192-2.138288j,0.547240-2.135218j,0.000000
-0.144222-0.026762j,0.547192-2.138289j,0.547240-2.135218j,0.000000
-0.144222-0.026762j,0.547192-2.138289j,0.547240-2.135217j,0.000000
-0.144222-0.026762j,0.547192-2.138290j,0.547240-2.135216j,0.000000
-0.144222-0.026762j,0.547192-2.138290j,0.547240-2.135216j,0.000000
-0.144222-0.026762j,0.547192-2.138291j,0.547240-2.135215j,0.000000
-0.144222-0.026762j,0.547192-2.138292j,0.547240-2.135215j,0.000000
-0.144222-0.026762j,0.547192-2.138292j,0.547240-2.135214j,0.000000
-0.144222-0.026762j,0.547192-2.138293j,0.547240-2.135214j,0.000000
-0.144222-0.026762j,0.547192-2.138293j,0.547240-2.135213j,0.000000
-0.144222-0.026762j,0.547192-2.138294j,0.547240-2.135213j,0.000000
-0.144222-0.026762j,0.547192-2.138294j,0.547240-2.135212j,0.000000
-0.144222-0.026762j,0.547192-2.138295j,0.547240-2.135211j,0.000000
-0.144222-0.026762j,0.547192-2.138295j,0.547240-2.135211j,0.000000
-0.144222-0.026762j,0.547192-2.138296j,0.547240-2.135210j,0.000000
-0.144222-0.026762j,0.547192-2.138297j,0.547240-2.135210j,0.000000
-0.144222-0.026762j,0.547192-2.138297j,0.547240-2.135209j,0.000000
-0.144222-0.026762j,0.547192-2.138298j,0.547240-2.135209j,0.000000
-0.144222-0.026762j,0.547192-2.138298j,0.547240-2.135208j,0.000000
-0.144222-0.026762j,0.547192-2.138299j,0.547240-2.135208j,0.000000
-0.144222-0.026762j,0.547192-2.138299j,0.547240-2.135207j,0.000000
-0.144222-0.026762j,0.547192-2.138300j,0.547240-2.135207j,0.000000
-0.144222-0.026762j,0.547192-2.138300j,0.547240-2.135206j,0.000000
-0.144222-0.026762j,0.547192-2.138301j,0.547240-2.135205j,0.000000
-0.144222-0.026762j,0.547192-2.138301j,0.547240-2.135205j,0.000000
-0.144222-0.026762j,0.547192-2.138302j,0.547240-2.135204j,0.000000
-0.144222-0.026762j,0.547192-2.138302j,0.547240-2.135204j,0.000000
-0.144222-0.026762j,0.547192-2.138303j,0.547240-2.135203j,0.000000
-0.144222-0.026762j,0.547192-2.138304j,0.547240-2.135203j,0.000000
-0.144222-0.026762j,0.547192-2.138304j,0.547240-2.135202j,0.000000
-0.144222-0.026762j,0.547192-2.138305j,0.547240-2.135202j,0.000000
-0.144222-0.026762j,0.547192-2.138305j,0.547240-2.135201j,0.000000
-0.144222-0.026762j,0.547192-2.138306j,0.547240-2.135201j,0.000000
-0.144222-0.026762j,0.547192-2.138306j,0.547240-2.135200j,0.000000
-0.144222-0.026762j,0.547192-2.138307j,0.547240-2.135200j,0.000000
-0.144222-0.026762j,0.547192-2.138307j,0.547240-2.135199j,0.000000
-0.144222-0.026762j,0.547192-2.138308j,0.547240-2.135198j,0.000000
-0.144222-0.026762j,0.547192-2.138308j,0.547240-2.135198j,0.000000
-0.144222-0.026762j,0.547192-2.138309j,0.547240-2.135197j,0.000000
-0.144222-0.026762j,0.547192-2.138310j,0.547240-2.135197j,0.000000
-0.144222-0.026762j,0.547192-2.138310j,0.547240-2.135196j,0.000000
-0.144222-0.026762j,0.547192-2.138311j,0.547240-2.135196j,0.000000
-0.144222-0.026762j,0.547192-2.138311j,0.547240-2.135195j,0.000000
-0.144222-0.026762j,0.547192-2.138312j,0.547240-2.135195j,0.000000
-0.144222-0.026762j,0.547192-2.138312j,0.547240-2.135194j,0.000000
-0.144222-0.026762j,0.547191-2.138313j,0.547240-2.135194j,0.000000
-0.144222-0.026762j,0.547191-2.138313j,0.547240-2.135193j,0.000000
-0.144222-0.026762j,0.547191-2.138314j,0.547240-2.135193j,0.000000
-0.144222-0.026762j,0.547191-2.138314j,0.547240-2.135192j,0.000000
-0.144222-0.026762j,0.547191-2.138315j,0.547240-2.135192j,0.000000
-0.144222-0.026762j,0.547191-2.138315j,0.547240-2.135191j,0.000000
-0.144222-0.026762j,0.547191-2.138316j,0.547240-2.135190j,0.000000
-0.144222-0.026762j,0.547191-2.138316j,0.547240-2.135190j,0.000000
-0.144222-0.026762j,0.547191-2.138317j,0.547240-2.135189j,0.000000
-0.144222-0.026762j,0.547191-2.138318j,0.547240-2.135189j,0.000000
-0.144222-0.026762j,0.547191-2.138318j,0.547240-2.135188j,0.000000
-0.144222-0.026762j,0.547191-2.138319j,0.547240-2.135188j,0.000000
-0.144222-0.026762j,0.547191-2.138319j,0.547240-2.135187j,0.000000
-0.144222-0.026762j,0.547191-2.138320j,0.547240-2.135187j,0.000000
-0.144222-0.026762j,0.547191-2.138320j,0.547240-2.135186j,0.000000
-0.144222-0.026762j,0.547191-2.138321j,0.547240-2.135186j,0.000000
-0.144222-0.026762j,0.547191-2.138321j,0.547240-2.135185j,0.000000
-0.144222-0.026762j,0.547191-2.138322j,0.547240-2.135185j,0.000000
-0.144222-0.026762j,0.547191-2.138322j,0.547240-2.135184j,0.000000
-0.144222-0.026762j,0.547191-2.138323j,0.547240-2.135184j,0.000000
-0.144222-0.026762j,0.547191-2.138323j,0.547240-2.135183j,0.000000
-0.144222-0.026762j,0.547191-2.138324j,0.547240-2.135182j,0.000000
-0.144222-0.026762j,0.547191-2.138324j,0.547240-2.135182j,0.000000
-0.144222-0.026762j,0.547191-2.138325j,0.547240-2.135181j,0.000000
-0.144223-0.026762j,0.547191-2.138325j,0.547240-2.135181j,0.000000
-0.144223-0.026762j,0.547191-2.138326j,0.547240-2.135180j,0.000000
-0.144223-0.026762j,0.547191-2.138327j,0.547240-2.135180j,0.000000
-0.144223-0.026762j,0.547191-2.138327j,0.547240-2.135179j,0.000000
-0.144223-0.026762j,0.547191-2.138328j,0.547240-2.135179j,0.000000
-0.144223-0.026762j,0.547191-2.138328j,0.547240-2.135178j,0.000000
-0.144223-0.026762j,0.547191-2.138329j,0.547240-2.135178j,0.000000
-0.144223-0.026762j,0.547191-2.138329j,0.547240-2.135177j,0.000000
-0.144223-0.026762j,0.547191-2.138329j,0.547240-2.135177j,0.000000
-0.144223-0.026762j,0.547191-2.138330j,0.547240-2.135177j,0.000000
-0.144223-0.026762j,0.547191-2.138332j,0.547240-2.135174j,0.000000
-0.144223-0.026762j,0.547191-2.138342j,0.547240-2.135164j,0.000000
-0.144223-0.026762j,0.547189-2.138388j,0.547240-2.135118j,0.000000
-0.144224-0.026762j,0.547187-2.138458j,0.547240-2.135048j,0.000000
-0.144224-0.026762j,0.547184-2.138528j,0.547240-2.134978j,0.000000
-0.144225-0.026763j,0.547182-2.138600j,0.547240-2.134906j,0.000000
-0.144226-0.026763j,0.547179-2.138675j,0.547240-2.134831j,0.000000
-0.144227-0.026763j,0.547177-2.138753j,0.547240-2.134754j,0.000000
-0.144228-0.026763j,0.547174-2.138833j,0.547240-2.134674j,0.000000
-0.144229-0.026763j,0.547171-2.138915j,0.547240-2.134591j,0.000000
-0.144230-0.026763j,0.547168-2.139000j,0.547240-2.134506j,0.000000
-0.144231-0.026764j,0.547165-2.139088j,0.547240-2.134418j,0.000000
-0.144232-0.026764j,0.547161-2.139179j,0.547239-2.134328j,0.000000
-0.144233-0.026764j,0.547158-2.139272j,0.547239-2.134234j,0.000000
-0.144235-0.026764j,0.547154-2.139369j,0.547238-2.134138j,0.000000
-0.144236-0.026765j,0.547150-2.139468j,0.547237-2.134039j,0.000001
-0.144238-0.026765j,0.547145-2.139570j,0.547236-2.133937j,0.000001
-0.144239-0.026765j,0.547141-2.139676j,0.547235-2.133831j,0.000001
-0.144241-0.026766j,0.547136-2.139784j,0.547234-2.133723j,0.000001
-0.144243-0.026766j,0.547131-2.139896j,0.547233-2.133611j,0.000001
-0.144245-0.026767j,0.547126-2.140011j,0.547232-2.133496j,0.000001
-0.144247-0.026767j,0.547121-2.140130j,0.547230-2.133377j,0.000001
-0.144249-0.026767j,0.547115-2.140252j,0.547228-2.133256j,0.000001
-0.144252-0.026768j,0.547109-2.140377j,0.547226-2.133130j,0.000001
-0.144255-0.026769j,0.547102-2.140506j,0.547224-2.133001j,0.000001
-0.144257-0.026769j,0.547096-2.140639j,0.547222-2.132869j,0.000002
-0.144260-0.026770j,0.547089-2.140775j,0.547219-2.132733j,0.000002
-0.144264-0.026770j,0.547081-2.140915j,0.547217-2.132593j,0.000002
-0.144267-0.026771j,0.547073-2.141058j,0.547213-2.132450j,0.000002
-0.144270-0.026772j,0.547065-2.141206j,0.547210-2.132302j,0.000002
-0.144274-0.026772j,0.547057-2.141357j,0.547206-2.132151j,0.000003
-0.144278-0.026773j,0.547048-2.141513j,0.547202-2.131995j,0.000003
-0.144283-0.026774j,0.547038-2.141673j,0.547198-2.131836j,0.000003
-0.144287-0.026775j,0.547028-2.141836j,0.547193-2.131672j,0.000003
-0.144292-0.026776j,0.547018-2.142004j,0.547188-2.131505j,0.000004
-0.144297-0.026777j,0.547007-2.142176j,0.547183-2.131333j,0.000004
-0.144302-0.026778j,0.546995-2.142352j,0.547177-2.131157j,0.000005
-0.144308-0.026779j,0.546983-2.142533j,0.547171-2.130976j,0.000005
-0.144314-0.026781j,0.546970-2.142718j,0.547164-2.130792j,0.000006
-0.144320-0.026782j,0.546957-2.142908j,0.547157-2.130602j,0.000006
-0.144327-0.026783j,0.546943-2.143102j,0.547149-2.130408j,0.000007
-0.144334-0.026785j,0.546928-2.143300j,0.547141-2.130210j,0.000007
-0.144342-0.026786j,0.546913-2.143503j,0.547132-2.130007j,0.000008
-0.144349-0.026788j,0.546896-2.143711j,0.547123-2.129800j,0.000009
-0.144358-0.026789j,0.546880-2.143924j,0.547113-2.129587j,0.000010
-0.144366-0.026791j,0.546862-2.144141j,0.547102-2.129371j,0.000010
-0.144376-0.026793j,0.546843-2.144363j,0.547091-2.129149j,0.000011
-0.144385-0.026795j,0.546824-2.144590j,0.547079-2.128922j,0.000013
-0.144396-0.026797j,0.546804-2.144822j,0.547066-2.128691j,0.000014
-0.144406-0.026799j,0.546782-2.145059j,0.547053-2.128454j,0.000015
-0.144418-0.026801j,0.546760-2.145300j,0.547039-2.128213j,0.000016
-0.144429-0.026804j,0.546737-2.145547j,0.547024-2.127967j,0.000018
-0.144442-0.026806j,0.546713-2.145799j,0.547008-2.127715j,0.000019
-0.144455-0.026809j,0.546688-2.146056j,0.546991-2.127459j,0.000021
-0.144468-0.026812j,0.546661-2.146318j,0.546973-2.127197j,0.000023
-0.144483-0.026815j,0.546634-2.146585j,0.546954-2.126931j,0.000025
-0.144498-0.026818j,0.546605-2.146857j,0.546934-2.126659j,0.000027
-0.144514-0.026821j,0.546575-2.147135j,0.546913-2.126382j,0.000029
-0.144530-0.026824j,0.546544-2.147418j,0.546891-2.126099j,0.000032
-0.144547-0.026828j,0.546511-2.147706j,0.546868-2.125812j,0.000034
-0.144565-0.026831j,0.546477-2.148000j,0.546844-2.125519j,0.000037
-0.144584-0.026835j,0.546442-2.148299j,0.546818-2.125220j,0.000040
-0.144604-0.026839j,0.546405-2.148604j,0.546791-2.124917j,0.000043
-0.144624-0.026843j,0.546367-2.148913j,0.546763-2.124608j,0.000047
-0.144646-0.026848j,0.546327-2.149229j,0.546733-2.124293j,0.000050
-0.144668-0.026852j,0.546285-2.149550j,0.546702-2.123973j,0.000054
-0.144692-0.026857j,0.546242-2.149876j,0.546670-2.123647j,0.000059
-0.144716-0.026862j,0.546197-2.150208j,0.546636-2.123316j,0.000063
-0.144742-0.026867j,0.546151-2.150546j,0.546600-2.122979j,0.000068
-0.144768-0.026872j,0.546102-2.150889j,0.546563-2.122637j,0.000073
-0.144796-0.026878j,0.546052-2.151238j,0.546524-2.122289j,0.000079
-0.144825-0.026884j,0.546000-2.151593j,0.546483-2.121935j,0.000085
-0.144855-0.026890j,0.545945-2.151953j,0.546440-2.121576j,0.000091
-0.144886-0.026896j,0.545889-2.152319j,0.546396-2.121211j,0.000098
-0.144918-0.026903j,0.545831-2.152691j,0.546350-2.120840j,0.000105
-0.144952-0.026910j,0.545770-2.153069j,0.546301-2.120464j,0.000113
-0.144987-0.026917j,0.545707-2.153453j,0.546251-2.120081j,0.000121
-0.145024-0.026924j,0.545642-2.153842j,0.546198-2.119693j,0.000129
-0.145062-0.026932j,0.545574-2.154238j,0.546144-2.119299j,0.000138
-0.145101-0.026940j,0.545504-2.154639j,0.546087-2.118899j,0.000148
-0.145142-0.026948j,0.545432-2.155046j,0.546028-2.118494j,0.000158
-0.145185-0.026957j,0.545357-2.155459j,0.545966-2.118082j,0.000169
-0.145229-0.026966j,0.545279-2.155878j,0.545902-2.117664j,0.000181
-0.145274-0.026975j,0.545199-2.156304j,0.545835-2.117241j,0.000193
-0.145322-0.026985j,0.545116-2.156735j,0.545766-2.116811j,0.000206
-0.145371-0.026994j,0.545029-2.157172j,0.545694-2.116376j,0.000220
-0.145422-0.027005j,0.544940-2.157616j,0.545620-2.115934j,0.000235
-0.145474-0.027015j,0.544848-2.158065j,0.545542-2.115486j,0.000250
-0.145529-0.027027j,0.544753-2.158521j,0.545462-2.115033j,0.000267
-0.145586-0.027038j,0.544655-2.158983j,0.545379-2.114573j,0.000284
-0.145644-0.027050j,0.544553-2.159451j,0.545292-2.114107j,0.000302
-0.145705-0.027062j,0.544448-2.159925j,0.545203-2.113635j,0.000322
-0.145767-0.027075j,0.544340-2.160406j,0.545110-2.113156j,0.000342
-0.145832-0.027088j,0.544228-2.160893j,0.545014-2.112672j,0.000364
-0.145899-0.027102j,0.544113-2.161386j,0.544914-2.112181j,0.000386
-0.145969-0.027116j,0.543993-2.161886j,0.544811-2.111684j,0.000410
-0.146041-0.027130j,0.543870-2.162391j,0.544705-2.111181j,0.000436
-0.146115-0.027145j,0.543744-2.162904j,0.544595-2.110671j,0.000462
-0.146191-0.027161j,0.543613-2.163422j,0.544481-2.110155j,0.000490
-0.146270-0.027177j,0.543478-2.163947j,0.544363-2.109633j,0.000520
-0.146352-0.027193j,0.543339-2.164479j,0.544241-2.109105j,0.000551
-0.146436-0.027210j,0.543196-2.165016j,0.544115-2.108570j,0.000583
-0.146523-0.027228j,0.543048-2.165561j,0.543985-2.108029j,0.000617
-0.146613-0.027246j,0.542896-2.166112j,0.543851-2.107481j,0.000653
-0.146706-0.027265j,0.542739-2.166669j,0.543713-2.106927j,0.000691
-0.146801-0.027284j,0.542578-2.167233j,0.543570-2.106367j,0.000731
-0.146900-0.027304j,0.542412-2.167803j,0.543422-2.105800j,0.000773
-0.147001-0.027325j,0.542241-2.168380j,0.543270-2.105227j,0.000817
-0.147106-0.027346j,0.542065-2.168963j,0.543113-2.104647j,0.000862
-0.147214-0.027368j,0.541884-2.169553j,0.542951-2.104061j,0.000911
-0.147325-0.027390j,0.541698-2.170149j,0.542785-2.103469j,0.000961
-0.147440-0.027414j,0.541507-2.170752j,0.542613-2.102870j,0.001014
-0.147558-0.027438j,0.541310-2.171362j,0.542436-2.102264j,0.001069
-0.147679-0.027462j,0.541108-2.171978j,0.542254-2.101652j,0.001127
-0.147804-0.027488j,0.540900-2.172601j,0.542066-2.101034j,0.001188
-0.147933-0.027514j,0.540686-2.173231j,0.541873-2.100409j,0.001252
-0.148065-0.027541j,0.540467-2.173867j,0.541674-2.099777j,0.001318
-0.148202-0.027568j,0.540241-2.174510j,0.541469-2.099139j,0.001388
-0.148342-0.027597j,0.540010-2.175160j,0.541259-2.098494j,0.001461
-0.148487-0.027626j,0.539772-2.175816j,0.541042-2.097843j,0.001537
-0.148635-0.027656j,0.539528-2.176479j,0.540820-2.097185j,0.001616
-0.148788-0.027687j,0.539277-2.177149j,0.540591-2.096521j,0.001699
-0.148945-0.027719j,0.539020-2.177826j,0.540355-2.095850j,0.001786
-0.149106-0.027752j,0.538756-2.178509j,0.540114-2.095172j,0.001876
-0.149272-0.027785j,0.538485-2.179199j,0.539865-2.094488j,0.001971
-0.149442-0.027820j,0.538207-2.179896j,0.539610-2.093797j,0.002069
-0.149617-0.027855j,0.537922-2.180600j,0.539348-2.093099j,0.002172
-0.149797-0.027892j,0.537630-2.181310j,0.539079-2.092395j,0.002279
-0.149982-0.027929j,0.537331-2.182028j,0.538803-2.091684j,0.002391
-0.150172-0.027968j,0.537024-2.182752j,0.538519-2.090966j,0.002507
-0.150367-0.028008j,0.536709-2.183483j,0.538228-2.090242j,0.002629
-0.150567-0.028048j,0.536386-2.184220j,0.537929-2.089511j,0.002755
-0.150772-0.028090j,0.536056-2.184965j,0.537623-2.088774j,0.002886
-0.150983-0.028133j,0.535717-2.185717j,0.537309-2.088030j,0.003023
-0.151200-0.028177j,0.535371-2.186475j,0.536987-2.087279j,0.003166
-0.151422-0.028222j,0.535016-2.187240j,0.536656-2.086521j,0.003314
-0.151650-0.028268j,0.534652-2.188012j,0.536318-2.085757j,0.003468
-0.151884-0.028316j,0.534280-2.188791j,0.535970-2.084986j,0.003629
-0.152124-0.028365j,0.533899-2.189577j,0.535615-2.084208j,0.003795
-0.152370-0.028415j,0.533509-2.190370j,0.535250-2.083424j,0.003969
-0.152622-0.028466j,0.533109-2.191170j,0.534877-2.082633j,0.004149
-0.152881-0.028518j,0.532701-2.191976j,0.534495-2.081835j,0.004336
-0.153146-0.028572j,0.532283-2.192790j,0.534103-2.081031j,0.004530
-0.153418-0.028628j,0.531856-2.193610j,0.533702-2.080220j,0.004732
-0.153697-0.028684j,0.531419-2.194437j,0.533292-2.079402j,0.004941
-0.153983-0.028743j,0.530972-2.195272j,0.532872-2.078577j,0.005158
-0.154276-0.028802j,0.530515-2.196113j,0.532442-2.077746j,0.005384
-0.154576-0.028863j,0.530047-2.196961j,0.532002-2.076908j,0.005618
-0.154883-0.028926j,0.529570-2.197815j,0.531552-2.076064j,0.005860
-0.155199-0.028990j,0.529082-2.198677j,0.531092-2.075212j,0.006112
-0.155521-0.029056j,0.528583-2.199546j,0.530622-2.074354j,0.006372
-0.155852-0.029123j,0.528074-2.200421j,0.530140-2.073490j,0.006643
-0.156191-0.029192j,0.527553-2.201304j,0.529648-2.072619j,0.006923
-0.156538-0.029263j,0.527021-2.202193j,0.529145-2.071741j,0.007213
-0.156893-0.029335j,0.526478-2.203090j,0.528631-2.070856j,0.007513
-0.157257-0.029409j,0.525924-2.203993j,0.528105-2.069965j,0.007824
-0.157629-0.029485j,0.525357-2.204903j,0.527569-2.069068j,0.008146
-0.158010-0.029563j,0.524779-2.205820j,0.527020-2.068163j,0.008479
-0.158401-0.029643j,0.524189-2.206743j,0.526460-2.067252j,0.008824
-0.158800-0.029724j,0.523587-2.207674j,0.525887-2.066335j,0.009181
-0.159209-0.029807j,0.522972-2.208611j,0.525303-2.065410j,0.009550
-0.159628-0.029893j,0.522345-2.209556j,0.524706-2.064480j,0.009932
-0.160056-0.029980j,0.521705-2.210507j,0.524097-2.063542j,0.010326
-0.160480-0.030067j,0.521073-2.211434j,0.523495-2.062629j,0.010721
-0.160928-0.030158j,0.520408-2.212399j,0.522860-2.061678j,0.011142
-0.161372-0.030249j,0.519750-2.213340j,0.522233-2.060752j,0.011563
-0.161841-0.030345j,0.519058-2.214318j,0.521573-2.059788j,0.012013
-0.162306-0.030440j,0.518375-2.215272j,0.520920-2.058849j,0.012462
-0.162796-0.030540j,0.517656-2.216264j,0.520233-2.057873j,0.012941
-0.163282-0.030639j,0.516946-2.217232j,0.519555-2.056920j,0.013419
-0.163795-0.030744j,0.516200-2.218237j,0.518840-2.055931j,0.013929
-0.164303-0.030848j,0.515463-2.219218j,0.518135-2.054967j,0.014439
-0.164839-0.030958j,0.514688-2.220236j,0.517392-2.053965j,0.014981
-0.165371-0.031066j,0.513922-2.221230j,0.516659-2.052988j,0.015524
-0.165931-0.031181j,0.513118-2.222262j,0.515888-2.051973j,0.016100
-0.166486-0.031295j,0.512324-2.223269j,0.515126-2.050983j,0.016677
-0.167072-0.031415j,0.511490-2.224314j,0.514326-2.049956j,0.017290
-0.167652-0.031534j,0.510667-2.225334j,0.513534-2.048954j,0.017903
-0.168264-0.031659j,0.509802-2.226392j,0.512704-2.047914j,0.018554
-0.168870-0.031783j,0.508948-2.227425j,0.511883-2.046899j,0.019204
-0.169509-0.031914j,0.508052-2.228497j,0.511022-2.045847j,0.019895
-0.170143-0.032044j,0.507167-2.229543j,0.510170-2.044820j,0.020585
-0.170810-0.032181j,0.506239-2.230627j,0.509277-2.043756j,0.021317
-0.171472-0.032317j,0.505322-2.231687j,0.508394-2.042716j,0.022050
-0.172169-0.032460j,0.504362-2.232784j,0.507468-2.041639j,0.022826
-0.172861-0.032602j,0.503412-2.233857j,0.506553-2.040587j,0.023601
-0.173588-0.032751j,0.502418-2.234967j,0.505594-2.039498j,0.024423
-0.174310-0.032900j,0.501435-2.236052j,0.504646-2.038434j,0.025245
-0.175070-0.033056j,0.500406-2.237175j,0.503653-2.037333j,0.026115
-0.175824-0.033211j,0.499389-2.238274j,0.502671-2.036257j,0.026984
-0.176617-0.033374j,0.498326-2.239410j,0.501643-2.035143j,0.027904
-0.177405-0.033536j,0.497274-2.240521j,0.500626-2.034055j,0.028824
-0.178232-0.033707j,0.496174-2.241670j,0.499563-2.032930j,0.029797
-0.179055-0.033876j,0.495086-2.242794j,0.498511-2.031829j,0.030769
-0.179919-0.034054j,0.493949-2.243955j,0.497411-2.030692j,0.031797
-0.180778-0.034231j,0.492825-2.245092j,0.496323-2.029579j,0.032824
-0.181680-0.034417j,0.491651-2.246266j,0.495186-2.028430j,0.033909
-0.182577-0.034602j,0.490489-2.247416j,0.494061-2.027305j,0.034994
-0.183518-0.034796j,0.489276-2.248603j,0.492886-2.026144j,0.036139
-0.184455-0.034990j,0.488076-2.249765j,0.491723-2.025007j,0.037284
-0.185437-0.035192j,0.486824-2.250965j,0.490508-2.023834j,0.038491
-0.186415-0.035394j,0.485585-2.252140j,0.489306-2.022686j,0.039699
-0.187441-0.035606j,0.484292-2.253352j,0.488052-2.021501j,0.040972
-0.188462-0.035818j,0.483013-2.254540j,0.486810-2.020341j,0.042245
-0.189533-0.036039j,0.481679-2.255765j,0.485515-2.019144j,0.043587
-0.190599-0.036260j,0.480360-2.256965j,0.484233-2.017972j,0.044928
-0.191718-0.036491j,0.478984-2.258203j,0.482896-2.016763j,0.046341
-0.192831-0.036722j,0.477622-2.259416j,0.481573-2.015579j,0.047754
-0.193999-0.036964j,0.476203-2.260666j,0.480193-2.014359j,0.049242
-0.195162-0.037205j,0.474798-2.261892j,0.478827-2.013163j,0.050729
-0.196382-0.037458j,0.473335-2.263155j,0.477404-2.011931j,0.052294
-0.197597-0.037710j,0.471887-2.264393j,0.475994-2.010724j,0.053859
-0.198870-0.037975j,0.470379-2.265669j,0.474526-2.009479j,0.055505
-0.200140-0.038238j,0.468886-2.266919j,0.473072-2.008260j,0.057152
-0.201471-0.038515j,0.467331-2.268208j,0.471558-2.007004j,0.058883
-0.202797-0.038791j,0.465792-2.269472j,0.470058-2.005773j,0.060613
-0.204188-0.039080j,0.464191-2.270773j,0.468497-2.004505j,0.062433
-0.205574-0.039369j,0.462605-2.272049j,0.466951-2.003262j,0.064252
-0.207027-0.039671j,0.460955-2.273364j,0.465342-2.001983j,0.066163
-0.208477-0.039974j,0.459321-2.274653j,0.463748-2.000728j,0.068074
-0.209994-0.040290j,0.457624-2.275978j,0.462093-1.999438j,0.070078
-0.211507-0.040606j,0.455944-2.277278j,0.460453-1.998173j,0.072082
-0.213089-0.040936j,0.454202-2.278613j,0.458752-1.996875j,0.074180
-0.214667-0.041265j,0.452476-2.279922j,0.457066-1.995602j,0.076277
-0.216316-0.041610j,0.450688-2.281265j,0.455319-1.994296j,0.078472
-0.217963-0.041954j,0.448916-2.282584j,0.453588-1.993014j,0.080667
-0.219683-0.042314j,0.447080-2.283936j,0.451794-1.991700j,0.082963
-0.221401-0.042674j,0.445262-2.285264j,0.450016-1.990410j,0.085258
-0.223195-0.043050j,0.443378-2.286626j,0.448175-1.989087j,0.087658
-0.224987-0.043425j,0.441512-2.287963j,0.446349-1.987789j,0.090058
-0.226860-0.043818j,0.439579-2.289334j,0.444458-1.986457j,0.092566
-0.228731-0.044211j,0.437664-2.290680j,0.442585-1.985151j,0.095074
-0.230686-0.044621j,0.435681-2.292061j,0.440644-1.983811j,0.097694
-0.232640-0.045032j,0.433717-2.293416j,0.438721-1.982496j,0.100315
-0.234681-0.045461j,0.431683-2.294806j,0.436729-1.981148j,0.103052
-0.236722-0.045891j,0.429667-2.296172j,0.434755-1.979824j,0.105788
-0.238854-0.046340j,0.427581-2.297572j,0.432711-1.978466j,0.108647
-0.240987-0.046789j,0.425513-2.298947j,0.430684-1.977134j,0.111505
-0.243216-0.047259j,0.423373-2.300357j,0.428586-1.975767j,0.114490
-0.245447-0.047730j,0.421252-2.301742j,0.426507-1.974425j,0.117475
-0.247779-0.048222j,0.419056-2.303163j,0.424353-1.973048j,0.120591
-0.250112-0.048715j,0.416879-2.304559j,0.422218-1.971697j,0.123708
-0.252553-0.049231j,0.414625-2.305991j,0.420007-1.970310j,0.126963
-0.254997-0.049748j,0.412391-2.307398j,0.417815-1.968948j,0.130217
-0.257554-0.050290j,0.410078-2.308843j,0.415545-1.967551j,0.133616
-0.260115-0.050833j,0.407785-2.310261j,0.413293-1.966178j,0.137016
-0.262796-0.051401j,0.405409-2.311718j,0.410961-1.964769j,0.140567
-0.265483-0.051971j,0.403054-2.313150j,0.408647-1.963384j,0.144119
-0.268297-0.052569j,0.400612-2.314621j,0.406249-1.961962j,0.147831
-0.271119-0.053169j,0.398192-2.316066j,0.403871-1.960565j,0.151544
-0.274078-0.053799j,0.395681-2.317552j,0.401404-1.959129j,0.155427
-0.277046-0.054431j,0.393192-2.319013j,0.398957-1.957718j,0.159310
-0.280162-0.055095j,0.390608-2.320516j,0.396416-1.956266j,0.163375
-0.283288-0.055761j,0.388046-2.321993j,0.393897-1.954840j,0.167440
-0.286576-0.056463j,0.385382-2.323515j,0.391277-1.953370j,0.171701
-0.289876-0.057168j,0.382741-2.325011j,0.388679-1.951926j,0.175962
-0.293353-0.057911j,0.379992-2.326555j,0.385974-1.950436j,0.180435
-0.296844-0.058658j,0.377266-2.328073j,0.383291-1.948972j,0.184908
-0.300532-0.059448j,0.374421-2.329643j,0.380491-1.947458j,0.189615
-0.304237-0.060242j,0.371601-2.331185j,0.377714-1.945970j,0.194321
-0.308164-0.061085j,0.368649-2.332785j,0.374807-1.944427j,0.199287
-0.312110-0.061932j,0.365723-2.334358j,0.371925-1.942911j,0.204253
-0.316313-0.062836j,0.362649-2.335995j,0.368897-1.941333j,0.209514
-0.320538-0.063745j,0.359601-2.337604j,0.365893-1.939783j,0.214775
-0.325066-0.064720j,0.356381-2.339289j,0.362720-1.938160j,0.220382
-0.329781-0.065736j,0.353077-2.341002j,0.359462-1.936510j,0.226185
-0.334711-0.066800j,0.349675-2.342749j,0.356108-1.934827j,0.232213
-0.339885-0.067918j,0.346160-2.344537j,0.352641-1.933106j,0.238498
-0.345299-0.069089j,0.342541-2.346361j,0.349071-1.931350j,0.245027
-0.350938-0.070310j,0.338834-2.348211j,0.345414-1.929570j,0.251776
-0.356823-0.071586j,0.335032-2.350090j,0.341662-1.927762j,0.258764
-0.362976-0.072921j,0.331125-2.352002j,0.337805-1.925923j,0.266012
-0.369426-0.074323j,0.327103-2.353950j,0.333835-1.924049j,0.273543
-0.376207-0.075798j,0.322954-2.355941j,0.329737-1.922135j,0.281388
-0.383361-0.077356j,0.318660-2.357980j,0.325495-1.920175j,0.289585
-0.390585-0.078932j,0.314407-2.359978j,0.321294-1.918254j,0.297782
-0.397880-0.080525j,0.310196-2.361938j,0.317132-1.916371j,0.305979
-0.405247-0.082136j,0.306024-2.363862j,0.313008-1.914523j,0.314175
-0.411884-0.083589j,0.302333-2.365548j,0.309359-1.912903j,0.321493
-0.418580-0.085057j,0.298671-2.367207j,0.305738-1.911309j,0.328811
-0.425336-0.086539j,0.295038-2.368841j,0.302144-1.909740j,0.336128
-0.432154-0.088037j,0.291432-2.370449j,0.298577-1.908195j,0.343445
-0.439034-0.089550j,0.287853-2.372034j,0.295036-1.906674j,0.350762
-0.445977-0.091078j,0.284300-2.373595j,0.291520-1.905175j,0.358079
-0.452984-0.092622j,0.280773-2.375133j,0.288029-1.903698j,0.365396
-0.460056-0.094182j,0.277271-2.376650j,0.284562-1.902242j,0.372712
-0.467193-0.095758j,0.273792-2.378146j,0.281118-1.900807j,0.380029
-0.474396-0.097350j,0.270337-2.379622j,0.277697-1.899391j,0.387345
-0.481667-0.098958j,0.266905-2.381078j,0.274298-1.897994j,0.394661
-0.489005-0.100583j,0.263496-2.382514j,0.270921-1.896615j,0.401978
-0.496412-0.102225j,0.260108-2.383932j,0.267564-1.895254j,0.409294
-0.503889-0.103884j,0.256742-2.385333j,0.264229-1.893911j,0.416610
-0.511436-0.105561j,0.253397-2.386716j,0.260914-1.892584j,0.423926
-0.519054-0.107254j,0.250072-2.388082j,0.257618-1.891274j,0.431242
-0.526744-0.108965j,0.246767-2.389431j,0.254342-1.889979j,0.438558
-0.534507-0.110694j,0.243482-2.390765j,0.251085-1.888700j,0.445874
-0.542343-0.112441j,0.240216-2.392083j,0.247846-1.887435j,0.453190
-0.550254-0.114207j,0.236969-2.393386j,0.244626-1.886185j,0.460505
-0.558239-0.115990j,0.233740-2.394674j,0.241423-1.884950j,0.467821
-0.566301-0.117792j,0.230529-2.395948j,0.238237-1.883728j,0.475137
-0.574439-0.119613j,0.227335-2.397208j,0.235069-1.882519j,0.482453
-0.582654-0.121453j,0.224160-2.398454j,0.231918-1.881324j,0.489768
-0.590948-0.123312j,0.221001-2.399687j,0.228783-1.880141j,0.497084
-0.599320-0.125190j,0.217858-2.400907j,0.225664-1.878970j,0.504400
-0.607772-0.127088j,0.214732-2.402115j,0.222561-1.877812j,0.511715
-0.616305-0.129006j,0.211623-2.403310j,0.219473-1.876665j,0.519031
-0.624920-0.130943j,0.208528-2.404493j,0.216401-1.875530j,0.526347
-0.633616-0.132901j,0.205450-2.405665j,0.213343-1.874406j,0.533662
-0.642395-0.134879j,0.202387-2.406825j,0.210301-1.873294j,0.540978
-0.651258-0.136878j,0.199338-2.407974j,0.207273-1.872191j,0.548293
-0.660206-0.138897j,0.196305-2.409112j,0.204259-1.871100j,0.555609
-0.669239-0.140937j,0.193285-2.410239j,0.201259-1.870018j,0.562925
-0.678358-0.142998j,0.190280-2.411356j,0.198273-1.868946j,0.570240
-0.687564-0.145081j,0.187290-2.412462j,0.195301-1.867885j,0.577556
-0.696858-0.147185j,0.184312-2.413559j,0.192342-1.866832j,0.584872
-0.706241-0.149311j,0.181349-2.414645j,0.189396-1.865790j,0.592187
-0.715713-0.151459j,0.178399-2.415723j,0.186463-1.864756j,0.599503
-0.725275-0.153630j,0.175462-2.416790j,0.183543-1.863731j,0.606819
-0.734929-0.155822j,0.172538-2.417849j,0.180635-1.862715j,0.614134
-0.744674-0.158037j,0.169626-2.418898j,0.177740-1.861708j,0.621450
-0.754512-0.160275j,0.166728-2.419939j,0.174857-1.860709j,0.628766
-0.764444-0.162536j,0.163841-2.420971j,0.171986-1.859718j,0.636081
-0.774470-0.164820j,0.160967-2.421994j,0.169127-1.858735j,0.643397
-0.784592-0.167128j,0.158105-2.423009j,0.166279-1.857761j,0.650713
-0.794810-0.169459j,0.155255-2.424016j,0.163443-1.856794j,0.658029
-0.805125-0.171814j,0.152416-2.425015j,0.160618-1.855834j,0.665344
-0.815537-0.174194j,0.149589-2.426006j,0.157805-1.854882j,0.672660
-0.826049-0.176597j,0.146774-2.426989j,0.155002-1.853938j,0.679976
-0.836660-0.179026j,0.143970-2.427964j,0.152211-1.853001j,0.687292
-0.847372-0.181478j,0.141176-2.428932j,0.149430-1.852070j,0.694608
-0.858185-0.183956j,0.138394-2.429893j,0.146660-1.851147j,0.701924
-0.869101-0.186460j,0.135623-2.430847j,0.143900-1.850231j,0.709240
-0.880120-0.188988j,0.132862-2.431793j,0.141151-1.849321j,0.716555
-0.891243-0.191542j,0.130112-2.432733j,0.138412-1.848418j,0.723871
-0.902471-0.194123j,0.127372-2.433665j,0.135683-1.847521j,0.731187
-0.913805-0.196729j,0.124642-2.434591j,0.132964-1.846630j,0.738503
-0.925246-0.199362j,0.121923-2.435511j,0.130255-1.845746j,0.745820
-0.936795-0.202021j,0.119214-2.436424j,0.127555-1.844868j,0.753136
-0.948452-0.204707j,0.116514-2.437330j,0.124865-1.843996j,0.760452
-0.960219-0.207421j,0.113825-2.438230j,0.122185-1.843130j,0.767768
-0.972097-0.210161j,0.111145-2.439124j,0.119514-1.842270j,0.775084
-0.984087-0.212930j,0.108474-2.440012j,0.116852-1.841415j,0.782400
-0.996189-0.215726j,0.105813-2.440894j,0.114200-1.840566j,0.789716
-1.008404-0.218550j,0.103162-2.441770j,0.111556-1.839723j,0.797033
-1.020734-0.221402j,0.100520-2.442640j,0.108922-1.838885j,0.804349
-1.033179-0.224283j,0.097886-2.443505j,0.106297-1.838052j,0.811665
-1.045741-0.227193j,0.095262-2.444364j,0.103680-1.837225j,0.818981
-1.058420-0.230132j,0.092647-2.445217j,0.101072-1.836403j,0.826298
-1.071218-0.233100j,0.090041-2.446065j,0.098472-1.835586j,0.833614
-1.084135-0.236098j,0.087443-2.446907j,0.095881-1.834774j,0.840931
-1.097173-0.239126j,0.084854-2.447745j,0.093299-1.833968j,0.848247
-1.110799-0.242292j,0.082183-2.448606j,0.090634-1.833137j,0.855821
-1.124557-0.245491j,0.079521-2.449462j,0.087977-1.832312j,0.863395
-1.138448-0.248723j,0.076867-2.450312j,0.085330-1.831492j,0.870969
-1.152472-0.251988j,0.074223-2.451157j,0.082691-1.830677j,0.878543
-1.166630-0.255287j,0.071587-2.451996j,0.080061-1.829867j,0.886117
-1.180925-0.258619j,0.068961-2.452831j,0.077439-1.829062j,0.893692
-1.195357-0.261985j,0.066342-2.453660j,0.074826-1.828262j,0.901266
-1.209927-0.265386j,0.063733-2.454484j,0.072220-1.827466j,0.908840
-1.224637-0.268821j,0.061131-2.455304j,0.069624-1.826675j,0.916414
-1.239487-0.272292j,0.058538-2.456118j,0.067035-1.825889j,0.923988
-1.254479-0.275797j,0.055954-2.456927j,0.064454-1.825107j,0.931563
-1.269614-0.279338j,0.053378-2.457732j,0.061881-1.824330j,0.939137
-1.284894-0.282915j,0.050809-2.458532j,0.059317-1.823557j,0.946712
-1.300319-0.286528j,0.048249-2.459327j,0.056760-1.822788j,0.954286
-1.315891-0.290178j,0.045697-2.460118j,0.054210-1.822024j,0.961860
-1.331612-0.293865j,0.043153-2.460904j,0.051669-1.821264j,0.969435
-1.347481-0.297589j,0.040616-2.461686j,0.049135-1.820508j,0.977010
-1.363501-0.301350j,0.038088-2.462463j,0.046609-1.819756j,0.984584
-1.379673-0.305149j,0.035566-2.463236j,0.044090-1.819008j,0.992159
-1.395999-0.308987j,0.033053-2.464004j,0.041578-1.818264j,0.999733
-1.413062-0.313000j,0.030459-2.464795j,0.038986-1.817498j,1.007574
-1.430293-0.317055j,0.027873-2.465582j,0.036402-1.816737j,1.015414
-1.447692-0.321152j,0.025295-2.466364j,0.033825-1.815979j,1.023255
-1.465262-0.325291j,0.022725-2.467142j,0.031256-1.815226j,1.031096
-1.483002-0.329474j,0.020162-2.467916j,0.028694-1.814476j,1.038936
-1.500916-0.333699j,0.017607-2.468685j,0.026140-1.813731j,1.046777
-1.519004-0.337968j,0.015060-2.469450j,0.023594-1.812989j,1.054618
-1.537268-0.342281j,0.012521-2.470211j,0.021055-1.812252j,1.062459
-1.555710-0.346638j,0.009989-2.470967j,0.018523-1.811518j,1.070300
-1.574331-0.351040j,0.007464-2.471720j,0.015999-1.810788j,1.078140
-1.593132-0.355487j,0.004947-2.472468j,0.013481-1.810061j,1.085981
-1.612115-0.359980j,0.002438-2.473213j,0.010971-1.809339j,1.093822
-1.631282-0.364519j,-0.000065-2.473954j,0.008468-1.808619j,1.101663
-1.650635-0.369104j,-0.002560-2.474690j,0.005972-1.807904j,1.109504
-1.670175-0.373735j,-0.005048-2.475423j,0.003483-1.807192j,1.117345
-1.689903-0.378415j,-0.007529-2.476153j,0.001001-1.806484j,1.125186
-1.709821-0.383141j,-0.010003-2.476878j,-0.001474-1.805779j,1.133028
-1.729931-0.387916j,-0.012470-2.477600j,-0.003943-1.805077j,1.140869
-1.750234-0.392739j,-0.014931-2.478318j,-0.006404-1.804379j,1.148710
-1.770733-0.397611j,-0.017384-2.479032j,-0.008859-1.803684j,1.156551
-1.791429-0.402533j,-0.019830-2.479743j,-0.011308-1.802993j,1.164393
-1.813051-0.407677j,-0.022354-2.480474j,-0.013834-1.802280j,1.172505
-1.834889-0.412876j,-0.024872-2.481202j,-0.016353-1.801572j,1.180617
-1.856943-0.418129j,-0.027381-2.481927j,-0.018866-1.800867j,1.188729
-1.879215-0.423436j,-0.029884-2.482647j,-0.021371-1.800165j,1.196842
-1.901707-0.428799j,-0.032380-2.483364j,-0.023870-1.799466j,1.204954
-1.924421-0.434218j,-0.034869-2.484077j,-0.026362-1.798771j,1.213067
-1.947359-0.439692j,-0.037351-2.484787j,-0.028847-1.798079j,1.221179
-1.970523-0.445224j,-0.039826-2.485493j,-0.031326-1.797391j,1.229292
-1.993916-0.450813j,-0.042295-2.486196j,-0.033797-1.796705j,1.237404
-2.017538-0.456460j,-0.044757-2.486895j,-0.036263-1.796023j,1.245517
-2.041393-0.462165j,-0.047212-2.487591j,-0.038722-1.795344j,1.253629
-2.065481-0.467929j,-0.049660-2.488284j,-0.041174-1.794667j,1.261742
-2.089806-0.473752j,-0.052102-2.488973j,-0.043620-1.793994j,1.269855
-2.114369-0.479636j,-0.054537-2.489659j,-0.046059-1.793324j,1.277968
-2.139173-0.485580j,-0.056966-2.490341j,-0.048492-1.792657j,1.286080
-2.164218-0.491585j,-0.059388-2.491021j,-0.050919-1.791993j,1.294193
-2.189509-0.497651j,-0.061804-2.491697j,-0.053339-1.791332j,1.302306
-2.215046-0.503780j,-0.064214-2.492370j,-0.055754-1.790674j,1.310419
-2.240832-0.509971j,-0.066617-2.493040j,-0.058162-1.790019j,1.318532
-2.266869-0.516226j,-0.069014-2.493706j,-0.060564-1.789366j,1.326645
-2.293159-0.522544j,-0.071405-2.494370j,-0.062960-1.788717j,1.334758
-2.319705-0.528927j,-0.073789-2.495030j,-0.065350-1.788070j,1.342871
-2.347430-0.535597j,-0.076249-2.495710j,-0.067815-1.787404j,1.351261
-2.375434-0.542337j,-0.078703-2.496387j,-0.070274-1.786741j,1.359650
-2.403718-0.549148j,-0.081150-2.497061j,-0.072727-1.786081j,1.368040
-2.432285-0.556030j,-0.083590-2.497731j,-0.075173-1.785423j,1.376429
-2.461138-0.562984j,-0.086024-2.498398j,-0.077613-1.784769j,1.384819
-2.490279-0.570011j,-0.088452-2.499062j,-0.080047-1.784117j,1.393208
-2.519711-0.577112j,-0.090874-2.499724j,-0.082475-1.783469j,1.401598
-2.549436-0.584286j,-0.093289-2.500382j,-0.084897-1.782822j,1.409988
-2.579457-0.591536j,-0.095698-2.501037j,-0.087313-1.782179j,1.418378
-2.609777-0.598861j,-0.098101-2.501689j,-0.089722-1.781539j,1.426768
-2.640399-0.606262j,-0.100498-2.502338j,-0.092126-1.780901j,1.435157
-2.671324-0.613740j,-0.102889-2.502984j,-0.094524-1.780265j,1.443547
-2.702556-0.621296j,-0.105274-2.503627j,-0.096915-1.779633j,1.451937
-2.734098-0.628930j,-0.107653-2.504268j,-0.099301-1.779003j,1.460327
-2.765952-0.636643j,-0.110026-2.504905j,-0.101681-1.778376j,1.468717
-2.798121-0.644436j,-0.112393-2.505540j,-0.104056-1.777751j,1.477107
-2.830608-0.652310j,-0.114754-2.506172j,-0.106424-1.777129j,1.485497
-2.863415-0.660264j,-0.117109-2.506801j,-0.108787-1.776509j,1.493888
-2.896546-0.668301j,-0.119459-2.507428j,-0.111144-1.775892j,1.502278
-2.930004-0.676420j,-0.121803-2.508051j,-0.113496-1.775277j,1.510668
-2.963791-0.684623j,-0.124141-2.508672j,-0.115842-1.774665j,1.519058
-2.997910-0.692910j,-0.126473-2.509290j,-0.118182-1.774055j,1.527449
-3.032364-0.701282j,-0.128800-2.509906j,-0.120517-1.773448j,1.535839
-3.068342-0.710028j,-0.131200-2.510540j,-0.122925-1.772823j,1.544512
-3.104684-0.718867j,-0.133594-2.511170j,-0.125327-1.772200j,1.553186
-3.141394-0.727799j,-0.135982-2.511799j,-0.127724-1.771580j,1.561859
-3.178476-0.736825j,-0.138364-2.512424j,-0.130115-1.770962j,1.570533
-3.215933-0.745947j,-0.140740-2.513046j,-0.132500-1.770347j,1.579206
-3.253768-0.755164j,-0.143111-2.513666j,-0.134879-1.769734j,1.587880
-3.291985-0.764479j,-0.145476-2.514283j,-0.137253-1.769124j,1.596553
-3.330587-0.773892j,-0.147835-2.514898j,-0.139621-1.768516j,1.605227
-3.369578-0.783403j,-0.150188-2.515509j,-0.141983-1.767910j,1.613900
-3.408961-0.793014j,-0.152536-2.516119j,-0.144340-1.767307j,1.622574
-3.448740-0.802726j,-0.154879-2.516725j,-0.146691-1.766707j,1.631248
-3.488918-0.812539j,-0.157215-2.517329j,-0.149037-1.766108j,1.639922
-3.529500-0.822455j,-0.159546-2.517930j,-0.151378-1.765512j,1.648595
-3.570488-0.832474j,-0.161872-2.518529j,-0.153713-1.764919j,1.657269
-3.611887-0.842598j,-0.164192-2.519125j,-0.156042-1.764328j,1.665943
-3.653700-0.852828j,-0.166507-2.519719j,-0.158367-1.763739j,1.674617
-3.695931-0.863164j,-0.168816-2.520310j,-0.160686-1.763152j,1.683291
-3.738584-0.873607j,-0.171120-2.520899j,-0.162999-1.762568j,1.691965
-3.781662-0.884159j,-0.173419-2.521485j,-0.165308-1.761986j,1.700639
-3.825169-0.894820j,-0.175713-2.522069j,-0.167611-1.761406j,1.709313
-3.869110-0.905591j,-0.178001-2.522650j,-0.169909-1.760828j,1.717988
-3.913489-0.916474j,-0.180284-2.523229j,-0.172202-1.760253j,1.726662
-3.958308-0.927470j,-0.182561-2.523806j,-0.174490-1.759679j,1.735336
-4.003572-0.938579j,-0.184834-2.524380j,-0.176772-1.759108j,1.744010
-4.049286-0.949803j,-0.187102-2.524952j,-0.179050-1.758539j,1.752684
-4.097077-0.961541j,-0.189443-2.525541j,-0.181402-1.757953j,1.761661
-4.145359-0.973405j,-0.191779-2.526128j,-0.183748-1.757368j,1.770637
-4.194135-0.985395j,-0.194110-2.526712j,-0.186089-1.756786j,1.779614
-4.243410-0.997512j,-0.196435-2.527294j,-0.188425-1.756207j,1.788591
-4.293190-1.009758j,-0.198755-2.527873j,-0.190756-1.755629j,1.797567
-4.343477-1.022134j,-0.201070-2.528450j,-0.193081-1.755054j,1.806544
-4.394279-1.034641j,-0.203379-2.529024j,-0.195402-1.754481j,1.815521
-4.445598-1.047281j,-0.205684-2.529597j,-0.197717-1.753910j,1.824497
-4.497440-1.060054j,-0.207983-2.530166j,-0.200027-1.753341j,1.833474
-4.549810-1.072963j,-0.210277-2.530734j,-0.202331-1.752775j,1.842451
-4.602713-1.086007j,-0.212565-2.531298j,-0.204631-1.752211j,1.851428
-4.656153-1.099190j,-0.214849-2.531861j,-0.206926-1.751649j,1.860405
-4.710137-1.112511j,-0.217128-2.532421j,-0.209215-1.751089j,1.869382
-4.764667-1.125972j,-0.219401-2.532979j,-0.211500-1.750531j,1.878359
-4.819751-1.139575j,-0.221670-2.533535j,-0.213779-1.749975j,1.887336
-4.875392-1.153320j,-0.223933-2.534088j,-0.216054-1.749421j,1.896313
-4.931597-1.167210j,-0.226192-2.534639j,-0.218324-1.748870j,1.905290
-4.988369-1.181246j,-0.228445-2.535188j,-0.220589-1.748320j,1.914267
-5.045715-1.195428j,-0.230694-2.535734j,-0.222849-1.747773j,1.923244
-5.103641-1.209759j,-0.232938-2.536278j,-0.225104-1.747228j,1.932222
-5.162150-1.224240j,-0.235177-2.536820j,-0.227354-1.746685j,1.941199
-5.221249-1.238871j,-0.237412-2.537360j,-0.229600-1.746143j,1.950176
-5.280942-1.253656j,-0.239641-2.537898j,-0.231841-1.745604j,1.959154
-5.341237-1.268594j,-0.241866-2.538433j,-0.234077-1.745067j,1.968131
-5.402137-1.283688j,-0.244086-2.538966j,-0.236309-1.744532j,1.977108
-5.463650-1.298939j,-0.246302-2.539497j,-0.238535-1.743999j,1.986086
-5.527941-1.314885j,-0.248589-2.540045j,-0.240834-1.743449j,1.995373
-5.592900-1.331002j,-0.250871-2.540589j,-0.243128-1.742902j,2.004659
-5.658532-1.347292j,-0.253148-2.541132j,-0.245418-1.742357j,2.013946
-5.724845-1.363757j,-0.255421-2.541672j,-0.247702-1.741813j,2.023233
-5.791843-1.380398j,-0.257688-2.542210j,-0.249981-1.741272j,2.032520
-5.859535-1.397218j,-0.259951-2.542746j,-0.252256-1.740733j,2.041807
-5.927926-1.414217j,-0.262209-2.543280j,-0.254526-1.740196j,2.051094
-5.997023-1.431397j,-0.264462-2.543811j,-0.256791-1.739661j,2.060381
-6.066833-1.448761j,-0.266711-2.544340j,-0.259051-1.739129j,2.069668
-6.137362-1.466310j,-0.268954-2.544867j,-0.261307-1.738598j,2.078955
-6.208618-1.484046j,-0.271193-2.545392j,-0.263558-1.738069j,2.088242
-6.280608-1.501971j,-0.273428-2.545914j,-0.265804-1.737542j,2.097529
-6.353338-1.520086j,-0.275657-2.546435j,-0.268046-1.737018j,2.106816
-6.426815-1.538394j,-0.277882-2.546953j,-0.270283-1.736495j,2.116104
-6.501046-1.556896j,-0.280103-2.547469j,-0.272515-1.735974j,2.125391
-6.576040-1.575595j,-0.282319-2.547983j,-0.274743-1.735455j,2.134678
-6.651802-1.594491j,-0.284530-2.548494j,-0.276967-1.734939j,2.143966
-6.728340-1.613587j,-0.286737-2.549004j,-0.279186-1.734424j,2.153253
-6.805661-1.632885j,-0.288940-2.549512j,-0.281400-1.733911j,2.162540
-6.883774-1.652388j,-0.291138-2.550017j,-0.283610-1.733400j,2.171828
-6.962685-1.672096j,-0.293331-2.550521j,-0.285816-1.732891j,2.181115
-7.042401-1.692012j,-0.295520-2.551022j,-0.288017-1.732384j,2.190403
-7.122932-1.712137j,-0.297705-2.551521j,-0.290214-1.731879j,2.199690
-7.204283-1.732475j,-0.299886-2.552018j,-0.292406-1.731376j,2.208978
-7.286464-1.753027j,-0.302062-2.552513j,-0.294595-1.730875j,2.218266
-7.369481-1.773794j,-0.304234-2.553007j,-0.296778-1.730376j,2.227553
-7.453343-1.794780j,-0.306402-2.553498j,-0.298958-1.729878j,2.236841
-7.540960-1.816713j,-0.308639-2.554003j,-0.301207-1.729366j,2.246443
-7.629497-1.838883j,-0.310871-2.554507j,-0.303452-1.728856j,2.256046
-7.718965-1.861294j,-0.313099-2.555008j,-0.305693-1.728347j,2.265649
-7.809371-1.883947j,-0.315323-2.555507j,-0.307929-1.727841j,2.275251
-7.900724-1.906845j,-0.317542-2.556005j,-0.310160-1.727337j,2.284854
-7.993035-1.929991j,-0.319757-2.556500j,-0.312388-1.726834j,2.294457
-8.086313-1.953386j,-0.321967-2.556993j,-0.314610-1.726334j,2.304060
-8.180566-1.977034j,-0.324173-2.557483j,-0.316829-1.725835j,2.313663
-8.275805-2.000937j,-0.326375-2.557972j,-0.319043-1.725339j,2.323265
-8.372038-2.025098j,-0.328573-2.558459j,-0.321253-1.724845j,2.332868
-8.469276-2.049518j,-0.330766-2.558943j,-0.323458-1.724352j,2.342471
-8.567529-2.074201j,-0.332955-2.559426j,-0.325660-1.723861j,2.352074
-8.666806-2.099150j,-0.335140-2.559906j,-0.327857-1.723373j,2.361677
-8.767117-2.124366j,-0.337320-2.560385j,-0.330049-1.722886j,2.371280
-8.868473-2.149853j,-0.339497-2.560861j,-0.332238-1.722401j,2.380883
-8.970882-2.175612j,-0.341669-2.561336j,-0.334423-1.721918j,2.390487
-9.074357-2.201648j,-0.343837-2.561808j,-0.336603-1.721437j,2.400090
-9.178906-2.227963j,-0.346002-2.562278j,-0.338779-1.720958j,2.409693
-9.284541-2.254559j,-0.348162-2.562747j,-0.340952-1.720481j,2.419296
-9.391272-2.281439j,-0.350318-2.563213j,-0.343120-1.720006j,2.428899
-9.499109-2.308606j,-0.352470-2.563678j,-0.345284-1.719533j,2.438503
-9.608064-2.336063j,-0.354618-2.564140j,-0.347444-1.719061j,2.448106
-9.718147-2.363813j,-0.356762-2.564601j,-0.349600-1.718592j,2.457709
-9.829369-2.391858j,-0.358902-2.565059j,-0.351753-1.718124j,2.467313
-9.941741-2.420202j,-0.361039-2.565516j,-0.353901-1.717658j,2.476916
-10.055274-2.448848j,-0.363171-2.565970j,-0.356045-1.717194j,2.486520
-10.169980-2.477798j,-0.365300-2.566423j,-0.358186-1.716732j,2.496123
-10.285869-2.507055j,-0.367424-2.566874j,-0.360323-1.716271j,2.505727
-10.402954-2.536623j,-0.369545-2.567323j,-0.362455-1.715813j,2.515330
-10.525334-2.567538j,-0.371735-2.567785j,-0.364658-1.715340j,2.525262
-10.649018-2.598792j,-0.373921-2.568245j,-0.366856-1.714870j,2.535194
-10.774019-2.630388j,-0.376103-2.568703j,-0.369050-1.714402j,2.545126
-10.900350-2.662330j,-0.378281-2.569159j,-0.371240-1.713935j,2.555058
-11.028025-2.694621j,-0.380454-2.569614j,-0.373426-1.713471j,2.564990
-11.157058-2.727266j,-0.382624-2.570066j,-0.375608-1.713008j,2.574923
-11.287460-2.760267j,-0.384790-2.570516j,-0.377786-1.712547j,2.584855
-11.419247-2.793629j,-0.386953-2.570964j,-0.379961-1.712088j,2.594787
-11.552433-2.827354j,-0.389111-2.571410j,-0.382131-1.711631j,2.604719
-11.687030-2.861447j,-0.391266-2.571855j,-0.384298-1.711176j,2.614651
-11.823054-2.895912j,-0.393416-2.572297j,-0.386460-1.710723j,2.624584
-11.960517-2.930752j,-0.395563-2.572737j,-0.388619-1.710272j,2.634516
-12.099436-2.965971j,-0.397706-2.573176j,-0.390774-1.709823j,2.644448
-12.239824-3.001573j,-0.399846-2.573612j,-0.392926-1.709375j,2.654381
-12.381696-3.037561j,-0.401982-2.574046j,-0.395073-1.708930j,2.664313
-12.525067-3.073941j,-0.404114-2.574479j,-0.397217-1.708486j,2.674246
-12.669951-3.110715j,-0.406242-2.574910j,-0.399358-1.708044j,2.684178
-12.816364-3.147888j,-0.408367-2.575338j,-0.401494-1.707604j,2.694111
-12.964321-3.185463j,-0.410488-2.575765j,-0.403627-1.707166j,2.704043
-13.113837-3.223446j,-0.412606-2.576190j,-0.405757-1.706730j,2.713976
-13.264928-3.261839j,-0.414720-2.576613j,-0.407882-1.706296j,2.723909
-13.417610-3.300648j,-0.416831-2.577034j,-0.410005-1.705863j,2.733841
-13.571898-3.339876j,-0.418938-2.577453j,-0.412123-1.705432j,2.743774
-13.727808-3.379528j,-0.421041-2.577871j,-0.414238-1.705003j,2.753707
-13.885356-3.419608j,-0.423141-2.578286j,-0.416350-1.704576j,2.763639
-14.044560-3.460120j,-0.425238-2.578700j,-0.418458-1.704151j,2.773572
-14.205434-3.501069j,-0.427331-2.579112j,-0.420563-1.703728j,2.783505
-14.367997-3.542459j,-0.429421-2.579522j,-0.422664-1.703306j,2.793438
-14.532263-3.584294j,-0.431507-2.579930j,-0.424762-1.702886j,2.803371
-14.698252-3.626580j,-0.433590-2.580336j,-0.426856-1.702468j,2.813303
-14.865979-3.669321j,-0.435670-2.580741j,-0.428947-1.702052j,2.823236
-15.041253-3.713997j,-0.437817-2.581157j,-0.431106-1.701623j,2.833505
-15.218424-3.759169j,-0.439960-2.581571j,-0.433261-1.701196j,2.843774
-15.397511-3.804843j,-0.442100-2.581984j,-0.435412-1.700772j,2.854043
-15.578533-3.851023j,-0.444237-2.582394j,-0.437560-1.700349j,2.864311
-15.761511-3.897716j,-0.446370-2.582803j,-0.439705-1.699928j,2.874580
-15.946465-3.944926j,-0.448499-2.583210j,-0.441846-1.699509j,2.884849
-16.133414-3.992658j,-0.450625-2.583615j,-0.443984-1.699091j,2.895118
-16.322380-4.040919j,-0.452748-2.584018j,-0.446118-1.698676j,2.905387
-16.513382-4.089713j,-0.454868-2.584419j,-0.448249-1.698263j,2.915656
-16.706442-4.139047j,-0.456984-2.584818j,-0.450376-1.697851j,2.925925
-16.901581-4.188926j,-0.459096-2.585215j,-0.452500-1.697441j,2.936194
-17.098820-4.239355j,-0.461206-2.585611j,-0.454621-1.697033j,2.946463
-17.298181-4.290341j,-0.463312-2.586004j,-0.456738-1.696627j,2.956732
-17.499686-4.341888j,-0.465415-2.586396j,-0.458853-1.696223j,2.967001
-17.703355-4.394004j,-0.467515-2.586786j,-0.460964-1.695820j,2.977271
-17.909212-4.446695j,-0.469612-2.587174j,-0.463071-1.695419j,2.987540
-18.117279-4.499965j,-0.471705-2.587560j,-0.465176-1.695021j,2.997809
-18.327579-4.553821j,-0.473795-2.587945j,-0.467277-1.694623j,3.008078
-18.540133-4.608269j,-0.475883-2.588328j,-0.469375-1.694228j,3.018347
-18.754967-4.663316j,-0.477967-2.588708j,-0.471470-1.693835j,3.028617
-18.972102-4.718967j,-0.480047-2.589087j,-0.473562-1.693443j,3.038886
-19.191562-4.775229j,-0.482125-2.589465j,-0.475651-1.693053j,3.049155
-19.413371-4.832108j,-0.484200-2.589840j,-0.477737-1.692665j,3.059425
-19.637553-4.889612j,-0.486272-2.590214j,-0.479819-1.692279j,3.069694
-19.864132-4.947745j,-0.488341-2.590586j,-0.481899-1.691894j,3.079963
-20.093133-5.006515j,-0.490407-2.590956j,-0.483975-1.691511j,3.090233
-20.324581-5.065929j,-0.492470-2.591324j,-0.486049-1.691130j,3.100502
-20.558500-5.125992j,-0.494529-2.591691j,-0.488120-1.690751j,3.110772
-20.794915-5.186713j,-0.496586-2.592056j,-0.490187-1.690374j,3.121041
-21.033853-5.248097j,-0.498641-2.592419j,-0.492252-1.689998j,3.131311
-21.275339-5.310152j,-0.500692-2.592781j,-0.494314-1.689624j,3.141580
-21.519399-5.372885j,-0.502740-2.593140j,-0.496373-1.689251j,3.151850
-21.766059-5.436302j,-0.504786-2.593498j,-0.498429-1.688881j,3.162120
-22.015345-5.500411j,-0.506828-2.593855j,-0.500482-1.688512j,3.172389
-22.267286-5.565219j,-0.508868-2.594209j,-0.502532-1.688145j,3.182659
-22.530777-5.633016j,-0.510976-2.594574j,-0.504651-1.687766j,3.193283
-22.797169-5.701577j,-0.513081-2.594938j,-0.506766-1.687390j,3.203906
-23.066491-5.770910j,-0.515183-2.595299j,-0.508878-1.687016j,3.214530
-23.338774-5.841025j,-0.517281-2.595659j,-0.510988-1.686643j,3.225153
-23.614049-5.911928j,-0.519377-2.596017j,-0.513095-1.686272j,3.235777
-23.892349-5.983629j,-0.521470-2.596373j,-0.515198-1.685903j,3.246401
-24.173705-6.056136j,-0.523561-2.596727j,-0.517299-1.685536j,3.257025
-24.458149-6.129458j,-0.525648-2.597080j,-0.519397-1.685170j,3.267648
-24.745714-6.203603j,-0.527733-2.597431j,-0.521492-1.684806j,3.278272
-25.036433-6.278581j,-0.529815-2.597780j,-0.523584-1.684444j,3.288896
-25.330338-6.354400j,-0.531894-2.598127j,-0.525674-1.684084j,3.299520
-25.627464-6.431069j,-0.533970-2.598473j,-0.527761-1.683726j,3.310144
-25.927844-6.508598j,-0.536044-2.598817j,-0.529844-1.683369j,3.320767
-26.231513-6.586996j,-0.538115-2.599159j,-0.531926-1.683014j,3.331391
-26.538506-6.666271j,-0.540183-2.599500j,-0.534004-1.682661j,3.342015
-26.848856-6.746435j,-0.542248-2.599838j,-0.536080-1.682309j,3.352639
-27.162600-6.827495j,-0.544311-2.600175j,-0.538153-1.681960j,3.363263
-27.479774-6.909461j,-0.546371-2.600511j,-0.540223-1.681612j,3.373887
-27.800413-6.992344j,-0.548429-2.600844j,-0.542291-1.681265j,3.384511
-28.124553-7.076153j,-0.550484-2.601177j,-0.544356-1.680921j,3.395135
-28.452233-7.160899j,-0.552537-2.601507j,-0.546419-1.680578j,3.405759
-28.783488-7.246590j,-0.554587-2.601836j,-0.548479-1.680237j,3.416383
-29.118358-7.333237j,-0.556634-2.602163j,-0.550536-1.679897j,3.427008
-29.456878-7.420851j,-0.558679-2.602488j,-0.552591-1.679559j,3.437632
-29.799089-7.509442j,-0.560721-2.602812j,-0.554644-1.679223j,3.448256
-30.145028-7.599020j,-0.562761-2.603134j,-0.556694-1.678888j,3.458880
-30.494735-7.689596j,-0.564799-2.603454j,-0.558741-1.678556j,3.469504
-30.848250-7.781180j,-0.566834-2.603773j,-0.560786-1.678224j,3.480128
-31.205613-7.873784j,-0.568867-2.604090j,-0.562828-1.677895j,3.490753
-31.566863-7.967418j,-0.570897-2.604406j,-0.564868-1.677567j,3.501377
-31.932042-8.062093j,-0.572925-2.604720j,-0.566906-1.677241j,3.512001
-32.301191-8.157821j,-0.574950-2.605032j,-0.568941-1.676916j,3.522626
-32.674353-8.254612j,-0.576973-2.605343j,-0.570974-1.676593j,3.533250
-33.051568-8.352478j,-0.578994-2.605652j,-0.573005-1.676272j,3.543874
-33.432879-8.451431j,-0.581013-2.605960j,-0.575033-1.675952j,3.554499
-33.818330-8.551482j,-0.583029-2.606266j,-0.577059-1.675634j,3.565123
-34.207964-8.652642j,-0.585043-2.606571j,-0.579082-1.675317j,3.575747
-34.601825-8.754924j,-0.587054-2.606874j,-0.581103-1.675002j,3.586372
-34.999957-8.858340j,-0.589064-2.607175j,-0.583122-1.674689j,3.596996
-35.402405-8.962902j,-0.591071-2.607475j,-0.585139-1.674377j,3.607621
-35.823324-9.072289j,-0.593145-2.607784j,-0.587223-1.674056j,3.618610
-36.248961-9.182929j,-0.595217-2.608091j,-0.589304-1.673737j,3.629599
-36.679368-9.294836j,-0.597286-2.608396j,-0.591384-1.673419j,3.640588
-37.114596-9.408024j,-0.599353-2.608700j,-0.593460-1.673103j,3.651577
-37.554696-9.522506j,-0.601418-2.609002j,-0.595535-1.672789j,3.662566
-37.999723-9.638298j,-0.603480-2.609303j,-0.597607-1.672477j,3.673555
-38.449730-9.755413j,-0.605541-2.609602j,-0.599677-1.672166j,3.684544
-38.904770-9.873867j,-0.607599-2.609899j,-0.601745-1.671856j,3.695533
-39.364898-9.993674j,-0.609654-2.610195j,-0.603810-1.671549j,3.706522
-39.830170-10.114849j,-0.611708-2.610489j,-0.605873-1.671243j,3.717511
-40.300641-10.237407j,-0.613759-2.610782j,-0.607934-1.670938j,3.728500
-40.776367-10.361363j,-0.615808-2.611073j,-0.609993-1.670635j,3.739489
-41.257405-10.486733j,-0.617855-2.611362j,-0.612050-1.670334j,3.750478
-41.743814-10.613532j,-0.619900-2.611650j,-0.614104-1.670035j,3.761467
-42.235650-10.741776j,-0.621943-2.611937j,-0.616156-1.669737j,3.772457
-42.732974-10.871481j,-0.623984-2.612222j,-0.618206-1.669440j,3.783446
-43.235844-11.002664j,-0.626022-2.612505j,-0.620254-1.669145j,3.794435
-43.744321-11.135340j,-0.628059-2.612787j,-0.622300-1.668852j,3.805424
-44.258465-11.269525j,-0.630093-2.613067j,-0.624344-1.668560j,3.816414
-44.778337-11.405237j,-0.632126-2.613346j,-0.626386-1.668270j,3.827403
-45.304000-11.542493j,-0.634156-2.613624j,-0.628426-1.667981j,3.838392
-45.835516-11.681308j,-0.636184-2.613899j,-0.630463-1.667694j,3.849382
-46.372949-11.821701j,-0.638211-2.614174j,-0.632499-1.667409j,3.860371
-46.916363-11.963689j,-0.640235-2.614447j,-0.634533-1.667125j,3.871360
-47.465823-12.107289j,-0.642258-2.614718j,-0.636565-1.666842j,3.882350
-48.021393-12.252519j,-0.644278-2.614988j,-0.638594-1.666561j,3.893339
-48.583140-12.399397j,-0.646297-2.615257j,-0.640622-1.666281j,3.904328
-49.151131-12.547941j,-0.648313-2.615524j,-0.642648-1.666003j,3.915318
-49.725434-12.698170j,-0.650328-2.615790j,-0.644672-1.665727j,3.926307
-50.306116-12.850102j,-0.652341-2.616054j,-0.646694-1.665452j,3.937297
-50.893246-13.003755j,-0.654352-2.616317j,-0.648714-1.665178j,3.948286
-51.486896-13.159149j,-0.656361-2.616578j,-0.650732-1.664906j,3.959276
-52.087134-13.316303j,-0.658368-2.616838j,-0.652749-1.664636j,3.970265
-52.694032-13.475235j,-0.660374-2.617097j,-0.654763-1.664366j,3.981255
-53.307663-13.635967j,-0.662377-2.617354j,-0.656776-1.664099j,3.992245
-53.928098-13.798517j,-0.664379-2.617610j,-0.658787-1.663832j,4.003234
-54.555412-13.962905j,-0.666379-2.617864j,-0.660796-1.663568j,4.014224
-55.189678-14.129151j,-0.668377-2.618117j,-0.662803-1.663304j,4.025213
-55.830973-14.297277j,-0.670374-2.618369j,-0.664809-1.663042j,4.036203
-56.479372-14.467302j,-0.672368-2.618619j,-0.666813-1.662782j,4.047193
-57.134951-14.639248j,-0.674361-2.618868j,-0.668815-1.662523j,4.058182
-57.797788-14.813135j,-0.676353-2.619115j,-0.670815-1.662265j,4.069172
-58.467962-14.988985j,-0.678342-2.619362j,-0.672814-1.662009j,4.080162
-59.145552-15.166820j,-0.680330-2.619607j,-0.674811-1.661754j,4.091151
-59.830638-15.346660j,-0.682316-2.619850j,-0.676806-1.661500j,4.102141
-60.523301-15.528529j,-0.684301-2.620092j,-0.678799-1.661248j,4.113131
-61.223623-15.712448j,-0.686284-2.620333j,-0.680791-1.660997j,4.124121
-61.931686-15.898440j,-0.688265-2.620573j,-0.682781-1.660748j,4.135110
-62.672207-16.093000j,-0.690313-2.620819j,-0.684838-1.660491j,4.146474
-63.421191-16.289827j,-0.692358-2.621064j,-0.686893-1.660236j,4.157838
-64.178733-16.488947j,-0.694402-2.621308j,-0.688946-1.659982j,4.169201
-64.944928-16.690385j,-0.696444-2.621550j,-0.690997-1.659730j,4.180565
-65.719873-16.894168j,-0.698485-2.621791j,-0.693047-1.659479j,4.191929
-66.503665-17.100323j,-0.700524-2.622031j,-0.695095-1.659230j,4.203293
-67.296403-17.308875j,-0.702561-2.622269j,-0.697141-1.658982j,4.214656
-68.098187-17.519853j,-0.704596-2.622506j,-0.699186-1.658735j,4.226020
-68.909118-17.733285j,-0.706630-2.622742j,-0.701229-1.658490j,4.237384
-69.729298-17.949196j,-0.708663-2.622976j,-0.703271-1.658246j,4.248748
-70.558830-18.167617j,-0.710693-2.623209j,-0.705310-1.658004j,4.260112
-71.397819-18.388575j,-0.712722-2.623440j,-0.707349-1.657763j,4.271476
-72.246369-18.612099j,-0.714750-2.623671j,-0.709385-1.657523j,4.282839
-73.104588-18.838218j,-0.716776-2.623900j,-0.711420-1.657285j,4.294203
-73.972583-19.066961j,-0.718800-2.624127j,-0.713454-1.657048j,4.305567
-74.850463-19.298358j,-0.720823-2.624354j,-0.715486-1.656812j,4.316931
-75.738340-19.532439j,-0.722844-2.624579j,-0.717516-1.656578j,4.328295
-76.636323-19.769235j,-0.724864-2.624803j,-0.719545-1.656345j,4.339659
-77.544526-20.008776j,-0.726883-2.625025j,-0.721572-1.656114j,4.351023
-78.463062-20.251094j,-0.728899-2.625246j,-0.723598-1.655883j,4.362387
-79.392047-20.496219j,-0.730915-2.625466j,-0.725622-1.655654j,4.373751
-80.331598-20.744183j,-0.732929-2.625685j,-0.727645-1.655427j,4.385115
-81.281831-20.995019j,-0.734941-2.625903j,-0.729667-1.655200j,4.396479
-82.242867-21.248759j,-0.736952-2.626119j,-0.731687-1.654975j,4.407843
-83.214825-21.505435j,-0.738961-2.626334j,-0.733705-1.654752j,4.419207
-84.197826-21.765082j,-0.740970-2.626548j,-0.735722-1.654529j,4.430571
-85.191995-22.027732j,-0.742976-2.626761j,-0.737738-1.654308j,4.441935
-86.197456-22.293419j,-0.744982-2.626972j,-0.739752-1.654088j,4.453299
-87.214333-22.562179j,-0.746986-2.627182j,-0.741765-1.653869j,4.464663
-88.242755-22.834045j,-0.748988-2.627391j,-0.743777-1.653652j,4.476027
-89.282850-23.109052j,-0.750989-2.627599j,-0.745787-1.653435j,4.487391
-90.334747-23.387236j,-0.752989-2.627806j,-0.747795-1.653220j,4.498756
-91.398579-23.668634j,-0.754988-2.628012j,-0.749803-1.653007j,4.510120
-92.474478-23.953280j,-0.756985-2.628216j,-0.751809-1.652794j,4.521484
-93.562579-24.241213j,-0.758981-2.628419j,-0.753814-1.652583j,4.532848
-94.663017-24.532469j,-0.760975-2.628621j,-0.755817-1.652373j,4.544212
-95.775929-24.827085j,-0.762968-2.628822j,-0.757819-1.652164j,4.555577
-96.901455-25.125099j,-0.764960-2.629022j,-0.759820-1.651956j,4.566941
-98.039735-25.426550j,-0.766951-2.629220j,-0.761820-1.651750j,4.578305
-99.190910-25.731477j,-0.768940-2.629418j,-0.763818-1.651545j,4.589669
-100.355124-26.039918j,-0.770928-2.629614j,-0.765815-1.651340j,4.601033
-101.532523-26.351914j,-0.772915-2.629809j,-0.767811-1.651138j,4.612398
-102.723253-26.667504j,-0.774901-2.630003j,-0.769805-1.650936j,4.623762
-103.927462-26.986730j,-0.776885-2.630196j,-0.771798-1.650735j,4.635126
-105.145300-27.309631j,-0.778869-2.630388j,-0.773790-1.650536j,4.646491
-106.376919-27.636250j,-0.780851-2.630579j,-0.775781-1.650337j,4.657855
-107.622471-27.966628j,-0.782831-2.630768j,-0.777771-1.650140j,4.669219
-108.882113-28.300808j,-0.784811-2.630957j,-0.779759-1.649944j,4.680584
-110.156000-28.638832j,-0.786789-2.631145j,-0.781747-1.649749j,4.691948
-111.444291-28.980744j,-0.788767-2.631331j,-0.783733-1.649556j,4.703312
-112.747147-29.326588j,-0.790743-2.631516j,-0.785718-1.649363j,4.714677
-114.064728-29.676408j,-0.792718-2.631701j,-0.787701-1.649171j,4.726041
-115.397199-30.030249j,-0.794691-2.631884j,-0.789684-1.648981j,4.737406
-116.744725-30.388155j,-0.796664-2.632066j,-0.791665-1.648792j,4.748770
-118.107474-30.750174j,-0.798636-2.632247j,-0.793646-1.648603j,4.760134
-119.485614-31.116351j,-0.800606-2.632428j,-0.795625-1.648416j,4.771499
-120.879317-31.486732j,-0.802575-2.632607j,-0.797603-1.648230j,4.782863
-122.288755-31.861366j,-0.804543-2.632785j,-0.799580-1.648045j,4.794228
-123.714104-32.240300j,-0.806511-2.632962j,-0.801556-1.647861j,4.805592
-125.155541-32.623583j,-0.808477-2.633138j,-0.803531-1.647678j,4.816957
-126.613243-33.011263j,-0.810441-2.633313j,-0.805504-1.647497j,4.828321
-128.087392-33.403391j,-0.812405-2.633487j,-0.807477-1.647316j,4.839686
-129.578170-33.800015j,-0.814368-2.633660j,-0.809449-1.647136j,4.851050
-131.137519-34.214961j,-0.816397-2.633838j,-0.811486-1.646951j,4.862800
-132.715056-34.634826j,-0.818425-2.634015j,-0.813523-1.646768j,4.874551
-134.310990-35.059669j,-0.820451-2.634191j,-0.815559-1.646585j,4.886301
-135.925532-35.489547j,-0.822476-2.634366j,-0.817593-1.646404j,4.898051
-137.558896-35.924519j,-0.824501-2.634539j,-0.819626-1.646223j,4.909801
-139.211298-36.364644j,-0.826524-2.634712j,-0.821659-1.646044j,4.921552
-140.882957-36.809981j,-0.828546-2.634884j,-0.823690-1.645866j,4.933302
-142.574093-37.260592j,-0.830567-2.635054j,-0.825720-1.645689j,4.945052
-144.284931-37.716538j,-0.832587-2.635224j,-0.827749-1.645513j,4.956802
-146.015696-38.177880j,-0.834606-2.635393j,-0.829777-1.645338j,4.968553
-147.007372-38.442254j,-0.835752-2.635488j,-0.830928-1.645239j,4.975241
-147.007372-38.442254j,-0.835752-2.635488j,-0.830928-1.645239j,4.975241
-147.007372-38.442254j,-0.835752-2.635488j,-0.830928-1.645239j,4.975241
-147.007372-38.442254j,-0.835752-2.635488j,-0.830928-1.645239j,4.975241
-147.007372-38.442254j,-0.835752-2.635488j,-0.830928-1.645239j,4.975241
-147.007374-38.442255j,-0.835752-2.635488j,-0.830928-1.645239j,4.975241
-147.007380-38.442256j,-0.835752-2.635488j,-0.830928-1.645239j,4.975241
-147.007407-38.442263j,-0.835752-2.635488j,-0.830928-1.645239j,4.975241
-147.007530-38.442296j,-0.835753-2.635488j,-0.830929-1.645239j,4.975242
-147.008084-38.442444j,-0.835753-2.635488j,-0.830929-1.645239j,4.975246
-147.010577-38.443109j,-0.835756-2.635488j,-0.830932-1.645239j,4.975263
-147.021797-38.446100j,-0.835769-2.635489j,-0.830945-1.645237j,4.975338
-147.072296-38.459563j,-0.835827-2.635494j,-0.831004-1.645232j,4.975679
-147.299749-38.520205j,-0.836089-2.635516j,-0.831266-1.645210j,4.977210
-148.327523-38.794240j,-0.837266-2.635613j,-0.832449-1.645109j,4.984082
-150.111628-39.270005j,-0.839290-2.635780j,-0.834481-1.644936j,4.995873
-151.916576-39.751418j,-0.841312-2.635946j,-0.836513-1.644763j,5.007665
-153.742607-40.238543j,-0.843334-2.636111j,-0.838544-1.644592j,5.019456
-155.589964-40.731448j,-0.845355-2.636275j,-0.840574-1.644422j,5.031247
-157.458892-41.230201j,-0.847374-2.636438j,-0.842602-1.644253j,5.043038
-159.349639-41.734869j,-0.849393-2.636600j,-0.844630-1.644085j,5.054830
-161.262457-42.245521j,-0.851411-2.636761j,-0.846657-1.643918j,5.066621
-163.197601-42.762227j,-0.853428-2.636921j,-0.848683-1.643752j,5.078412
-165.155326-43.285057j,-0.855443-2.637081j,-0.850707-1.643587j,5.090204
-167.135893-43.814084j,-0.857458-2.637239j,-0.852731-1.643423j,5.101995
-169.139565-44.349378j,-0.859472-2.637396j,-0.854754-1.643260j,5.113786
-171.166608-44.891014j,-0.861485-2.637552j,-0.856776-1.643098j,5.125578
-173.217290-45.439065j,-0.863497-2.637708j,-0.858797-1.642937j,5.137369
-175.291885-45.993605j,-0.865508-2.637862j,-0.860817-1.642777j,5.149160
-177.390667-46.554710j,-0.867518-2.638016j,-0.862837-1.642618j,5.160952
-179.513914-47.122458j,-0.869527-2.638168j,-0.864855-1.642460j,5.172743
-181.661907-47.696924j,-0.871536-2.638320j,-0.866872-1.642303j,5.184535
-183.834933-48.278188j,-0.873543-2.638471j,-0.868889-1.642146j,5.196326
-186.033278-48.866328j,-0.875550-2.638621j,-0.870904-1.641991j,5.208118
-188.257234-49.461424j,-0.877556-2.638770j,-0.872919-1.641837j,5.219909
-190.507096-50.063558j,-0.879560-2.638918j,-0.874933-1.641683j,5.231701
-192.783161-50.672811j,-0.881564-2.639065j,-0.876946-1.641531j,5.243492
-195.085731-51.289266j,-0.883567-2.639212j,-0.878958-1.641379j,5.255283
-197.415111-51.913007j,-0.885570-2.639357j,-0.880969-1.641229j,5.267075
-199.771610-52.544119j,-0.887571-2.639502j,-0.882979-1.641079j,5.278866
-202.155538-53.182688j,-0.889572-2.639646j,-0.884989-1.640930j,5.290658
-204.567211-53.828799j,-0.891571-2.639789j,-0.886997-1.640782j,5.302450
-207.006950-54.482542j,-0.893570-2.639931j,-0.889005-1.640635j,5.314241
-209.475075-55.144004j,-0.895568-2.640072j,-0.891012-1.640489j,5.326033
-211.971914-55.813276j,-0.897565-2.640212j,-0.893019-1.640343j,5.337824
-214.497796-56.490448j,-0.899562-2.640352j,-0.895024-1.640199j,5.349616
-217.053056-57.175612j,-0.901558-2.640491j,-0.897029-1.640056j,5.361407
-219.638032-57.868861j,-0.903552-2.640629j,-0.899032-1.639913j,5.373199
-222.253064-58.570289j,-0.905546-2.640766j,-0.901035-1.639771j,5.384990
-224.898499-59.279991j,-0.907540-2.640902j,-0.903038-1.639630j,5.396782
-227.574685-59.998063j,-0.909532-2.641037j,-0.905039-1.639490j,5.408574
-230.281977-60.724603j,-0.911524-2.641172j,-0.907040-1.639351j,5.420365
-233.020731-61.459708j,-0.913515-2.641306j,-0.909040-1.639212j,5.432157
-235.791309-62.203479j,-0.915505-2.641439j,-0.911039-1.639075j,5.443948
-238.594078-62.956017j,-0.917495-2.641571j,-0.913037-1.638938j,5.455740
-241.429406-63.717422j,-0.919483-2.641703j,-0.915035-1.638802j,5.467532
-244.297668-64.487798j,-0.921471-2.641833j,-0.917032-1.638667j,5.479323
-247.199242-65.267249j,-0.923458-2.641963j,-0.919028-1.638533j,5.491115
-250.134511-66.055880j,-0.925445-2.642092j,-0.921023-1.638400j,5.502907
-253.103863-66.853799j,-0.927431-2.642221j,-0.923018-1.638267j,5.514698
-256.107688-67.661113j,-0.929416-2.642348j,-0.925012-1.638135j,5.526490
-259.146382-68.477931j,-0.931400-2.642475j,-0.927005-1.638004j,5.538282
-262.220346-69.304363j,-0.933384-2.642601j,-0.928998-1.637874j,5.550074
-265.329986-70.140521j,-0.935367-2.642727j,-0.930990-1.637744j,5.561865
-268.475710-70.986518j,-0.937349-2.642851j,-0.932981-1.637616j,5.573657
-271.657934-71.842468j,-0.939331-2.642975j,-0.934971-1.637488j,5.585449
-274.877076-72.708487j,-0.941312-2.643098j,-0.936961-1.637361j,5.597240
-278.133560-73.584691j,-0.943292-2.643220j,-0.938950-1.637234j,5.609032
-281.427816-74.471199j,-0.945271-2.643342j,-0.940939-1.637109j,5.620824
-284.760276-75.368129j,-0.947250-2.643463j,-0.942926-1.636984j,5.632616
-288.131380-76.275604j,-0.949228-2.643583j,-0.944914-1.636860j,5.644407
-291.541571-77.193746j,-0.951206-2.643703j,-0.946900-1.636737j,5.656199
-294.991297-78.122678j,-0.953183-2.643821j,-0.948886-1.636614j,5.667991
-298.481013-79.062524j,-0.955159-2.643940j,-0.950871-1.636492j,5.679783
-302.011178-80.013413j,-0.957135-2.644057j,-0.952855-1.636371j,5.691575
-305.582256-80.975472j,-0.959110-2.644174j,-0.954839-1.636251j,5.703366
-309.194717-81.948830j,-0.961084-2.644290j,-0.956822-1.636131j,5.715158
-312.849035-82.933619j,-0.963058-2.644405j,-0.958805-1.636012j,5.726950
-316.545690-83.929970j,-0.965031-2.644519j,-0.960787-1.635894j,5.738742
-320.285170-84.938019j,-0.967003-2.644633j,-0.962768-1.635777j,5.750534
-324.067965-85.957901j,-0.968975-2.644747j,-0.964749-1.635660j,5.762326
-327.894572-86.989752j,-0.970946-2.644859j,-0.966729-1.635544j,5.774117
-331.765494-88.033712j,-0.972917-2.644971j,-0.968708-1.635429j,5.785909
-335.681239-89.089920j,-0.974887-2.645082j,-0.970687-1.635314j,5.797701
-339.642322-90.158520j,-0.976857-2.645193j,-0.972666-1.635200j,5.809493
-343.649263-91.239653j,-0.978825-2.645303j,-0.974643-1.635087j,5.821285
-347.702588-92.333467j,-0.980794-2.645412j,-0.976620-1.634974j,5.833077
-351.802829-93.440107j,-0.982761-2.645521j,-0.978597-1.634863j,5.844869
-355.950524-94.559722j,-0.984729-2.645629j,-0.980573-1.634751j,5.856661
-360.146218-95.692462j,-0.986695-2.645736j,-0.982548-1.634641j,5.868453
-364.390461-96.838480j,-0.988661-2.645843j,-0.984523-1.634531j,5.880245
-368.683810-97.997929j,-0.990627-2.645949j,-0.986497-1.634422j,5.892036
-373.026828-99.170965j,-0.992591-2.646054j,-0.988471-1.634313j,5.903828
-377.420085-100.357745j,-0.994556-2.646159j,-0.990444-1.634206j,5.915620
-381.864157-101.558429j,-0.996520-2.646263j,-0.992416-1.634098j,5.927412
-386.359626-102.773176j,-0.998483-2.646367j,-0.994388-1.633992j,5.939204
-390.907083-104.002151j,-1.000445-2.646469j,-0.996360-1.633886j,5.950996
-395.507123-105.245517j,-1.002408-2.646572j,-0.998331-1.633781j,5.962788
-400.160349-106.503442j,-1.004369-2.646674j,-1.000301-1.633676j,5.974580
-404.867371-107.776094j,-1.006330-2.646775j,-1.002271-1.633572j,5.986372
-409.628806-109.063643j,-1.008291-2.646875j,-1.004240-1.633469j,5.998164
-414.445277-110.366262j,-1.010251-2.646975j,-1.006209-1.633366j,6.009956
-419.317416-111.684125j,-1.012210-2.647074j,-1.008177-1.633264j,6.021748
-424.245861-113.017408j,-1.014169-2.647173j,-1.010145-1.633162j,6.033540
-429.231257-114.366291j,-1.016128-2.647271j,-1.012112-1.633061j,6.045332
-434.274256-115.730953j,-1.018086-2.647369j,-1.014079-1.632961j,6.057124
-439.375520-117.111577j,-1.020043-2.647466j,-1.016045-1.632862j,6.068916
-444.535716-118.508348j,-1.022000-2.647562j,-1.018011-1.632762j,6.080708
-449.755520-119.921453j,-1.023957-2.647658j,-1.019976-1.632664j,6.092500
-455.035614-121.351079j,-1.025913-2.647753j,-1.021941-1.632566j,6.104292
-460.376690-122.797420j,-1.027868-2.647848j,-1.023905-1.632469j,6.116084
-465.779446-124.260667j,-1.029823-2.647942j,-1.025869-1.632372j,6.127876
-471.244590-125.741016j,-1.031778-2.648036j,-1.027832-1.632276j,6.139668
-476.772836-127.238666j,-1.033732-2.648129j,-1.029795-1.632181j,6.151460
-482.555390-128.805430j,-1.035752-2.648224j,-1.031823-1.632083j,6.163649
-488.406974-130.391122j,-1.037771-2.648319j,-1.033852-1.631985j,6.175838
-494.328405-131.995971j,-1.039790-2.648414j,-1.035879-1.631888j,6.188028
-500.320511-133.620203j,-1.041808-2.648508j,-1.037906-1.631792j,6.200217
-506.384128-135.264052j,-1.043826-2.648601j,-1.039933-1.631696j,6.212406
-512.520105-136.927751j,-1.045843-2.648694j,-1.041959-1.631601j,6.224595
-518.729298-138.611538j,-1.047860-2.648786j,-1.043985-1.631507j,6.236784
-525.012575-140.315652j,-1.049876-2.648877j,-1.046010-1.631413j,6.248973
-531.370813-142.040338j,-1.051892-2.648968j,-1.048035-1.631319j,6.261162
-537.804901-143.785840j,-1.053907-2.649059j,-1.050059-1.631227j,6.273351
-544.315736-145.552407j,-1.055922-2.649149j,-1.052083-1.631134j,6.285540
-550.904227-147.340291j,-1.057937-2.649238j,-1.054107-1.631043j,6.297729
-557.571295-149.149746j,-1.059951-2.649327j,-1.056129-1.630952j,6.309918
-564.317869-150.981031j,-1.061964-2.649415j,-1.058152-1.630861j,6.322107
-571.144892-152.834406j,-1.063977-2.649503j,-1.060174-1.630772j,6.334296
-578.053316-154.710135j,-1.065990-2.649590j,-1.062195-1.630682j,6.346485
-585.044105-156.608485j,-1.068002-2.649677j,-1.064216-1.630594j,6.358674
-592.118235-158.529725j,-1.070014-2.649763j,-1.066237-1.630505j,6.370864
-599.276691-160.474131j,-1.072025-2.649848j,-1.068257-1.630418j,6.383053
-606.520474-162.441977j,-1.074036-2.649933j,-1.070277-1.630331j,6.395242
-613.850592-164.433544j,-1.076047-2.650018j,-1.072296-1.630244j,6.407431
-621.268068-166.449116j,-1.078057-2.650102j,-1.074315-1.630158j,6.419620
-628.773937-168.488978j,-1.080066-2.650185j,-1.076333-1.630073j,6.431809
-636.369245-170.553421j,-1.082075-2.650268j,-1.078351-1.629988j,6.443998
-644.055050-172.642738j,-1.084084-2.650351j,-1.080369-1.629903j,6.456187
-651.832425-174.757226j,-1.086093-2.650433j,-1.082386-1.629820j,6.468377
-659.702452-176.897186j,-1.088100-2.650514j,-1.084402-1.629736j,6.480566
-667.666229-179.062921j,-1.090108-2.650595j,-1.086419-1.629653j,6.492755
-675.724865-181.254739j,-1.092115-2.650676j,-1.088435-1.629571j,6.504944
-683.879484-183.472952j,-1.094122-2.650756j,-1.090450-1.629489j,6.517133
-692.131221-185.717875j,-1.096128-2.650835j,-1.092465-1.629408j,6.529323
-700.481225-187.989825j,-1.098134-2.650914j,-1.094480-1.629327j,6.541512
-708.930660-190.289126j,-1.100139-2.650993j,-1.096494-1.629247j,6.553701
-717.480703-192.616104j,-1.102145-2.651071j,-1.098508-1.629167j,6.565890
-726.132544-194.971090j,-1.104149-2.651148j,-1.100521-1.629088j,6.578079
-734.887387-197.354416j,-1.106154-2.651226j,-1.102534-1.629009j,6.590269
-743.746453-199.766422j,-1.108158-2.651302j,-1.104547-1.628931j,6.602458
-752.710973-202.207449j,-1.110161-2.651378j,-1.106559-1.628853j,6.614647
-761.782196-204.677844j,-1.112164-2.651454j,-1.108571-1.628776j,6.626836
-770.961385-207.177957j,-1.114167-2.651529j,-1.110582-1.628699j,6.639025
-780.249816-209.708142j,-1.116170-2.651604j,-1.112594-1.628623j,6.651215
-789.648783-212.268757j,-1.118172-2.651678j,-1.114604-1.628547j,6.663404
-799.159593-214.860167j,-1.120173-2.651752j,-1.116615-1.628472j,6.675593
-808.783570-217.482737j,-1.122175-2.651826j,-1.118625-1.628397j,6.687782
-818.522052-220.136840j,-1.124176-2.651899j,-1.120634-1.628323j,6.699972
-828.376394-222.822852j,-1.126176-2.651971j,-1.122643-1.628249j,6.712161
-838.347967-225.541152j,-1.128177-2.652043j,-1.124652-1.628175j,6.724350
-848.438156-228.292126j,-1.130177-2.652115j,-1.126661-1.628102j,6.736539
-858.648367-231.076163j,-1.132176-2.652186j,-1.128669-1.628030j,6.748729
-868.980018-233.893657j,-1.134175-2.652257j,-1.130677-1.627957j,6.760918
-879.434545-236.745008j,-1.136174-2.652327j,-1.132684-1.627886j,6.773107
-890.013403-239.630618j,-1.138173-2.652397j,-1.134691-1.627815j,6.785297
-900.718061-242.550897j,-1.140171-2.652467j,-1.136698-1.627744j,6.797486
-911.550008-245.506256j,-1.142169-2.652536j,-1.138705-1.627674j,6.809675
-922.510750-248.497115j,-1.144167-2.652604j,-1.140711-1.627604j,6.821865
-933.601808-251.523895j,-1.146164-2.652672j,-1.142716-1.627534j,6.834054
-944.824726-254.587026j,-1.148161-2.652740j,-1.144722-1.627465j,6.846243
-956.181061-257.686940j,-1.150157-2.652808j,-1.146727-1.627397j,6.858432
-967.672392-260.824076j,-1.152153-2.652875j,-1.148732-1.627328j,6.870622
-979.300316-263.998877j,-1.154149-2.652941j,-1.150736-1.627261j,6.882811
-991.066446-267.211791j,-1.156145-2.653007j,-1.152740-1.627193j,6.895000
-1002.972419-270.463273j,-1.158140-2.653073j,-1.154744-1.627127j,6.907190
-1015.019887-273.753782j,-1.160135-2.653138j,-1.156747-1.627060j,6.919379
-1027.210523-277.083783j,-1.162130-2.653203j,-1.158750-1.626994j,6.931568
-1039.546021-280.453746j,-1.164124-2.653268j,-1.160753-1.626928j,6.943758
-1052.028093-283.864147j,-1.166118-2.653332j,-1.162755-1.626863j,6.955947
-1064.658471-287.315469j,-1.168112-2.653396j,-1.164758-1.626798j,6.968137
-1077.438911-290.808197j,-1.170105-2.653459j,-1.166759-1.626734j,6.980326
-1090.371184-294.342825j,-1.172098-2.653522j,-1.168761-1.626670j,6.992515
-1103.457088-297.919853j,-1.174091-2.653585j,-1.170762-1.626606j,7.004705
-1116.698438-301.539784j,-1.176084-2.653647j,-1.172763-1.626543j,7.016894
-1130.097071-305.203130j,-1.178076-2.653709j,-1.174764-1.626480j,7.029083
-1143.654847-308.910408j,-1.180068-2.653771j,-1.176764-1.626418j,7.041273
-1157.373647-312.662140j,-1.182060-2.653832j,-1.178764-1.626356j,7.053462
-1171.255375-316.458856j,-1.184051-2.653892j,-1.180763-1.626294j,7.065652
-1185.301956-320.301091j,-1.186042-2.653953j,-1.182763-1.626233j,7.077841
-1199.515340-324.189387j,-1.188033-2.654013j,-1.184762-1.626172j,7.090030
-1213.897497-328.124293j,-1.190023-2.654072j,-1.186761-1.626112j,7.102220
-1228.450423-332.106362j,-1.192014-2.654132j,-1.188759-1.626052j,7.114409
-1243.176136-336.136157j,-1.194003-2.654191j,-1.190757-1.625992j,7.126599
-1258.076679-340.214245j,-1.195993-2.654249j,-1.192755-1.625933j,7.138788
-1273.154117-344.341201j,-1.197983-2.654307j,-1.194753-1.625874j,7.150977
-1288.410541-348.517607j,-1.199972-2.654365j,-1.196750-1.625815j,7.163167
-1303.848067-352.744050j,-1.201961-2.654423j,-1.198748-1.625757j,7.175356
-1319.468834-357.021127j,-1.203949-2.654480j,-1.200744-1.625699j,7.187546
-1335.275009-361.349440j,-1.205937-2.654537j,-1.202741-1.625641j,7.199735
-1351.268782-365.729597j,-1.207926-2.654593j,-1.204737-1.625584j,7.211925
-1367.452371-370.162217j,-1.209913-2.654649j,-1.206733-1.625528j,7.224114
-1383.828018-374.647923j,-1.211901-2.654705j,-1.208729-1.625471j,7.236303
-1400.397993-379.187347j,-1.213888-2.654760j,-1.210724-1.625415j,7.248493
-1417.164592-383.781127j,-1.215875-2.654815j,-1.212719-1.625359j,7.260682
-1434.130138-388.429911j,-1.217862-2.654870j,-1.214714-1.625304j,7.272872
-1451.296983-393.134352j,-1.219849-2.654925j,-1.216709-1.625249j,7.285061
-1468.667504-397.895112j,-1.221835-2.654979j,-1.218703-1.625194j,7.297251
-1486.244109-402.712861j,-1.223821-2.655032j,-1.220698-1.625140j,7.309440
-1504.029231-407.588277j,-1.225807-2.655086j,-1.222691-1.625086j,7.321630
-1522.025336-412.522046j,-1.227792-2.655139j,-1.224685-1.625032j,7.333819
-1540.234914-417.514862j,-1.229777-2.655192j,-1.226678-1.624979j,7.346009
-1558.660489-422.567426j,-1.231762-2.655244j,-1.228671-1.624926j,7.358198
-1577.304613-427.680449j,-1.233747-2.655296j,-1.230664-1.624873j,7.370388
-1596.169866-432.854650j,-1.235732-2.655348j,-1.232657-1.624821j,7.382577
-1615.258862-438.090757j,-1.237716-2.655400j,-1.234649-1.624769j,7.394767
-1634.574244-443.389505j,-1.239700-2.655451j,-1.236641-1.624717j,7.406956
-1654.118685-448.751638j,-1.241684-2.655502j,-1.238633-1.624666j,7.419146
-1673.894892-454.177912j,-1.243668-2.655552j,-1.240625-1.624615j,7.431335
-1693.905603-459.669087j,-1.245651-2.655603j,-1.242616-1.624564j,7.443525
-1714.153588-465.225935j,-1.247634-2.655653j,-1.244607-1.624513j,7.455714
-1734.641648-470.849238j,-1.249617-2.655702j,-1.246598-1.624463j,7.467904
-1755.372621-476.539784j,-1.251600-2.655752j,-1.248589-1.624414j,7.480093
-1776.349375-482.298373j,-1.253583-2.655801j,-1.250579-1.624364j,7.492283
-1797.574814-488.125814j,-1.255565-2.655849j,-1.252570-1.624315j,7.504472
-1819.051874-494.022925j,-1.257547-2.655898j,-1.254560-1.624266j,7.516662
-1840.783527-499.990534j,-1.259529-2.655946j,-1.256549-1.624218j,7.528851
-1862.772781-506.029479j,-1.261510-2.655994j,-1.258539-1.624169j,7.541041
-1885.022677-512.140607j,-1.263492-2.656042j,-1.260528-1.624121j,7.553230
-1907.536295-518.324775j,-1.265473-2.656089j,-1.262517-1.624074j,7.565420
-1930.316748-524.582853j,-1.267454-2.656136j,-1.264506-1.624026j,7.577609
-1953.367188-530.915718j,-1.269435-2.656183j,-1.266495-1.623979j,7.589799
-1976.690803-537.324258j,-1.271415-2.656229j,-1.268483-1.623933j,7.601988
-2000.290820-543.809373j,-1.273396-2.656275j,-1.270471-1.623886j,7.614178
-2024.170502-550.371971j,-1.275376-2.656321j,-1.272459-1.623840j,7.626368
-2048.333152-557.012975j,-1.277356-2.656367j,-1.274447-1.623794j,7.638557
-2072.782111-563.733315j,-1.279336-2.656412j,-1.276434-1.623749j,7.650747
-2097.520761-570.533933j,-1.281315-2.656457j,-1.278422-1.623703j,7.662936
-2122.552522-577.415783j,-1.283295-2.656502j,-1.280409-1.623658j,7.675126
-2147.880855-584.379830j,-1.285274-2.656546j,-1.282396-1.623613j,7.687315
-2173.509262-591.427050j,-1.287253-2.656591j,-1.284382-1.623569j,7.699505
-2199.441286-598.558431j,-1.289231-2.656635j,-1.286369-1.623525j,7.711694
-2225.680512-605.774972j,-1.291210-2.656678j,-1.288355-1.623481j,7.723884
-2252.230568-613.077685j,-1.293188-2.656722j,-1.290341-1.623437j,7.736074
-2279.095123-620.467593j,-1.295167-2.656765j,-1.292327-1.623394j,7.748263
-2306.277890-627.945731j,-1.297145-2.656808j,-1.294313-1.623351j,7.760453
-2333.782628-635.513148j,-1.299122-2.656851j,-1.296298-1.623308j,7.772642
-2361.613136-643.170902j,-1.301100-2.656893j,-1.298283-1.623266j,7.784832
-2389.773260-650.920068j,-1.303077-2.656935j,-1.300268-1.623223j,7.797022
-2418.266894-658.761729j,-1.305055-2.656977j,-1.302253-1.623181j,7.809211
-2447.097973-666.696985j,-1.307032-2.657019j,-1.304238-1.623139j,7.821401
-2476.270482-674.726946j,-1.309009-2.657060j,-1.306222-1.623098j,7.833590
-2505.788451-682.852737j,-1.310985-2.657101j,-1.308207-1.623057j,7.845780
-2535.655958-691.075495j,-1.312962-2.657142j,-1.310191-1.623016j,7.857970
-2565.877130-699.396372j,-1.314938-2.657183j,-1.312175-1.622975j,7.870159
-2596.456143-707.816532j,-1.316914-2.657223j,-1.314158-1.622935j,7.882349
-2627.397219-716.337153j,-1.318890-2.657263j,-1.316142-1.622894j,7.894538
-2658.704632-724.959429j,-1.320866-2.657303j,-1.318125-1.622854j,7.906728
-2690.382709-733.684565j,-1.322842-2.657343j,-1.320108-1.622815j,7.918918
-2722.435822-742.513782j,-1.324817-2.657382j,-1.322091-1.622775j,7.931107
-2754.868400-751.448316j,-1.326792-2.657421j,-1.324074-1.622736j,7.943297
-2787.684922-760.489417j,-1.328768-2.657460j,-1.326056-1.622697j,7.955487
-2820.889920-769.638349j,-1.330743-2.657499j,-1.328039-1.622658j,7.967676
-2854.487978-778.896391j,-1.332717-2.657538j,-1.330021-1.622620j,7.979866
-2888.483736-788.264839j,-1.334692-2.657576j,-1.332003-1.622582j,7.992055
-2922.881888-797.745003j,-1.336666-2.657614j,-1.333985-1.622544j,8.004245
-2957.687184-807.338208j,-1.338641-2.657652j,-1.335967-1.622506j,8.016435
-2992.904429-817.045795j,-1.340615-2.657689j,-1.337948-1.622468j,8.028624
-3028.538485-826.869122j,-1.342589-2.657726j,-1.339929-1.622431j,8.040814
-3064.594271-836.809562j,-1.344563-2.657764j,-1.341911-1.622394j,8.053004
-3101.076764-846.868504j,-1.346536-2.657800j,-1.343892-1.622357j,8.065193
-3137.991001-857.047355j,-1.348510-2.657837j,-1.345872-1.622321j,8.077383
-3175.342077-867.347536j,-1.350483-2.657874j,-1.347853-1.622284j,8.089573
-3213.135147-877.770487j,-1.352456-2.657910j,-1.349833-1.622248j,8.101762
-3251.375428-888.317664j,-1.354429-2.657946j,-1.351814-1.622212j,8.113952
-3290.068196-898.990541j,-1.356402-2.657982j,-1.353794-1.622177j,8.126142
-3329.218793-909.790609j,-1.358375-2.658017j,-1.355774-1.622141j,8.138331
-3368.832620-920.719377j,-1.360347-2.658052j,-1.357754-1.622106j,8.150521
-3408.915145-931.778371j,-1.362320-2.658088j,-1.359733-1.622071j,8.162711
-3449.471897-942.969136j,-1.364292-2.658122j,-1.361713-1.622036j,8.174900
-3490.508473-954.293234j,-1.366264-2.658157j,-1.363692-1.622002j,8.187090
-3532.030536-965.752247j,-1.368236-2.658192j,-1.365671-1.621967j,8.199280
-3574.043814-977.347775j,-1.370208-2.658226j,-1.367650-1.621933j,8.211469
-3616.554103-989.081436j,-1.372180-2.658260j,-1.369629-1.621899j,8.223659
-3659.567267-1000.954869j,-1.374151-2.658294j,-1.371608-1.621865j,8.235849
-3703.089242-1012.969732j,-1.376123-2.658328j,-1.373586-1.621832j,8.248038
-3747.126030-1025.127701j,-1.378094-2.658361j,-1.375565-1.621799j,8.260228
-3791.683705-1037.430473j,-1.380065-2.658394j,-1.377543-1.621766j,8.272418
-3836.768415-1049.879765j,-1.382036-2.658427j,-1.379521-1.621733j,8.284607
-3882.386376-1062.477315j,-1.384007-2.658460j,-1.381499-1.621700j,8.296797
-3928.543882-1075.224880j,-1.385978-2.658493j,-1.383477-1.621667j,8.308987
-3975.247297-1088.124239j,-1.387948-2.658525j,-1.385454-1.621635j,8.321177
-4022.503064-1101.177191j,-1.389918-2.658558j,-1.387432-1.621603j,8.333366
-4070.317698-1114.385557j,-1.391889-2.658590j,-1.389409-1.621571j,8.345556
-4118.697794-1127.751181j,-1.393859-2.658622j,-1.391386-1.621540j,8.357746
-4167.650022-1141.275926j,-1.395829-2.658653j,-1.393363-1.621508j,8.369935
-4217.181133-1154.961677j,-1.397799-2.658685j,-1.395340-1.621477j,8.382125
-4267.297957-1168.810345j,-1.399769-2.658716j,-1.397317-1.621446j,8.394315
-4318.007402-1182.823860j,-1.401738-2.658747j,-1.399293-1.621415j,8.406505
-4369.316462-1197.004175j,-1.403708-2.658778j,-1.401270-1.621384j,8.418694
-4421.232210-1211.353269j,-1.405677-2.658809j,-1.403246-1.621354j,8.430884
-4473.761802-1225.873141j,-1.407646-2.658839j,-1.405222-1.621323j,8.443074
-4526.912481-1240.565816j,-1.409615-2.658870j,-1.407198-1.621293j,8.455263
-4580.691573-1255.433342j,-1.411584-2.658900j,-1.409174-1.621263j,8.467453
-4635.106492-1270.477790j,-1.413553-2.658930j,-1.411150-1.621234j,8.479643
-4690.164738-1285.701258j,-1.415522-2.658960j,-1.413125-1.621204j,8.491833
-4745.873901-1301.105867j,-1.417491-2.658989j,-1.415101-1.621175j,8.504022
-4802.241659-1316.693764j,-1.419459-2.659019j,-1.417076-1.621146j,8.516212
-4859.275780-1332.467121j,-1.421427-2.659048j,-1.419051-1.621117j,8.528402
-4916.984126-1348.428134j,-1.423396-2.659077j,-1.421026-1.621088j,8.540591
-4975.374649-1364.579029j,-1.425364-2.659106j,-1.423001-1.621059j,8.552781
-5034.455397-1380.922055j,-1.427332-2.659135j,-1.424976-1.621031j,8.564971
-5094.234511-1397.459489j,-1.429300-2.659164j,-1.426951-1.621003j,8.577161
-5154.720229-1414.193633j,-1.431267-2.659192j,-1.428925-1.620974j,8.589350
-5215.920885-1431.126819j,-1.433235-2.659220j,-1.430900-1.620946j,8.601540
-5277.844912-1448.261405j,-1.435203-2.659248j,-1.432874-1.620919j,8.613730
-5340.500843-1465.599776j,-1.437170-2.659276j,-1.434848-1.620891j,8.625920
-5403.897311-1483.144348j,-1.439137-2.659304j,-1.436822-1.620864j,8.638109
-5468.043050-1500.897563j,-1.441105-2.659332j,-1.438796-1.620837j,8.650299
-5532.946898-1518.861892j,-1.443072-2.659359j,-1.440770-1.620810j,8.662489
-5598.617796-1537.039837j,-1.445039-2.659386j,-1.442743-1.620783j,8.674679
-5665.064792-1555.433928j,-1.447005-2.659413j,-1.444717-1.620756j,8.686868
-5732.297039-1574.046726j,-1.448972-2.659440j,-1.446690-1.620729j,8.699058
-5800.323798-1592.880820j,-1.450939-2.659467j,-1.448663-1.620703j,8.711248
-5869.154441-1611.938833j,-1.452905-2.659494j,-1.450636-1.620677j,8.723438
-5938.798448-1631.223417j,-1.454872-2.659520j,-1.452609-1.620651j,8.735627
-6009.265412-1650.737254j,-1.456838-2.659546j,-1.454582-1.620625j,8.747817
-6080.565039-1670.483061j,-1.458804-2.659572j,-1.456555-1.620599j,8.760007
-6152.707150-1690.463585j,-1.460770-2.659598j,-1.458528-1.620574j,8.772197
-6225.701680-1710.681606j,-1.462736-2.659624j,-1.460500-1.620548j,8.784387
-6299.558681-1731.139936j,-1.464702-2.659650j,-1.462473-1.620523j,8.796576
-6374.288327-1751.841421j,-1.466668-2.659675j,-1.464445-1.620498j,8.808766
-6449.900908-1772.788941j,-1.468634-2.659701j,-1.466417-1.620473j,8.820956
-6526.406836-1793.985409j,-1.470599-2.659726j,-1.468389-1.620448j,8.833146
-6603.816647-1815.433774j,-1.472565-2.659751j,-1.470361-1.620424j,8.845335
-6682.141000-1837.137019j,-1.474530-2.659776j,-1.472333-1.620399j,8.857525
-6761.390681-1859.098161j,-1.476495-2.659800j,-1.474304-1.620375j,8.869715
-6841.576601-1881.320254j,-1.478461-2.659825j,-1.476276-1.620351j,8.881905
-6922.709801-1903.806388j,-1.480426-2.659849j,-1.478248-1.620327j,8.894095
-7004.801452-1926.559690j,-1.482391-2.659874j,-1.480219-1.620303j,8.906284
-7087.862857-1949.583322j,-1.484356-2.659898j,-1.482190-1.620279j,8.918474
-7171.905451-1972.880486j,-1.486320-2.659922j,-1.484161-1.620256j,8.930664
-7256.940804-1996.454420j,-1.488285-2.659946j,-1.486132-1.620232j,8.942854
-7342.980623-2020.308400j,-1.490250-2.659969j,-1.488103-1.620209j,8.955044
-7430.036752-2044.445743j,-1.492214-2.659993j,-1.490074-1.620186j,8.967233
-7518.121177-2068.869802j,-1.494178-2.660016j,-1.492045-1.620163j,8.979423
-7607.246022-2093.583972j,-1.496143-2.660040j,-1.494015-1.620140j,8.991613
-7697.423555-2118.591688j,-1.498107-2.660063j,-1.495986-1.620117j,9.003803
-7788.666189-2143.896425j,-1.500071-2.660086j,-1.497956-1.620095j,9.015993
-7880.986484-2169.501697j,-1.502035-2.660108j,-1.499927-1.620072j,9.028182
-7974.397146-2195.411064j,-1.503999-2.660131j,-1.501897-1.620050j,9.040372
-8068.911032-2221.628124j,-1.505963-2.660154j,-1.503867-1.620028j,9.052562
-8164.541151-2248.156520j,-1.507927-2.660176j,-1.505837-1.620006j,9.064752
-8261.300664-2274.999936j,-1.509890-2.660199j,-1.507807-1.619984j,9.076942
-8359.202887-2302.162102j,-1.511854-2.660221j,-1.509776-1.619963j,9.089131
-8458.261295-2329.646790j,-1.513817-2.660243j,-1.511746-1.619941j,9.101321
-8558.489519-2357.457817j,-1.515781-2.660265j,-1.513716-1.619920j,9.113511
-8659.901352-2385.599047j,-1.517744-2.660286j,-1.515685-1.619898j,9.125701
-8762.510749-2414.074385j,-1.519707-2.660308j,-1.517654-1.619877j,9.137891
-8866.331831-2442.887788j,-1.521671-2.660330j,-1.519624-1.619856j,9.150080
-8971.378884-2472.043255j,-1.523634-2.660351j,-1.521593-1.619835j,9.162270
-9077.666362-2501.544835j,-1.525597-2.660372j,-1.523562-1.619814j,9.174460
-9185.208889-2531.396624j,-1.527560-2.660393j,-1.525531-1.619794j,9.186650
-9294.021264-2561.602766j,-1.529522-2.660414j,-1.527500-1.619773j,9.198840
-9404.118458-2592.167454j,-1.531485-2.660435j,-1.529469-1.619753j,9.211030
-9515.515617-2623.094931j,-1.533448-2.660456j,-1.531437-1.619733j,9.223219
-9628.228070-2654.389490j,-1.535410-2.660477j,-1.533406-1.619713j,9.235409
-9742.271322-2686.055475j,-1.537373-2.660497j,-1.535374-1.619693j,9.247599
-9857.661063-2718.097280j,-1.539335-2.660517j,-1.537343-1.619673j,9.259789
-9974.413168-2750.519352j,-1.541298-2.660538j,-1.539311-1.619653j,9.271979
-10092.543699-2783.326191j,-1.543260-2.660558j,-1.541279-1.619633j,9.284168
-10212.068905-2816.522349j,-1.545222-2.660578j,-1.543247-1.619614j,9.296358
-10333.005229-2850.112433j,-1.547184-2.660598j,-1.545215-1.619595j,9.308548
-10455.369308-2884.101102j,-1.549146-2.660617j,-1.547183-1.619575j,9.320738
-10579.177972-2918.493073j,-1.551108-2.660637j,-1.549151-1.619556j,9.332928
-10704.448252-2953.293117j,-1.553070-2.660657j,-1.551119-1.619537j,9.345118
-10831.197380-2988.506061j,-1.555032-2.660676j,-1.553087-1.619518j,9.357307
-10959.442788-3024.136791j,-1.556993-2.660695j,-1.555054-1.619500j,9.369497
-11089.202116-3060.190249j,-1.558955-2.660715j,-1.557022-1.619481j,9.381687
-11220.493212-3096.671436j,-1.560917-2.660734j,-1.558989-1.619462j,9.393877
-11353.334133-3133.585410j,-1.562878-2.660753j,-1.560956-1.619444j,9.406067
-11487.743148-3170.937293j,-1.564839-2.660771j,-1.562924-1.619426j,9.418257
-11623.738743-3208.732264j,-1.566801-2.660790j,-1.564891-1.619408j,9.430447
-11761.339621-3246.975565j,-1.568762-2.660809j,-1.566858-1.619389j,9.442636
-11900.564706-3285.672497j,-1.570723-2.660827j,-1.568825-1.619371j,9.454826
-12041.433143-3324.828428j,-1.572684-2.660846j,-1.570792-1.619354j,9.467016
-12183.964306-3364.448786j,-1.574645-2.660864j,-1.572758-1.619336j,9.479206
-12328.177795-3404.539064j,-1.576606-2.660882j,-1.574725-1.619318j,9.491396
-12474.093439-3445.104821j,-1.578567-2.660900j,-1.576692-1.619301j,9.503586
-12621.731305-3486.151679j,-1.580528-2.660918j,-1.578658-1.619283j,9.515775
-12771.111693-3527.685330j,-1.582489-2.660936j,-1.580625-1.619266j,9.527965
-12922.255144-3569.711531j,-1.584450-2.660954j,-1.582591-1.619249j,9.540155
-13075.182439-3612.236106j,-1.586410-2.660971j,-1.584557-1.619232j,9.552345
-13229.914607-3655.264950j,-1.588371-2.660989j,-1.586524-1.619215j,9.564535
-13386.472922-3698.804026j,-1.590331-2.661006j,-1.588490-1.619198j,9.576725
-13544.878909-3742.859368j,-1.592292-2.661023j,-1.590456-1.619181j,9.588915
-13705.154348-3787.437082j,-1.594252-2.661041j,-1.592422-1.619165j,9.601105
-13867.321274-3832.543345j,-1.596213-2.661058j,-1.594388-1.619148j,9.613294
-14031.401983-3878.184407j,-1.598173-2.661075j,-1.596354-1.619132j,9.625484
-14197.419032-3924.366593j,-1.600133-2.661092j,-1.598319-1.619115j,9.637674
-14365.395245-3971.096301j,-1.602093-2.661108j,-1.600285-1.619099j,9.649864
-14535.353715-4018.380005j,-1.604053-2.661125j,-1.602250-1.619083j,9.662054
-14707.317807-4066.224256j,-1.606013-2.661142j,-1.604216-1.619067j,9.674244
-14881.311160-4114.635682j,-1.607973-2.661158j,-1.606181-1.619051j,9.686434
-15057.357692-4163.620989j,-1.609933-2.661175j,-1.608147-1.619035j,9.698623
-15235.481605-4213.186964j,-1.611893-2.661191j,-1.610112-1.619020j,9.710813
-15415.707382-4263.340471j,-1.613852-2.661207j,-1.612077-1.619004j,9.723003
-15598.059799-4314.088457j,-1.615812-2.661223j,-1.614042-1.618989j,9.735193
-15782.563919-4365.437951j,-1.617772-2.661239j,-1.616007-1.618973j,9.747383
-15969.245105-4417.396064j,-1.619731-2.661255j,-1.617972-1.618958j,9.759573
-16158.129016-4469.969992j,-1.621691-2.661271j,-1.619937-1.618943j,9.771763
-16349.241613-4523.167015j,-1.623650-2.661286j,-1.621902-1.618927j,9.783953
-16542.609165-4576.994500j,-1.625610-2.661302j,-1.623867-1.618912j,9.796142
-16738.258249-4631.459901j,-1.627569-2.661318j,-1.625832-1.618897j,9.808332
-16936.215754-4686.570758j,-1.629528-2.661333j,-1.627796-1.618883j,9.820522
-17136.508888-4742.334702j,-1.631487-2.661348j,-1.629761-1.618868j,9.832712
-17339.165179-4798.759454j,-1.633447-2.661364j,-1.631725-1.618853j,9.844902
-17544.212478-4855.852824j,-1.635406-2.661379j,-1.633690-1.618839j,9.857092
-17751.678966-4913.622718j,-1.637365-2.661394j,-1.635654-1.618824j,9.869282
-17961.593154-4972.077132j,-1.639324-2.661409j,-1.637618-1.618810j,9.881472
-18173.983890-5031.224157j,-1.641283-2.661424j,-1.639583-1.618796j,9.893661
-18388.880361-5091.071981j,-1.643241-2.661438j,-1.641547-1.618781j,9.905851
-18606.312100-5151.628887j,-1.645200-2.661453j,-1.643511-1.618767j,9.918041
-18833.798061-5214.989195j,-1.647225-2.661468j,-1.645541-1.618753j,9.930641
-19064.059108-5279.125714j,-1.649250-2.661483j,-1.647572-1.618738j,9.943241
-19115.923506-5293.572386j,-1.649703-2.661487j,-1.648025-1.618735j,9.946071
-19115.923506-5293.572386j,-1.649703-2.661487j,-1.648025-1.618735j,9.946071
-19115.923508-5293.572386j,-1.649703-2.661487j,-1.648025-1.618735j,9.946071
-19115.923516-5293.572388j,-1.649703-2.661487j,-1.648025-1.618735j,9.946071
-19115.923553-5293.572399j,-1.649703-2.661487j,-1.648025-1.618735j,9.946071
-19115.923720-5293.572445j,-1.649703-2.661487j,-1.648025-1.618735j,9.946071
-19115.924472-5293.572655j,-1.649703-2.661487j,-1.648025-1.618735j,9.946071
-19115.927853-5293.573596j,-1.649703-2.661487j,-1.648026-1.618735j,9.946072
-19115.943069-5293.577835j,-1.649703-2.661487j,-1.648026-1.618735j,9.946072
-19116.011542-5293.596908j,-1.649704-2.661487j,-1.648026-1.618735j,9.946076
-19116.319675-5293.682738j,-1.649706-2.661487j,-1.648029-1.618735j,9.946093
-19117.706331-5294.068989j,-1.649718-2.661487j,-1.648041-1.618735j,9.946169
-19123.947527-5295.807467j,-1.649773-2.661487j,-1.648096-1.618735j,9.946509
-19152.058076-5303.637658j,-1.650018-2.661489j,-1.648341-1.618733j,9.948040
-19279.066635-5339.016479j,-1.651119-2.661497j,-1.649445-1.618725j,9.954913
-19514.358873-5404.560789j,-1.653141-2.661512j,-1.651472-1.618711j,9.967491
-19752.516447-5470.906634j,-1.655162-2.661526j,-1.653499-1.618697j,9.980070
-19993.574216-5538.063794j,-1.657183-2.661541j,-1.655526-1.618683j,9.992649
-20237.567462-5606.042167j,-1.659205-2.661556j,-1.657552-1.618669j,10.005228
-20484.531896-5674.851772j,-1.661226-2.661570j,-1.659579-1.618655j,10.017806
-20734.503665-5744.502751j,-1.663247-2.661584j,-1.661605-1.618641j,10.030385
-20987.519355-5815.005368j,-1.665268-2.661599j,-1.663632-1.618628j,10.042964
-21243.615995-5886.370012j,-1.667289-2.661613j,-1.665658-1.618614j,10.055542
-21502.831067-5958.607201j,-1.669310-2.661627j,-1.667684-1.618601j,10.068121
-21765.202506-6031.727577j,-1.671331-2.661641j,-1.669710-1.618587j,10.080700
-22030.768710-6105.741916j,-1.673352-2.661655j,-1.671736-1.618574j,10.093279
-22299.568545-6180.661123j,-1.675373-2.661669j,-1.673762-1.618561j,10.105857
-22571.641347-6256.496236j,-1.677393-2.661682j,-1.675788-1.618548j,10.118436
-22847.026932-6333.258427j,-1.679414-2.661696j,-1.677814-1.618535j,10.131015
-23125.765600-6410.959005j,-1.681435-2.661710j,-1.679840-1.618522j,10.143593
-23407.898141-6489.609416j,-1.683456-2.661723j,-1.681866-1.618509j,10.156172
-23693.465841-6569.221248j,-1.685476-2.661736j,-1.683892-1.618496j,10.168751
-23982.510486-6649.806226j,-1.687497-2.661750j,-1.685917-1.618483j,10.181330
-24275.074375-6731.376220j,-1.689517-2.661763j,-1.687943-1.618471j,10.193908
-24571.200316-6813.943246j,-1.691538-2.661776j,-1.689969-1.618458j,10.206487
-24870.931641-6897.519464j,-1.693558-2.661789j,-1.691994-1.618446j,10.219066
-25174.312207-6982.117182j,-1.695578-2.661802j,-1.694019-1.618433j,10.231644
-25481.386407-7067.748861j,-1.697599-2.661815j,-1.696045-1.618421j,10.244223
-25792.199170-7154.427110j,-1.699619-2.661828j,-1.698070-1.618409j,10.256802
-26106.795974-7242.164695j,-1.701639-2.661841j,-1.700095-1.618397j,10.269381
-26425.222850-7330.974533j,-1.703659-2.661853j,-1.702120-1.618385j,10.281959
-26747.526387-7420.869704j,-1.705679-2.661866j,-1.704146-1.618373j,10.294538
-27073.753742-7511.863444j,-1.707699-2.661878j,-1.706171-1.618361j,10.307117
-27403.952645-7603.969149j,-1.709719-2.661891j,-1.708196-1.618349j,10.319695
-27738.171406-7697.200381j,-1.711739-2.661903j,-1.710220-1.618337j,10.332274
-28076.458923-7791.570866j,-1.713759-2.661915j,-1.712245-1.618326j,10.344853
-28418.864689-7887.094498j,-1.715779-2.661928j,-1.714270-1.618314j,10.357432
-28765.438797-7983.785338j,-1.717799-2.661940j,-1.716295-1.618303j,10.370010
-29116.231952-8081.657620j,-1.719818-2.661952j,-1.718320-1.618291j,10.382589
-29471.295472-8180.725752j,-1.721838-2.661964j,-1.720344-1.618280j,10.395168
-29830.681303-8281.004316j,-1.723858-2.661976j,-1.722369-1.618269j,10.407747
-30194.442018-8382.508072j,-1.725877-2.661987j,-1.724393-1.618257j,10.420325
-30562.630834-8485.251960j,-1.727897-2.661999j,-1.726418-1.618246j,10.432904
-30935.301612-8589.251102j,-1.729917-2.662011j,-1.728442-1.618235j,10.445483
-31312.508869-8694.520805j,-1.731936-2.662022j,-1.730466-1.618224j,10.458062
-31694.307785-8801.076560j,-1.733956-2.662034j,-1.732491-1.618213j,10.470640
-32080.754210-8908.934048j,-1.735975-2.662045j,-1.734515-1.618203j,10.483219
-32471.904675-9018.109143j,-1.737994-2.662057j,-1.736539-1.618192j,10.495798
-32867.816396-9128.617909j,-1.740014-2.662068j,-1.738563-1.618181j,10.508376
-33268.547286-9240.476607j,-1.742033-2.662079j,-1.740587-1.618170j,10.520955
-33674.155963-9353.701697j,-1.744052-2.662090j,-1.742611-1.618160j,10.533534
-34084.701757-9468.309839j,-1.746071-2.662101j,-1.744635-1.618149j,10.546113
-34500.244719-9584.317894j,-1.748091-2.662113j,-1.746659-1.618139j,10.558691
-34920.845630-9701.742930j,-1.750110-2.662123j,-1.748683-1.618129j,10.571270
-35346.566011-9820.602224j,-1.752129-2.662134j,-1.750707-1.618118j,10.583849
-35777.468130-9940.913261j,-1.754148-2.662145j,-1.752730-1.618108j,10.596428
-36213.615014-10062.693741j,-1.756167-2.662156j,-1.754754-1.618098j,10.609006
-36655.070455-10185.961577j,-1.758186-2.662167j,-1.756778-1.618088j,10.621585
-37101.899020-10310.734903j,-1.760205-2.662177j,-1.758801-1.618078j,10.634164
-37554.166063-10437.032071j,-1.762224-2.662188j,-1.760825-1.618068j,10.646743
-38011.937730-10564.871660j,-1.764242-2.662198j,-1.762848-1.618058j,10.659321
-38475.280974-10694.272473j,-1.766261-2.662209j,-1.764872-1.618048j,10.671900
-38944.263561-10825.253541j,-1.768280-2.662219j,-1.766895-1.618038j,10.684479
-39418.954081-10957.834128j,-1.770299-2.662229j,-1.768918-1.618029j,10.697058
-39899.421957-11092.033734j,-1.772317-2.662240j,-1.770942-1.618019j,10.709636
-40385.737458-11227.872093j,-1.774336-2.662250j,-1.772965-1.618010j,10.722215
-40877.971707-11365.369183j,-1.776355-2.662260j,-1.774988-1.618000j,10.734794
-41376.196690-11504.545223j,-1.778373-2.662270j,-1.777011-1.617991j,10.747373
-41880.485270-11645.420679j,-1.780392-2.662280j,-1.779034-1.617981j,10.759951
-42390.911197-11788.016266j,-1.782410-2.662290j,-1.781057-1.617972j,10.772530
-42907.549114-11932.352950j,-1.784429-2.662300j,-1.783080-1.617963j,10.785109
-43430.474576-12078.451955j,-1.786447-2.662309j,-1.785103-1.617953j,10.797688
-43959.764054-12226.334761j,-1.788466-2.662319j,-1.787126-1.617944j,10.810266
-44495.494948-12376.023111j,-1.790484-2.662329j,-1.789149-1.617935j,10.822845
-45037.745602-12527.539012j,-1.792502-2.662338j,-1.791172-1.617926j,10.835424
-45586.595311-12680.904740j,-1.794521-2.662348j,-1.793194-1.617917j,10.848003
-46142.124334-12836.142840j,-1.796539-2.662357j,-1.795217-1.617908j,10.860581
-46704.413907-12993.276133j,-1.798557-2.662367j,-1.797240-1.617900j,10.873160
-47273.546251-13152.327719j,-1.800575-2.662376j,-1.799262-1.617891j,10.885739
-47849.604591-13313.320977j,-1.802594-2.662386j,-1.801285-1.617882j,10.898318
-48432.673160-13476.279573j,-1.804612-2.662395j,-1.803307-1.617873j,10.910896
-49022.837217-13641.227458j,-1.806630-2.662404j,-1.805330-1.617865j,10.923475
-49620.183057-13808.188878j,-1.808648-2.662413j,-1.807352-1.617856j,10.936054
-50224.798026-13977.188371j,-1.810666-2.662422j,-1.809375-1.617848j,10.948633
-50836.770531-14148.250777j,-1.812684-2.662431j,-1.811397-1.617839j,10.961212
-51456.190051-14321.401237j,-1.814702-2.662440j,-1.813419-1.617831j,10.973790
-52083.147159-14496.665196j,-1.816720-2.662449j,-1.815442-1.617823j,10.986369
-52717.733524-14674.068412j,-1.818738-2.662458j,-1.817464-1.617814j,10.998948
-53360.041931-14853.636956j,-1.820756-2.662467j,-1.819486-1.617806j,11.011527
-54010.166295-15035.397214j,-1.822774-2.662475j,-1.821508-1.617798j,11.024105
-54668.201672-15219.375897j,-1.824791-2.662484j,-1.823530-1.617790j,11.036684
-55334.244272-15405.600037j,-1.826809-2.662493j,-1.825552-1.617782j,11.049263
-56008.391477-15594.096999j,-1.828827-2.662501j,-1.827574-1.617774j,11.061842
-56690.741851-15784.894478j,-1.830845-2.662510j,-1.829596-1.617766j,11.074420
-57381.395160-15978.020508j,-1.832862-2.662518j,-1.831618-1.617758j,11.086999
-58080.452379-16173.503465j,-1.834880-2.662527j,-1.833640-1.617750j,11.099578
-58788.015712-16371.372068j,-1.836898-2.662535j,-1.835661-1.617742j,11.112157
-59504.188608-16571.655388j,-1.838915-2.662543j,-1.837683-1.617735j,11.124735
-60229.075770-16774.382848j,-1.840933-2.662552j,-1.839705-1.617727j,11.137314
-60962.783178-16979.584230j,-1.842950-2.662560j,-1.841727-1.617719j,11.149893
-61705.418097-17187.289679j,-1.844968-2.662568j,-1.843748-1.617712j,11.162472
-62457.089098-17397.529707j,-1.846985-2.662576j,-1.845770-1.617704j,11.175051
-63217.906072-17610.335196j,-1.849003-2.662584j,-1.847791-1.617697j,11.187629
-63987.980247-17825.737406j,-1.851020-2.662592j,-1.849813-1.617689j,11.200208
-64767.424201-18043.767975j,-1.853038-2.662600j,-1.851834-1.617682j,11.212787
-65556.351883-18264.458929j,-1.855055-2.662608j,-1.853856-1.617674j,11.225366
-66354.878626-18487.842683j,-1.857072-2.662616j,-1.855877-1.617667j,11.237944
-67163.121168-18713.952044j,-1.859090-2.662624j,-1.857899-1.617660j,11.250523
-67981.197662-18942.820223j,-1.861107-2.662632j,-1.859920-1.617653j,11.263102
-68809.227701-19174.480830j,-1.863124-2.662639j,-1.861941-1.617646j,11.275681
-69647.332332-19408.967889j,-1.865141-2.662647j,-1.863962-1.617638j,11.288260
-70495.634071-19646.315836j,-1.867159-2.662655j,-1.865984-1.617631j,11.300838
-71354.256927-19886.559525j,-1.869176-2.662662j,-1.868005-1.617624j,11.313417
-72223.326414-20129.734236j,-1.871193-2.662670j,-1.870026-1.617617j,11.325996
-73102.969574-20375.875678j,-1.873210-2.662677j,-1.872047-1.617611j,11.338575
-73993.314993-20625.019995j,-1.875227-2.662684j,-1.874068-1.617604j,11.351153
-74894.492821-20877.203770j,-1.877244-2.662692j,-1.876089-1.617597j,11.363732
-75806.634789-21132.464032j,-1.879261-2.662699j,-1.878110-1.617590j,11.376311
-76729.874230-21390.838260j,-1.881278-2.662706j,-1.880131-1.617583j,11.388890
-77664.346100-21652.364391j,-1.883295-2.662714j,-1.882152-1.617577j,11.401469
-78610.186995-21917.080823j,-1.885312-2.662721j,-1.884173-1.617570j,11.414047
-79567.535169-22185.026419j,-1.887329-2.662728j,-1.886194-1.617563j,11.426626
-80536.530561-22456.240518j,-1.889346-2.662735j,-1.888214-1.617557j,11.439205
-81517.314810-22730.762937j,-1.891363-2.662742j,-1.890235-1.617550j,11.451784
-82510.031276-23008.633977j,-1.893380-2.662749j,-1.892256-1.617544j,11.464362
-83514.825063-23289.894431j,-1.895397-2.662756j,-1.894277-1.617537j,11.476941
-84531.843040-23574.585586j,-1.897414-2.662763j,-1.896297-1.617531j,11.489520
-85561.233860-23862.749235j,-1.899431-2.662770j,-1.898318-1.617525j,11.502099
-86603.147985-24154.427676j,-1.901447-2.662777j,-1.900339-1.617518j,11.514678
-87657.737706-24449.663724j,-1.903464-2.662784j,-1.902359-1.617512j,11.527256
-88725.157164-24748.500715j,-1.905481-2.662790j,-1.904380-1.617506j,11.539835
-89805.562377-25050.982512j,-1.907498-2.662797j,-1.906400-1.617500j,11.552414
-90899.111257-25357.153512j,-1.909514-2.662804j,-1.908421-1.617494j,11.564993
-92005.963639-25667.058652j,-1.911531-2.662810j,-1.910441-1.617488j,11.577572
-93126.281298-25980.743418j,-1.913548-2.662817j,-1.912461-1.617481j,11.590150
-94260.227978-26298.253845j,-1.915564-2.662823j,-1.914482-1.617475j,11.602729
-95407.969414-26619.636534j,-1.917581-2.662830j,-1.916502-1.617469j,11.615308
-96569.673356-26944.938649j,-1.919597-2.662836j,-1.918522-1.617464j,11.627887
-97745.509593-27274.207929j,-1.921614-2.662843j,-1.920542-1.617458j,11.640466
-98935.649977-27607.492695j,-1.923630-2.662849j,-1.922563-1.617452j,11.653044
-100140.268453-27944.841856j,-1.925647-2.662856j,-1.924583-1.617446j,11.665623
-101359.541078-28286.304915j,-1.927664-2.662862j,-1.926603-1.617440j,11.678202
-102593.646050-28631.931978j,-1.929680-2.662868j,-1.928623-1.617434j,11.690781
-103842.763735-28981.773762j,-1.931696-2.662874j,-1.930643-1.617429j,11.703359
-105107.076690-29335.881600j,-1.933713-2.662880j,-1.932663-1.617423j,11.715938
-106386.769693-29694.307449j,-1.935729-2.662887j,-1.934683-1.617417j,11.728517
-107682.029769-30057.103901j,-1.937746-2.662893j,-1.936703-1.617412j,11.741096
-108993.046214-30424.324185j,-1.939762-2.662899j,-1.938723-1.617406j,11.753675
-110320.010630-30796.022180j,-1.941778-2.662905j,-1.940743-1.617401j,11.766253
-111663.116946-31172.252420j,-1.943795-2.662911j,-1.942763-1.617395j,11.778832
-113022.561447-31553.070102j,-1.945811-2.662917j,-1.944783-1.617390j,11.791411
-114398.542808-31938.531095j,-1.947827-2.662923j,-1.946803-1.617384j,11.803990
-115791.262118-32328.691950j,-1.949844-2.662928j,-1.948823-1.617379j,11.816569
-117200.922911-32723.609902j,-1.951860-2.662934j,-1.950842-1.617374j,11.829147
-118627.731195-33123.342887j,-1.953876-2.662940j,-1.952862-1.617368j,11.841726
-120071.895485-33527.949543j,-1.955892-2.662946j,-1.954882-1.617363j,11.854305
-121533.626827-33937.489223j,-1.957909-2.662952j,-1.956901-1.617358j,11.866884
-123013.138838-34352.022002j,-1.959925-2.662957j,-1.958921-1.617353j,11.879463
-124510.647728-34771.608686j,-1.961941-2.662963j,-1.960941-1.617348j,11.892041
-126026.372337-35196.310821j,-1.963957-2.662969j,-1.962960-1.617342j,11.904620
-127560.534168-35626.190701j,-1.965973-2.662974j,-1.964980-1.617337j,11.917199
-129113.357415-36061.311380j,-1.967989-2.662980j,-1.966999-1.617332j,11.929778
-130685.068996-36501.736678j,-1.970005-2.662985j,-1.969019-1.617327j,11.942357
-132275.898592-36947.531192j,-1.972021-2.662991j,-1.971038-1.617322j,11.954935
-133886.078673-37398.760305j,-1.974037-2.662996j,-1.973058-1.617317j,11.967514
-135515.844539-37855.490196j,-1.976053-2.663001j,-1.975077-1.617312j,11.980093
-137165.434346-38317.787849j,-1.978069-2.663007j,-1.977097-1.617308j,11.992672
-138835.089151-38785.721062j,-1.980085-2.663012j,-1.979116-1.617303j,12.005251
-140525.052937-39259.358461j,-1.982101-2.663017j,-1.981135-1.617298j,12.017829
-142235.572656-39738.769503j,-1.984117-2.663023j,-1.983155-1.617293j,12.030408
-143966.898262-40224.024495j,-1.986133-2.663028j,-1.985174-1.617288j,12.042987
-145719.282749-40715.194594j,-1.988149-2.663033j,-1.987193-1.617284j,12.055566
-147492.982185-41212.351828j,-1.990165-2.663038j,-1.989213-1.617279j,12.068145
-149288.255752-41715.569099j,-1.992181-2.663043j,-1.991232-1.617274j,12.080723
-151105.365785-42224.920195j,-1.994197-2.663049j,-1.993251-1.617270j,12.093302
-152944.577805-42740.479805j,-1.996213-2.663054j,-1.995270-1.617265j,12.105881
-154806.160563-43262.323524j,-1.998229-2.663059j,-1.997289-1.617260j,12.118460
-156690.386080-43790.527868j,-2.000245-2.663064j,-1.999308-1.617256j,12.131039
-158597.529680-44325.170285j,-2.002260-2.663069j,-2.001327-1.617251j,12.143617
-160527.870037-44866.329163j,-2.004276-2.663074j,-2.003346-1.617247j,12.156196
-162481.689213-45414.083846j,-2.006292-2.663079j,-2.005365-1.617242j,12.168775
-164459.272699-45968.514643j,-2.008308-2.663083j,-2.007384-1.617238j,12.181354
-166460.909456-46529.702839j,-2.010323-2.663088j,-2.009403-1.617234j,12.193933
-168486.891959-47097.730709j,-2.012339-2.663093j,-2.011422-1.617229j,12.206511
-170537.516241-47672.681530j,-2.014355-2.663098j,-2.013441-1.617225j,12.219090
-172613.081930-48254.639590j,-2.016371-2.663103j,-2.015460-1.617220j,12.231669
-174713.892301-48843.690204j,-2.018386-2.663107j,-2.017479-1.617216j,12.244248
-176840.254313-49439.919727j,-2.020402-2.663112j,-2.019498-1.617212j,12.256827
-178992.478660-50043.415560j,-2.022418-2.663117j,-2.021517-1.617208j,12.269405
-181170.879812-50654.266171j,-2.024433-2.663121j,-2.023535-1.617204j,12.281984
-183375.776061-51272.561105j,-2.026449-2.663126j,-2.025554-1.617199j,12.294563
-185607.489571-51898.390993j,-2.028464-2.663131j,-2.027573-1.617195j,12.307142
-187866.346421-52531.847573j,-2.030480-2.663135j,-2.029592-1.617191j,12.319721
-190152.676657-53173.023695j,-2.032496-2.663140j,-2.031610-1.617187j,12.332299
-192466.814336-53822.013341j,-2.034511-2.663144j,-2.033629-1.617183j,12.344878
-194809.097576-54478.911638j,-2.036527-2.663149j,-2.035648-1.617179j,12.357457
-197179.868608-55143.814867j,-2.038542-2.663153j,-2.037666-1.617175j,12.370036
-199579.473821-55816.820482j,-2.040558-2.663157j,-2.039685-1.617171j,12.382615
-202008.263817-56498.027124j,-2.042573-2.663162j,-2.041703-1.617167j,12.395194
-204466.593461-57187.534632j,-2.044589-2.663166j,-2.043722-1.617163j,12.407772
-206954.821932-57885.444062j,-2.046604-2.663170j,-2.045740-1.617159j,12.420351
-209473.312776-58591.857697j,-2.048620-2.663175j,-2.047759-1.617155j,12.432930
-212022.433959-59306.879065j,-2.050635-2.663179j,-2.049777-1.617151j,12.445509
-214602.557920-60030.612956j,-2.052651-2.663183j,-2.051796-1.617148j,12.458088
-217214.061628-60763.165433j,-2.054666-2.663187j,-2.053814-1.617144j,12.470666
-219857.326632-61504.643848j,-2.056682-2.663192j,-2.055833-1.617140j,12.483245
-222532.739124-62255.156863j,-2.058697-2.663196j,-2.057851-1.617136j,12.495824
-225240.689988-63014.814457j,-2.060712-2.663200j,-2.059869-1.617133j,12.508403
-227981.574862-63783.727953j,-2.062728-2.663204j,-2.061888-1.617129j,12.520982
-230755.794194-64562.010023j,-2.064743-2.663208j,-2.063906-1.617125j,12.533560
-233563.753299-65349.774713j,-2.066758-2.663212j,-2.065924-1.617122j,12.546139
-236405.862423-66147.137455j,-2.068774-2.663216j,-2.067943-1.617118j,12.558718
-239282.536797-66954.215085j,-2.070789-2.663220j,-2.069961-1.617114j,12.571297
-242194.196701-67771.125864j,-2.072804-2.663224j,-2.071979-1.617111j,12.583876
-245141.267526-68597.989487j,-2.074820-2.663228j,-2.073997-1.617107j,12.596455
-248124.179834-69434.927107j,-2.076835-2.663232j,-2.076016-1.617104j,12.609033
-251143.369421-70282.061353j,-2.078850-2.663236j,-2.078034-1.617100j,12.621612
-254199.277383-71139.516343j,-2.080866-2.663240j,-2.080052-1.617097j,12.634191
-257292.350178-72007.417706j,-2.082881-2.663244j,-2.082070-1.617093j,12.646770
-260423.039691-72885.892600j,-2.084896-2.663247j,-2.084088-1.617090j,12.659349
-263591.803303-73775.069730j,-2.086911-2.663251j,-2.086106-1.617086j,12.671927
-266799.103955-74675.079366j,-2.088927-2.663255j,-2.088124-1.617083j,12.684506
-270045.410216-75586.053362j,-2.090942-2.663259j,-2.090142-1.617080j,12.697085
-273331.196351-76508.125179j,-2.092957-2.663262j,-2.092160-1.617076j,12.709664
-276656.942394-77441.429898j,-2.094972-2.663266j,-2.094178-1.617073j,12.722243
-280023.134213-78386.104247j,-2.096987-2.663270j,-2.096196-1.617070j,12.734822
-283430.263583-79342.286615j,-2.099002-2.663273j,-2.098214-1.617066j,12.747400
-286878.828259-80310.117074j,-2.101018-2.663277j,-2.100232-1.617063j,12.759979
-290369.332048-81289.737403j,-2.103033-2.663281j,-2.102250-1.617060j,12.772558
-293902.284880-82281.291102j,-2.105048-2.663284j,-2.104268-1.617057j,12.785137
-297478.202887-83284.923420j,-2.107063-2.663288j,-2.106286-1.617054j,12.797716
-301097.608476-84300.781371j,-2.109078-2.663291j,-2.108304-1.617050j,12.810294
-304761.030404-85329.013758j,-2.111093-2.663295j,-2.110322-1.617047j,12.822873
-308469.003857-86369.771195j,-2.113108-2.663298j,-2.112339-1.617044j,12.835452
-312222.070528-87423.206127j,-2.115123-2.663302j,-2.114357-1.617041j,12.848031
-316020.778697-88489.472854j,-2.117138-2.663305j,-2.116375-1.617038j,12.860610
-319865.683309-89568.727554j,-2.119154-2.663309j,-2.118393-1.617035j,12.873189
-323757.346054-90661.128302j,-2.121169-2.663312j,-2.120411-1.617032j,12.885767
-327696.335454-91766.835100j,-2.123184-2.663315j,-2.122428-1.617029j,12.898346
-331683.226942-92886.009893j,-2.125199-2.663319j,-2.124446-1.617026j,12.910925
-335718.602947-94018.816598j,-2.127214-2.663322j,-2.126464-1.617023j,12.923504
-339803.052979-95165.421125j,-2.129229-2.663325j,-2.128481-1.617020j,12.936083
-343937.173715-96325.991404j,-2.131244-2.663329j,-2.130499-1.617017j,12.948661
-348121.569086-97500.697404j,-2.133259-2.663332j,-2.132517-1.617014j,12.961240
-352356.850368-98689.711166j,-2.135274-2.663335j,-2.134534-1.617011j,12.973819
-356643.636265-99893.206822j,-2.137289-2.663339j,-2.136552-1.617008j,12.986398
-360982.553006-101111.360620j,-2.139304-2.663342j,-2.138569-1.617005j,12.998977
-365374.234432-102344.350957j,-2.141319-2.663345j,-2.140587-1.617003j,13.011556
-369819.322093-103592.358394j,-2.143333-2.663348j,-2.142605-1.617000j,13.024134
-374318.465334-104855.565695j,-2.145348-2.663351j,-2.144622-1.616997j,13.036713
-378872.321400-106134.157841j,-2.147363-2.663354j,-2.146640-1.616994j,13.049292
-383481.555522-107428.322067j,-2.149378-2.663357j,-2.148657-1.616991j,13.061871
-388146.841022-108738.247884j,-2.151393-2.663361j,-2.150675-1.616989j,13.074450
-392868.859408-110064.127110j,-2.153408-2.663364j,-2.152692-1.616986j,13.087028
-397648.300471-111406.153894j,-2.155423-2.663367j,-2.154709-1.616983j,13.099607
-402485.862392-112764.524748j,-2.157438-2.663370j,-2.156727-1.616980j,13.112186
-407382.251837-114139.438575j,-2.159453-2.663373j,-2.158744-1.616978j,13.124765
-412338.184067-115531.096695j,-2.161467-2.663376j,-2.160762-1.616975j,13.137344
-417354.383035-116939.702880j,-2.163482-2.663379j,-2.162779-1.616972j,13.149923
-422431.581500-118365.463378j,-2.165497-2.663382j,-2.164796-1.616970j,13.162501
-427570.521127-119808.586947j,-2.167512-2.663384j,-2.166814-1.616967j,13.175080
-432771.952599-121269.284886j,-2.169527-2.663387j,-2.168831-1.616965j,13.187659
-438036.635724-122747.771060j,-2.171542-2.663390j,-2.170848-1.616962j,13.200238
-443365.339552-124244.261939j,-2.173556-2.663393j,-2.172866-1.616960j,13.212817
-448758.842477-125758.976624j,-2.175571-2.663396j,-2.174883-1.616957j,13.225396
-454217.932362-127292.136884j,-2.177586-2.663399j,-2.176900-1.616954j,13.237974
-459743.406646-128843.967181j,-2.179601-2.663402j,-2.178917-1.616952j,13.250553
-465336.072464-130414.694712j,-2.181616-2.663404j,-2.180935-1.616949j,13.263132
-470996.746762-132004.549434j,-2.183630-2.663407j,-2.182952-1.616947j,13.275711
-476726.256421-133613.764103j,-2.185645-2.663410j,-2.184969-1.616945j,13.288290
-482525.438375-135242.574306j,-2.187660-2.663413j,-2.186986-1.616942j,13.300868
-488395.139731-136891.218493j,-2.189675-2.663415j,-2.189003-1.616940j,13.313447
-494336.217896-138559.938019j,-2.191689-2.663418j,-2.191020-1.616937j,13.326026
-500349.540704-140248.977171j,-2.193704-2.663421j,-2.193038-1.616935j,13.338605
-506435.986535-141958.583208j,-2.195719-2.663423j,-2.195055-1.616932j,13.351184
-512596.444452-143689.006398j,-2.197734-2.663426j,-2.197072-1.616930j,13.363763
-518831.814325-145440.500052j,-2.199748-2.663429j,-2.199089-1.616928j,13.376341
-525143.006967-147213.320561j,-2.201763-2.663431j,-2.201106-1.616925j,13.388920
-531530.944261-149007.727437j,-2.203778-2.663434j,-2.203123-1.616923j,13.401499
-537996.559301-150823.983346j,-2.205792-2.663437j,-2.205140-1.616921j,13.414078
-544540.796525-152662.354150j,-2.207807-2.663439j,-2.207157-1.616919j,13.426657
-551164.611851-154523.108946j,-2.209822-2.663442j,-2.209174-1.616916j,13.439236
-557868.972821-156406.520102j,-2.211836-2.663444j,-2.211191-1.616914j,13.451814
-564654.858741-158312.863299j,-2.213851-2.663447j,-2.213208-1.616912j,13.464393
-571523.260821-160242.417572j,-2.215866-2.663449j,-2.215225-1.616910j,13.476972
-578475.182323-162195.465349j,-2.217880-2.663452j,-2.217242-1.616907j,13.489551
-585511.638706-164172.292495j,-2.219895-2.663454j,-2.219259-1.616905j,13.502130
-592633.657777-166173.188349j,-2.221909-2.663457j,-2.221276-1.616903j,13.514709
-599842.279835-168198.445771j,-2.223924-2.663459j,-2.223293-1.616901j,13.527287
-607138.557830-170248.361184j,-2.225939-2.663461j,-2.225310-1.616899j,13.539866
-614523.557513-172323.234613j,-2.227953-2.663464j,-2.227326-1.616897j,13.552445
-621998.357590-174423.369736j,-2.229968-2.663466j,-2.229343-1.616894j,13.565024
-629564.049885-176549.073921j,-2.231983-2.663469j,-2.231360-1.616892j,13.577603
-637221.739494-178700.658277j,-2.233997-2.663471j,-2.233377-1.616890j,13.590182
-644972.544949-180878.437695j,-2.236012-2.663473j,-2.235394-1.616888j,13.602760
-652817.598381-183082.730898j,-2.238026-2.663476j,-2.237411-1.616886j,13.615339
-660758.045686-185313.860483j,-2.240041-2.663478j,-2.239427-1.616884j,13.627918
-668795.046689-187572.152973j,-2.242055-2.663480j,-2.241444-1.616882j,13.640497
-676929.775320-189857.938861j,-2.244070-2.663482j,-2.243461-1.616880j,13.653076
-685163.419779-192171.552659j,-2.246084-2.663485j,-2.245478-1.616878j,13.665654
-693497.182711-194513.332948j,-2.248099-2.663487j,-2.247494-1.616876j,13.678233
-701932.281384-196883.622428j,-2.250114-2.663489j,-2.249511-1.616874j,13.690812
-710469.947865-199282.767966j,-2.252128-2.663491j,-2.251528-1.616872j,13.703391
-719111.429200-201711.120646j,-2.254143-2.663494j,-2.253544-1.616870j,13.715970
-727857.987597-204169.035826j,-2.256157-2.663496j,-2.255561-1.616868j,13.728549
-736710.900610-206656.873183j,-2.258172-2.663498j,-2.257578-1.616866j,13.741127
-745671.461323-209174.996769j,-2.260186-2.663500j,-2.259594-1.616864j,13.753706
-754740.978543-211723.775063j,-2.262201-2.663502j,-2.261611-1.616862j,13.766285
-763920.776990-214303.581027j,-2.264215-2.663504j,-2.263628-1.616861j,13.778864
-773212.197486-216914.792158j,-2.266230-2.663507j,-2.265644-1.616859j,13.791443
-782616.597159-219557.790544j,-2.268244-2.663509j,-2.267661-1.616857j,13.804022
-792135.349634-222232.962921j,-2.270259-2.663511j,-2.269678-1.616855j,13.816600
-801769.845237-224940.700727j,-2.272273-2.663513j,-2.271694-1.616853j,13.829179
-811521.491196-227681.400161j,-2.274288-2.663515j,-2.273711-1.616851j,13.841758
-821391.711851-230455.462242j,-2.276302-2.663517j,-2.275727-1.616849j,13.854337
-831381.948855-233263.292864j,-2.278316-2.663519j,-2.277744-1.616848j,13.866916
-841493.661391-236105.302858j,-2.280331-2.663521j,-2.279760-1.616846j,13.879495
-851728.326381-238981.908053j,-2.282345-2.663523j,-2.281777-1.616844j,13.892073
-862087.438704-241893.529333j,-2.284360-2.663525j,-2.283793-1.616842j,13.904652
-872572.511414-244840.592702j,-2.286374-2.663527j,-2.285810-1.616841j,13.917231
-883185.075958-247823.529344j,-2.288389-2.663529j,-2.287826-1.616839j,13.929810
-893926.682404-250842.775689j,-2.290403-2.663531j,-2.289843-1.616837j,13.942389
-904798.899666-253898.773471j,-2.292418-2.663533j,-2.291859-1.616835j,13.954968
-915803.315730-256991.969799j,-2.294432-2.663535j,-2.293876-1.616834j,13.967546
-926941.537891-260122.817220j,-2.296446-2.663537j,-2.295892-1.616832j,13.980125
-938215.192983-263291.773783j,-2.298461-2.663538j,-2.297909-1.616830j,13.992704
-949625.927621-266499.303106j,-2.300475-2.663540j,-2.299925-1.616829j,14.005283
-961175.408437-269745.874450j,-2.302490-2.663542j,-2.301941-1.616827j,14.017862
-972865.322327-273031.962779j,-2.304504-2.663544j,-2.303958-1.616825j,14.030441
-984697.376695-276358.048834j,-2.306518-2.663546j,-2.305974-1.616824j,14.043019
-996673.299705-279724.619204j,-2.308533-2.663548j,-2.307990-1.616822j,14.055598
-1008794.840528-283132.166393j,-2.310547-2.663550j,-2.310007-1.616820j,14.068177
-1021063.769606-286581.188896j,-2.312561-2.663551j,-2.312023-1.616819j,14.080756
-1033481.878901-290072.191271j,-2.314576-2.663553j,-2.314039-1.616817j,14.093335
-1046050.982165-293605.684210j,-2.316590-2.663555j,-2.316056-1.616816j,14.105914
-1058772.915199-297182.184618j,-2.318605-2.663557j,-2.318072-1.616814j,14.118492
-1071649.536124-300802.215685j,-2.320619-2.663558j,-2.320088-1.616812j,14.131071
-1084682.725651-304466.306962j,-2.322633-2.663560j,-2.322105-1.616811j,14.143650
-1097874.387357-308174.994443j,-2.324648-2.663562j,-2.324121-1.616809j,14.156229
-1111226.447962-311928.820638j,-2.326662-2.663564j,-2.326137-1.616808j,14.168808
-1124740.857611-315728.334656j,-2.328676-2.663565j,-2.328153-1.616806j,14.181387
-1138419.590159-319574.092281j,-2.330691-2.663567j,-2.330170-1.616805j,14.193965
-1152264.643457-323466.656060j,-2.332705-2.663569j,-2.332186-1.616803j,14.206544
-1166278.039646-327406.595377j,-2.334719-2.663570j,-2.334202-1.616802j,14.219123
-1180461.825452-331394.486543j,-2.336734-2.663572j,-2.336218-1.616800j,14.231702
-1194818.072486-335430.912877j,-2.338748-2.663574j,-2.338234-1.616799j,14.244281
-1209348.877544-339516.464790j,-2.340762-2.663575j,-2.340251-1.616797j,14.256860
-1224056.362913-343651.739875j,-2.342776-2.663577j,-2.342267-1.616796j,14.269438
-1238942.676684-347837.342990j,-2.344791-2.663579j,-2.344283-1.616794j,14.282017
-1254009.993065-352073.886352j,-2.346805-2.663580j,-2.346299-1.616793j,14.294596
-1269260.512695-356361.989618j,-2.348819-2.663582j,-2.348315-1.616792j,14.307175
-1284696.462969-360702.279986j,-2.350834-2.663583j,-2.350331-1.616790j,14.319754
-1300320.098364-365095.392276j,-2.352848-2.663585j,-2.352348-1.616789j,14.332333
-1316133.700763-369541.969032j,-2.354862-2.663587j,-2.354364-1.616787j,14.344912
-1332139.579794-374042.660609j,-2.356876-2.663588j,-2.356380-1.616786j,14.357490
-1348340.073166-378598.125272j,-2.358891-2.663590j,-2.358396-1.616785j,14.370069
-1364737.547005-383209.029290j,-2.360905-2.663591j,-2.360412-1.616783j,14.382648
-1381334.396209-387876.047035j,-2.362919-2.663593j,-2.362428-1.616782j,14.395227
-1398133.044789-392599.861080j,-2.364934-2.663594j,-2.364444-1.616780j,14.407806
-1415135.946228-397381.162297j,-2.366948-2.663596j,-2.366460-1.616779j,14.420385
-1432345.583839-402220.649960j,-2.368962-2.663597j,-2.368476-1.616778j,14.432963
-1449764.471124-407119.031847j,-2.370976-2.663599j,-2.370492-1.616776j,14.445542
-1467395.152145-412077.024342j,-2.372991-2.663600j,-2.372508-1.616775j,14.458121
-1485240.201896-417095.352542j,-2.375005-2.663602j,-2.374524-1.616774j,14.470700
-1503302.226673-422174.750359j,-2.377019-2.663603j,-2.376540-1.616773j,14.483279
-1521583.864464-427315.960632j,-2.379033-2.663605j,-2.378556-1.616771j,14.495858
-1540087.785323-432519.735231j,-2.381048-2.663606j,-2.380572-1.616770j,14.508436
-1558816.691772-437786.835170j,-2.383062-2.663607j,-2.382588-1.616769j,14.521015
-1577773.319186-443118.030718j,-2.385076-2.663609j,-2.384604-1.616767j,14.533594
-1596960.436196-448514.101509j,-2.387090-2.663610j,-2.386620-1.616766j,14.546173
-1616380.845096-453975.836659j,-2.389104-2.663612j,-2.388636-1.616765j,14.558752
-1636037.382248-459504.034878j,-2.391119-2.663613j,-2.390652-1.616764j,14.571331
-1655932.918498-465099.504589j,-2.393133-2.663614j,-2.392668-1.616762j,14.583909
-1676070.359594-470763.064047j,-2.395147-2.663616j,-2.394684-1.616761j,14.596488
-1696452.646613-476495.541456j,-2.397161-2.663617j,-2.396700-1.616760j,14.609067
-1717082.756390-482297.775089j,-2.399175-2.663618j,-2.398716-1.616759j,14.621646
-1737963.701950-488170.613417j,-2.401190-2.663620j,-2.400731-1.616758j,14.634225
-1759098.532949-494114.915223j,-2.403204-2.663621j,-2.402747-1.616756j,14.646804
-1780490.336122-500131.549737j,-2.405218-2.663622j,-2.404763-1.616755j,14.659382
-1802142.235730-506221.396757j,-2.407232-2.663624j,-2.406779-1.616754j,14.671961
-1824057.394021-512385.346780j,-2.409246-2.663625j,-2.408795-1.616753j,14.684540
-1846239.011686-518624.301129j,-2.411261-2.663626j,-2.410811-1.616752j,14.697119
-1868690.328330-524939.172090j,-2.413275-2.663628j,-2.412827-1.616750j,14.709698
-1891414.622945-531330.883042j,-2.415289-2.663629j,-2.414842-1.616749j,14.722277
-1914415.214389-537800.368589j,-2.417303-2.663630j,-2.416858-1.616748j,14.734855
-1937695.461868-544348.574703j,-2.419317-2.663631j,-2.418874-1.616747j,14.747434
-1961258.765431-550976.458857j,-2.421331-2.663633j,-2.420890-1.616746j,14.760013
-1985108.566461-557684.990168j,-2.423346-2.663634j,-2.422906-1.616745j,14.772592
-2009248.348184-564475.149536j,-2.425360-2.663635j,-2.424921-1.616744j,14.785171
-2033681.636172-571347.929788j,-2.427374-2.663636j,-2.426937-1.616743j,14.797750
-2058411.998861-578304.335824j,-2.429388-2.663637j,-2.428953-1.616742j,14.810329
-2083443.048070-585345.384764j,-2.431402-2.663639j,-2.430969-1.616740j,14.822907
-2108778.439533-592472.106096j,-2.433416-2.663640j,-2.432985-1.616739j,14.835486
-2134421.873426-599685.541824j,-2.435431-2.663641j,-2.435000-1.616738j,14.848065
-2160377.094912-606986.746624j,-2.437445-2.663642j,-2.437016-1.616737j,14.860644
-2186647.894690-614376.787996j,-2.439459-2.663643j,-2.439032-1.616736j,14.873223
-2213238.109540-621856.746420j,-2.441473-2.663644j,-2.441047-1.616735j,14.885802
-2240151.622894-629427.715515j,-2.443487-2.663646j,-2.443063-1.616734j,14.898380
-2267392.365395-637090.802197j,-2.445501-2.663647j,-2.445079-1.616733j,14.910959
-2278381.845772-640182.268687j,-2.446307-2.663647j,-2.445885-1.616733j,14.916009
