-0.535117-0.674568j,0.313718+0.869171j,0.313718+0.869171j,0.000000
-0.535117-0.674568j,0.313711+0.869175j,0.313725+0.869166j,0.000000
-0.535117-0.674568j,0.313716+0.869172j,0.313720+0.869170j,0.000000
-0.535117-0.674568j,0.313754+0.869147j,0.313683+0.869195j,0.000000
-0.535117-0.674568j,0.313754+0.869147j,0.313683+0.869195j,0.000000
-0.535117-0.674568j,0.313754+0.869147j,0.313682+0.869195j,0.000000
-0.535117-0.674568j,0.313754+0.869146j,0.313682+0.869195j,0.000000
-0.535117-0.674568j,0.313754+0.869146j,0.313682+0.869195j,0.000000
-0.535117-0.674568j,0.313754+0.869146j,0.313682+0.869195j,0.000000
-0.535117-0.674568j,0.313755+0.869146j,0.313682+0.869195j,0.000000
-0.535117-0.674568j,0.313755+0.869146j,0.313682+0.869195j,0.000000
-0.535117-0.674568j,0.313755+0.869146j,0.313681+0.869196j,0.000000
-0.535117-0.674568j,0.313720+0.869174j,0.313716+0.869168j,0.000000
-0.535117-0.674568j,0.313699+0.869184j,0.313738+0.869158j,0.000000
-0.535117-0.674568j,0.313700+0.869183j,0.313737+0.869159j,0.000000
-0.535117-0.674568j,0.313701+0.869182j,0.313735+0.869160j,0.000000
-0.535117-0.674568j,0.313703+0.869181j,0.313733+0.869161j,0.000000
-0.535117-0.674568j,0.313705+0.869179j,0.313731+0.869162j,0.000000
-0.535117-0.674568j,0.313708+0.869177j,0.313728+0.869165j,0.000000
-0.535117-0.674568j,0.313712+0.869169j,0.313724+0.869172j,0.000000
-0.535117-0.674568j,0.313707+0.869163j,0.313730+0.869178j,0.000000
-0.535117-0.674568j,0.313703+0.869162j,0.313733+0.869179j,0.000000
-0.535117-0.674568j,0.313700+0.869149j,0.313736+0.869192j,0.000000
-0.535117-0.674568j,0.313698+0.869150j,0.313738+0.869191j,0.000000
-0.535117-0.674568j,0.313697+0.869150j,0.313740+0.869191j,0.000000
-0.535117-0.674568j,0.313695+0.869151j,0.313741+0.869191j,0.000000
-0.535117-0.674568j,0.313693+0.869151j,0.313743+0.869191j,0.000000
-0.535117-0.674568j,0.313692+0.869151j,0.313744+0.869191j,0.000000
-0.535117-0.674568j,0.313691+0.869151j,0.313746+0.869191j,0.000000
-0.535117-0.674568j,0.313689+0.869150j,0.313747+0.869191j,0.000000
-0.535117-0.674568j,0.313688+0.869150j,0.313748+0.869191j,0.000000
-0.535117-0.674568j,0.313687+0.869150j,0.313749+0.869191j,0.000000
-0.535117-0.674568j,0.313686+0.869150j,0.313750+0.869192j,0.000000
-0.535117-0.674568j,0.313685+0.869150j,0.313752+0.869192j,0.000000
-0.535117-0.674568j,0.313684+0.869149j,0.313753+0.869192j,0.000000
-0.535117-0.674568j,0.313683+0.869149j,0.313754+0.869192j,0.000000
-0.535117-0.674568j,0.313682+0.869149j,0.313755+0.869193j,0.000000
-0.535117-0.674568j,0.313681+0.869148j,0.313756+0.869193j,0.000000
-0.535117-0.674568j,0.313680+0.869148j,0.313757+0.869193j,0.000000
-0.535117-0.674568j,0.313679+0.869148j,0.313758+0.869194j,0.000000
-0.535117-0.674568j,0.313678+0.869148j,0.313759+0.869194j,0.000000
-0.535117-0.674568j,0.313677+0.869147j,0.313759+0.869194j,0.000000
-0.535117-0.674568j,0.313676+0.869147j,0.313760+0.869194j,0.000000
-0.535117-0.674568j,0.313675+0.869147j,0.313761+0.869195j,0.000000
-0.535117-0.674568j,0.313675+0.869147j,0.313762+0.869195j,0.000000
-0.535117-0.674568j,0.313674+0.869146j,0.313762+0.869195j,0.000000
-0.535117-0.674568j,0.313673+0.869146j,0.313763+0.869195j,0.000000
-0.535117-0.674568j,0.313673+0.869146j,0.313764+0.869196j,0.000000
-0.535117-0.674568j,0.313672+0.869146j,0.313764+0.869196j,0.000000
-0.535117-0.674568j,0.313671+0.869145j,0.313765+0.869196j,0.000000
-0.535117-0.674568j,0.313671+0.869145j,0.313766+0.869196j,0.000000
-0.535117-0.674568j,0.313670+0.869145j,0.313766+0.869197j,0.000000
-0.535117-0.674568j,0.313670+0.869145j,0.313767+0.869197j,0.000000
-0.535117-0.674568j,0.313669+0.869144j,0.313767+0.869197j,0.000000
-0.535117-0.674568j,0.313668+0.869144j,0.313768+0.869197j,0.000000
-0.535117-0.674568j,0.313668+0.869144j,0.313769+0.869198j,0.000000
-0.535117-0.674568j,0.313667+0.869144j,0.313769+0.869198j,0.000000
-0.535117-0.674568j,0.313667+0.869143j,0.313770+0.869198j,0.000000
-0.535117-0.674568j,0.313666+0.869143j,0.313770+0.869198j,0.000000
-0.535117-0.674568j,0.313666+0.869143j,0.313771+0.869198j,0.000000
-0.535117-0.674568j,0.313665+0.869143j,0.313771+0.869199j,0.000000
-0.535117-0.674568j,0.313665+0.869143j,0.313772+0.869199j,0.000000
-0.535117-0.674568j,0.313664+0.869142j,0.313772+0.869199j,0.000000
-0.535117-0.674568j,0.313664+0.869142j,0.313773+0.869199j,0.000000
-0.535117-0.674568j,0.313663+0.869142j,0.313773+0.869199j,0.000000
-0.535117-0.674568j,0.313663+0.869142j,0.313773+0.869200j,0.000000
-0.535117-0.674568j,0.313662+0.869142j,0.313774+0.869200j,0.000000
-0.535117-0.674568j,0.313662+0.869142j,0.313774+0.869200j,0.000000
-0.535117-0.674568j,0.313662+0.869141j,0.313775+0.869200j,0.000000
-0.535117-0.674568j,0.313661+0.869141j,0.313775+0.869200j,0.000000
-0.535117-0.674568j,0.313661+0.869141j,0.313776+0.869201j,0.000000
-0.535117-0.674568j,0.313660+0.869141j,0.313776+0.869201j,0.000000
-0.535117-0.674568j,0.313660+0.869141j,0.313777+0.869201j,0.000000
-0.535117-0.674568j,0.313659+0.869140j,0.313777+0.869201j,0.000000
-0.535117-0.674568j,0.313659+0.869140j,0.313777+0.869201j,0.000000
-0.535117-0.674568j,0.313659+0.869140j,0.313778+0.869201j,0.000000
-0.535117-0.674568j,0.313658+0.869140j,0.313778+0.869202j,0.000000
-0.535117-0.674568j,0.313658+0.869140j,0.313778+0.869202j,0.000000
-0.535117-0.674568j,0.313658+0.869140j,0.313779+0.869202j,0.000000
-0.535117-0.674568j,0.313657+0.869139j,0.313779+0.869202j,0.000000
-0.535117-0.674568j,0.313657+0.869139j,0.313780+0.869202j,0.000000
-0.535117-0.674568j,0.313656+0.869139j,0.313780+0.869202j,0.000000
-0.535117-0.674568j,0.313656+0.869139j,0.313780+0.869203j,0.000000
-0.535117-0.674568j,0.313656+0.869139j,0.313781+0.869203j,0.000000
-0.535117-0.674568j,0.313655+0.869139j,0.313781+0.869203j,0.000000
-0.535117-0.674568j,0.313655+0.869138j,0.313781+0.869203j,0.000000
-0.535117-0.674568j,0.313655+0.869138j,0.313782+0.869203j,0.000000
-0.535117-0.674568j,0.313654+0.869138j,0.313782+0.869203j,0.000000
-0.535117-0.674568j,0.313654+0.869138j,0.313782+0.869203j,0.000000
-0.535117-0.674568j,0.313654+0.869138j,0.313783+0.869204j,0.000000
-0.535117-0.674568j,0.313653+0.869138j,0.313783+0.869204j,0.000000
-0.535117-0.674568j,0.313653+0.869138j,0.313783+0.869204j,0.000000
-0.535117-0.674568j,0.313653+0.869137j,0.313784+0.869204j,0.000000
-0.535117-0.674568j,0.313652+0.869137j,0.313784+0.869204j,0.000000
-0.535117-0.674568j,0.313652+0.869137j,0.313784+0.869204j,0.000000
-0.535117-0.674568j,0.313652+0.869137j,0.313785+0.869204j,0.000000
-0.535117-0.674568j,0.313651+0.869137j,0.313785+0.869205j,0.000000
-0.535117-0.674568j,0.313651+0.869137j,0.313785+0.869205j,0.000000
-0.535117-0.674568j,0.313651+0.869137j,0.313786+0.869205j,0.000000
-0.535117-0.674568j,0.313650+0.869136j,0.313786+0.869205j,0.000000
-0.535117-0.674568j,0.313650+0.869136j,0.313786+0.869205j,0.000000
-0.535117-0.674568j,0.313650+0.869136j,0.313787+0.869205j,0.000000
-0.535117-0.674568j,0.313650+0.869136j,0.313787+0.869205j,0.000000
-0.535117-0.674568j,0.313649+0.869136j,0.313787+0.869206j,0.000000
-0.535117-0.674568j,0.313649+0.869136j,0.313787+0.869206j,0.000000
-0.535117-0.674568j,0.313649+0.869136j,0.313788+0.869206j,0.000000
-0.535117-0.674568j,0.313648+0.869136j,0.313788+0.869206j,0.000000
-0.535117-0.674568j,0.313648+0.869135j,0.313788+0.869206j,0.000000
-0.535117-0.674568j,0.313648+0.869135j,0.313789+0.869206j,0.000000
-0.535117-0.674568j,0.313648+0.869135j,0.313789+0.869206j,0.000000
-0.535117-0.674568j,0.313647+0.869135j,0.313789+0.869206j,0.000000
-0.535117-0.674568j,0.313647+0.869135j,0.313789+0.869207j,0.000000
-0.535117-0.674568j,0.313647+0.869135j,0.313790+0.869207j,0.000000
-0.535117-0.674568j,0.313646+0.869135j,0.313790+0.869207j,0.000000
-0.535117-0.674568j,0.313646+0.869135j,0.313790+0.869207j,0.000000
-0.535117-0.674568j,0.313646+0.869134j,0.313790+0.869207j,0.000000
-0.535117-0.674568j,0.313646+0.869134j,0.313791+0.869207j,0.000000
-0.535117-0.674568j,0.313645+0.869134j,0.313791+0.869207j,0.000000
-0.535117-0.674568j,0.313645+0.869134j,0.313791+0.869207j,0.000000
-0.535117-0.674568j,0.313645+0.869134j,0.313792+0.869208j,0.000000
-0.535117-0.674568j,0.313645+0.869134j,0.313792+0.869208j,0.000000
-0.535117-0.674568j,0.313644+0.869134j,0.313792+0.869208j,0.000000
-0.535117-0.674568j,0.313644+0.869134j,0.313792+0.869208j,0.000000
-0.535117-0.674568j,0.313644+0.869133j,0.313793+0.869208j,0.000000
-0.535117-0.674568j,0.313644+0.869133j,0.313793+0.869208j,0.000000
-0.535117-0.674568j,0.313643+0.869133j,0.313793+0.869208j,0.000000
-0.535117-0.674568j,0.313643+0.869133j,0.313793+0.869208j,0.000000
-0.535117-0.674568j,0.313643+0.869133j,0.313794+0.869208j,0.000000
-0.535117-0.674568j,0.313643+0.869133j,0.313794+0.869209j,0.000000
-0.535117-0.674568j,0.313642+0.869133j,0.313794+0.869209j,0.000000
-0.535117-0.674568j,0.313642+0.869133j,0.313794+0.869209j,0.000000
-0.535117-0.674568j,0.313642+0.869133j,0.313795+0.869209j,0.000000
-0.535117-0.674568j,0.313642+0.869132j,0.313795+0.869209j,0.000000
-0.535117-0.674568j,0.313641+0.869132j,0.313795+0.869209j,0.000000
-0.535117-0.674568j,0.313641+0.869132j,0.313795+0.869209j,0.000000
-0.535117-0.674568j,0.313641+0.869132j,0.313795+0.869209j,0.000000
-0.535117-0.674568j,0.313641+0.869132j,0.313796+0.869209j,0.000000
-0.535117-0.674568j,0.313640+0.869132j,0.313796+0.869210j,0.000000
-0.535117-0.674568j,0.313640+0.869132j,0.313796+0.869210j,0.000000
-0.535117-0.674568j,0.313640+0.869132j,0.313796+0.869210j,0.000000
-0.535117-0.674568j,0.313640+0.869132j,0.313797+0.869210j,0.000000
-0.535117-0.674568j,0.313640+0.869132j,0.313797+0.869210j,0.000000
-0.535117-0.674568j,0.313639+0.869131j,0.313797+0.869210j,0.000000
-0.535117-0.674568j,0.313639+0.869131j,0.313797+0.869210j,0.000000
-0.535117-0.674568j,0.313639+0.869131j,0.313797+0.869210j,0.000000
-0.535117-0.674568j,0.313639+0.869131j,0.313798+0.869210j,0.000000
-0.535117-0.674568j,0.313638+0.869131j,0.313798+0.869210j,0.000000
-0.535117-0.674568j,0.313638+0.869131j,0.313798+0.869211j,0.000000
-0.535117-0.674568j,0.313638+0.869131j,0.313798+0.869211j,0.000000
-0.535117-0.674568j,0.313638+0.869131j,0.313799+0.869211j,0.000000
-0.535117-0.674568j,0.313638+0.869131j,0.313799+0.869211j,0.000000
-0.535117-0.674568j,0.313637+0.869131j,0.313799+0.869211j,0.000000
-0.535117-0.674568j,0.313637+0.869130j,0.313799+0.869211j,0.000000
-0.535117-0.674568j,0.313637+0.869130j,0.313799+0.869211j,0.000000
-0.535117-0.674568j,0.313637+0.869130j,0.313800+0.869211j,0.000000
-0.535117-0.674568j,0.313637+0.869130j,0.313800+0.869211j,0.000000
-0.535117-0.674568j,0.313636+0.869130j,0.313800+0.869211j,0.000000
-0.535117-0.674568j,0.313636+0.869130j,0.313800+0.869212j,0.000000
-0.535117-0.674568j,0.313636+0.869130j,0.313800+0.869212j,0.000000
-0.535117-0.674568j,0.313636+0.869130j,0.313801+0.869212j,0.000000
-0.535117-0.674568j,0.313635+0.869130j,0.313801+0.869212j,0.000000
-0.535117-0.674568j,0.313635+0.869130j,0.313801+0.869212j,0.000000
-0.535117-0.674568j,0.313635+0.869129j,0.313801+0.869212j,0.000000
-0.535117-0.674568j,0.313635+0.869129j,0.313801+0.869212j,0.000000
-0.535117-0.674568j,0.313635+0.869129j,0.313802+0.869212j,0.000000
-0.535117-0.674568j,0.313634+0.869129j,0.313802+0.869212j,0.000000
-0.535117-0.674568j,0.313634+0.869129j,0.313802+0.869212j,0.000000
-0.535117-0.674568j,0.313634+0.869129j,0.313802+0.869212j,0.000000
-0.535117-0.674568j,0.313634+0.869129j,0.313802+0.869213j,0.000000
-0.535117-0.674568j,0.313634+0.869129j,0.313803+0.869213j,0.000000
-0.535117-0.674568j,0.313634+0.869129j,0.313803+0.869213j,0.000000
-0.535117-0.674568j,0.313633+0.869129j,0.313803+0.869213j,0.000000
-0.535117-0.674568j,0.313633+0.869129j,0.313803+0.869213j,0.000000
-0.535117-0.674568j,0.313633+0.869128j,0.313803+0.869213j,0.000000
-0.535117-0.674568j,0.313633+0.869128j,0.313804+0.869213j,0.000000
-0.535117-0.674568j,0.313633+0.869128j,0.313804+0.869213j,0.000000
-0.535117-0.674568j,0.313632+0.869128j,0.313804+0.869213j,0.000000
-0.535117-0.674568j,0.313632+0.869128j,0.313804+0.869213j,0.000000
-0.535117-0.674568j,0.313632+0.869128j,0.313804+0.869213j,0.000000
-0.535117-0.674568j,0.313632+0.869128j,0.313805+0.869214j,0.000000
-0.535117-0.674568j,0.313632+0.869128j,0.313805+0.869214j,0.000000
-0.535117-0.674568j,0.313631+0.869128j,0.313805+0.869214j,0.000000
-0.535117-0.674568j,0.313631+0.869128j,0.313805+0.869214j,0.000000
-0.535117-0.674568j,0.313631+0.869128j,0.313805+0.869214j,0.000000
-0.535117-0.674568j,0.313631+0.869127j,0.313806+0.869214j,0.000000
-0.535117-0.674568j,0.313631+0.869127j,0.313806+0.869214j,0.000000
-0.535117-0.674568j,0.313631+0.869127j,0.313806+0.869214j,0.000000
-0.535117-0.674568j,0.313630+0.869127j,0.313806+0.869214j,0.000000
-0.535117-0.674568j,0.313630+0.869127j,0.313806+0.869214j,0.000000
-0.535117-0.674568j,0.313630+0.869127j,0.313806+0.869214j,0.000000
-0.535117-0.674568j,0.313630+0.869127j,0.313807+0.869214j,0.000000
-0.535117-0.674568j,0.313630+0.869127j,0.313807+0.869215j,0.000000
-0.535117-0.674568j,0.313629+0.869127j,0.313807+0.869215j,0.000000
-0.535117-0.674568j,0.313629+0.869127j,0.313807+0.869215j,0.000000
-0.535117-0.674568j,0.313629+0.869127j,0.313807+0.869215j,0.000000
-0.535117-0.674568j,0.313629+0.869127j,0.313807+0.869215j,0.000000
-0.535117-0.674568j,0.313629+0.869126j,0.313808+0.869215j,0.000000
-0.535117-0.674568j,0.313629+0.869126j,0.313808+0.869215j,0.000000
-0.535117-0.674568j,0.313628+0.869126j,0.313808+0.869215j,0.000000
-0.535117-0.674568j,0.313628+0.869126j,0.313808+0.869215j,0.000000
-0.535117-0.674568j,0.313628+0.869126j,0.313808+0.869215j,0.000000
-0.535117-0.674568j,0.313628+0.869126j,0.313809+0.869215j,0.000000
-0.535117-0.674568j,0.313628+0.869126j,0.313809+0.869215j,0.000000
-0.535117-0.674568j,0.313615+0.869120j,0.313821+0.869222j,0.000000
-0.535117-0.674568j,0.313604+0.869115j,0.313832+0.869227j,0.000000
-0.535117-0.674568j,0.313591+0.869109j,0.313845+0.869233j,0.000000
-0.535117-0.674568j,0.313577+0.869102j,0.313859+0.869240j,0.000000
-0.535117-0.674568j,0.313562+0.869095j,0.313874+0.869247j,0.000000
-0.535117-0.674568j,0.313546+0.869087j,0.313891+0.869255j,0.000000
-0.535117-0.674568j,0.313528+0.869078j,0.313908+0.869263j,0.000000
-0.535117-0.674568j,0.313508+0.869069j,0.313928+0.869273j,0.000000
-0.535117-0.674568j,0.313487+0.869058j,0.313949+0.869283j,0.000000
-0.535117-0.674568j,0.313464+0.869047j,0.313972+0.869294j,0.000000
-0.535117-0.674568j,0.313440+0.869035j,0.313997+0.869306j,0.000000
-0.535117-0.674568j,0.313413+0.869022j,0.314024+0.869319j,0.000000
-0.535117-0.674568j,0.313384+0.869008j,0.314053+0.869333j,0.000000
-0.535117-0.674568j,0.313353+0.868993j,0.314084+0.869349j,0.000000
-0.535117-0.674568j,0.313319+0.868977j,0.314118+0.869365j,0.000000
-0.535117-0.674568j,0.313282+0.868959j,0.314154+0.869383j,0.000000
-0.535117-0.674568j,0.313243+0.868940j,0.314193+0.869402j,0.000000
-0.535117-0.674568j,0.313201+0.868919j,0.314235+0.869422j,0.000000
-0.535117-0.674568j,0.313156+0.868897j,0.314281+0.869444j,0.000000
-0.535117-0.674568j,0.313107+0.868874j,0.314329+0.869468j,0.000000
-0.535117-0.674568j,0.313055+0.868849j,0.314381+0.869493j,0.000000
-0.535118-0.674568j,0.312999+0.868822j,0.314437+0.869520j,0.000000
-0.535118-0.674568j,0.312940+0.868793j,0.314497+0.869549j,0.000000
-0.535118-0.674568j,0.312876+0.868762j,0.314561+0.869581j,0.000000
-0.535118-0.674568j,0.312808+0.868728j,0.314629+0.869614j,0.000000
-0.535118-0.674569j,0.312735+0.868693j,0.314702+0.869649j,0.000000
-0.535118-0.674569j,0.312657+0.868655j,0.314780+0.869687j,0.000000
-0.535119-0.674569j,0.312575+0.868615j,0.314862+0.869727j,0.000000
-0.535119-0.674569j,0.312486+0.868572j,0.314951+0.869770j,0.000000
-0.535119-0.674569j,0.312393+0.868527j,0.315044+0.869816j,0.000000
-0.535119-0.674569j,0.312293+0.868479j,0.315144+0.869865j,0.000000
-0.535120-0.674569j,0.312187+0.868427j,0.315250+0.869916j,0.000000
-0.535120-0.674570j,0.312075+0.868373j,0.315363+0.869971j,0.000000
-0.535121-0.674570j,0.311955+0.868315j,0.315482+0.870029j,0.000000
-0.535121-0.674570j,0.311829+0.868253j,0.315609+0.870091j,0.000000
-0.535122-0.674570j,0.311695+0.868189j,0.315743+0.870156j,0.000000
-0.535123-0.674571j,0.311553+0.868120j,0.315885+0.870226j,0.000000
-0.535124-0.674571j,0.311403+0.868047j,0.316035+0.870299j,0.000000
-0.535125-0.674572j,0.311245+0.867970j,0.316194+0.870376j,0.000000
-0.535126-0.674572j,0.311077+0.867889j,0.316362+0.870458j,0.000000
-0.535127-0.674573j,0.310901+0.867804j,0.316539+0.870544j,0.000000
-0.535128-0.674573j,0.310714+0.867713j,0.316726+0.870636j,0.000000
-0.535130-0.674574j,0.310518+0.867618j,0.316923+0.870732j,0.000000
-0.535131-0.674575j,0.310310+0.867518j,0.317131+0.870833j,0.000000
-0.535133-0.674576j,0.310092+0.867412j,0.317349+0.870940j,0.000000
-0.535136-0.674577j,0.309863+0.867301j,0.317579+0.871052j,0.000000
-0.535138-0.674578j,0.309622+0.867185j,0.317821+0.871171j,0.000000
-0.535141-0.674579j,0.309368+0.867062j,0.318076+0.871295j,0.000000
-0.535144-0.674581j,0.309102+0.866934j,0.318343+0.871426j,0.000000
-0.535147-0.674582j,0.308823+0.866799j,0.318624+0.871563j,0.000000
-0.535151-0.674584j,0.308530+0.866657j,0.318918+0.871707j,0.000000
-0.535155-0.674586j,0.308222+0.866509j,0.319227+0.871858j,0.000000
-0.535159-0.674588j,0.307900+0.866353j,0.319550+0.872016j,0.000000
-0.535165-0.674591j,0.307563+0.866191j,0.319889+0.872182j,0.000001
-0.535170-0.674593j,0.307210+0.866021j,0.320244+0.872356j,0.000001
-0.535176-0.674596j,0.306841+0.865843j,0.320615+0.872538j,0.000001
-0.535183-0.674600j,0.306456+0.865657j,0.321002+0.872728j,0.000001
-0.535191-0.674603j,0.306053+0.865463j,0.321408+0.872927j,0.000001
-0.535199-0.674607j,0.305632+0.865261j,0.321831+0.873135j,0.000001
-0.535208-0.674612j,0.305193+0.865050j,0.322273+0.873352j,0.000002
-0.535218-0.674617j,0.304735+0.864830j,0.322735+0.873579j,0.000002
-0.535230-0.674622j,0.304258+0.864600j,0.323215+0.873815j,0.000002
-0.535242-0.674628j,0.303761+0.864362j,0.323717+0.874062j,0.000002
-0.535255-0.674634j,0.303243+0.864114j,0.324239+0.874319j,0.000003
-0.535270-0.674641j,0.302704+0.863855j,0.324782+0.874587j,0.000003
-0.535286-0.674649j,0.302144+0.863587j,0.325348+0.874866j,0.000004
-0.535303-0.674657j,0.301562+0.863308j,0.325936+0.875156j,0.000004
-0.535322-0.674667j,0.300956+0.863019j,0.326548+0.875458j,0.000005
-0.535343-0.674677j,0.300328+0.862719j,0.327183+0.875772j,0.000006
-0.535366-0.674687j,0.299676+0.862407j,0.327843+0.876099j,0.000007
-0.535390-0.674699j,0.298999+0.862084j,0.328528+0.876438j,0.000008
-0.535417-0.674712j,0.298297+0.861750j,0.329238+0.876790j,0.000009
-0.535446-0.674726j,0.297570+0.861404j,0.329975+0.877155j,0.000010
-0.535478-0.674741j,0.296817+0.861046j,0.330739+0.877534j,0.000012
-0.535512-0.674758j,0.296037+0.860675j,0.331530+0.877927j,0.000014
-0.535549-0.674775j,0.295230+0.860293j,0.332349+0.878334j,0.000016
-0.535589-0.674795j,0.294395+0.859897j,0.333197+0.878756j,0.000018
-0.535632-0.674815j,0.293532+0.859488j,0.334074+0.879193j,0.000020
-0.535679-0.674838j,0.292641+0.859067j,0.334981+0.879646j,0.000023
-0.535730-0.674862j,0.291720+0.858632j,0.335919+0.880114j,0.000026
-0.535784-0.674888j,0.290769+0.858184j,0.336887+0.880598j,0.000030
-0.535843-0.674916j,0.289788+0.857722j,0.337887+0.881099j,0.000034
-0.535906-0.674947j,0.288776+0.857246j,0.338920+0.881616j,0.000039
-0.535974-0.674979j,0.287733+0.856756j,0.339986+0.882150j,0.000044
-0.536046-0.675014j,0.286658+0.856252j,0.341085+0.882702j,0.000049
-0.536125-0.675052j,0.285551+0.855734j,0.342218+0.883272j,0.000056
-0.536208-0.675092j,0.284411+0.855201j,0.343385+0.883860j,0.000063
-0.536298-0.675135j,0.283237+0.854654j,0.344588+0.884467j,0.000071
-0.536394-0.675181j,0.282030+0.854091j,0.345827+0.885092j,0.000079
-0.536497-0.675230j,0.280789+0.853514j,0.347102+0.885737j,0.000089
-0.536607-0.675283j,0.279513+0.852922j,0.348414+0.886401j,0.000100
-0.536725-0.675339j,0.278202+0.852315j,0.349763+0.887086j,0.000112
-0.536850-0.675400j,0.276856+0.851693j,0.351151+0.887791j,0.000125
-0.536984-0.675464j,0.275474+0.851055j,0.352577+0.888516j,0.000140
-0.537127-0.675532j,0.274055+0.850402j,0.354042+0.889263j,0.000156
-0.537279-0.675605j,0.272600+0.849734j,0.355548+0.890031j,0.000174
-0.537440-0.675682j,0.271108+0.849050j,0.357093+0.890821j,0.000194
-0.537612-0.675764j,0.269578+0.848350j,0.358680+0.891633j,0.000216
-0.537795-0.675852j,0.268010+0.847635j,0.360307+0.892468j,0.000240
-0.537989-0.675945j,0.266404+0.846904j,0.361977+0.893326j,0.000267
-0.538195-0.676043j,0.264760+0.846158j,0.363689+0.894207j,0.000296
-0.538413-0.676148j,0.263076+0.845395j,0.365445+0.895112j,0.000328
-0.538645-0.676259j,0.261354+0.844618j,0.367244+0.896041j,0.000362
-0.538890-0.676376j,0.259591+0.843824j,0.369087+0.896995j,0.000401
-0.539150-0.676500j,0.257789+0.843015j,0.370974+0.897974j,0.000443
-0.539425-0.676631j,0.255946+0.842190j,0.372907+0.898978j,0.000488
-0.539715-0.676770j,0.254063+0.841349j,0.374886+0.900007j,0.000538
-0.540022-0.676917j,0.252139+0.840493j,0.376910+0.901063j,0.000593
-0.540347-0.677072j,0.250174+0.839622j,0.378982+0.902146j,0.000652
-0.540689-0.677235j,0.248168+0.838734j,0.381101+0.903255j,0.000717
-0.541050-0.677407j,0.246120+0.837832j,0.383268+0.904392j,0.000787
-0.541431-0.677589j,0.244030+0.836914j,0.385483+0.905556j,0.000864
-0.541832-0.677780j,0.241897+0.835981j,0.387747+0.906748j,0.000947
-0.542255-0.677982j,0.239723+0.835034j,0.390060+0.907970j,0.001037
-0.542700-0.678194j,0.237505+0.834071j,0.392423+0.909220j,0.001135
-0.543169-0.678417j,0.235245+0.833093j,0.394837+0.910499j,0.001241
-0.543661-0.678651j,0.232942+0.832101j,0.397302+0.911808j,0.001355
-0.544179-0.678897j,0.230596+0.831094j,0.399818+0.913148j,0.001479
-0.544723-0.679156j,0.228206+0.830073j,0.402386+0.914518j,0.001613
-0.545295-0.679427j,0.225773+0.829037j,0.405007+0.915919j,0.001758
-0.545895-0.679712j,0.223295+0.827988j,0.407681+0.917351j,0.001914
-0.546525-0.680010j,0.220774+0.826925j,0.410408+0.918816j,0.002082
-0.547185-0.680323j,0.218209+0.825849j,0.413189+0.920312j,0.002264
-0.547878-0.680651j,0.215600+0.824759j,0.416025+0.921842j,0.002459
-0.548604-0.680994j,0.212946+0.823656j,0.418917+0.923404j,0.002669
-0.549364-0.681354j,0.210248+0.822540j,0.421864+0.925000j,0.002895
-0.550161-0.681730j,0.207505+0.821412j,0.424867+0.926631j,0.003138
-0.550995-0.682123j,0.204717+0.820272j,0.427927+0.928295j,0.003399
-0.551867-0.682534j,0.201885+0.819120j,0.431044+0.929995j,0.003678
-0.552780-0.682964j,0.199008+0.817956j,0.434219+0.931729j,0.003978
-0.553735-0.683413j,0.196086+0.816780j,0.437453+0.933499j,0.004300
-0.554732-0.683882j,0.193119+0.815594j,0.440745+0.935306j,0.004644
-0.555775-0.684371j,0.190107+0.814397j,0.444097+0.937149j,0.005013
-0.556865-0.684882j,0.187049+0.813190j,0.447509+0.939028j,0.005407
-0.558003-0.685415j,0.183947+0.811973j,0.450982+0.940946j,0.005829
-0.559191-0.685970j,0.180800+0.810747j,0.454516+0.942900j,0.006279
-0.560431-0.686549j,0.177607+0.809511j,0.458112+0.944893j,0.006760
-0.561725-0.687152j,0.174370+0.808267j,0.461770+0.946925j,0.007273
-0.563075-0.687781j,0.171087+0.807014j,0.465492+0.948995j,0.007821
-0.564483-0.688435j,0.167759+0.805754j,0.469276+0.951105j,0.008405
-0.565951-0.689117j,0.164386+0.804486j,0.473126+0.953254j,0.009027
-0.567481-0.689826j,0.160968+0.803212j,0.477040+0.955443j,0.009689
-0.569076-0.690563j,0.157505+0.801930j,0.481019+0.957673j,0.010394
-0.570738-0.691330j,0.153997+0.800644j,0.485065+0.959943j,0.011144
-0.572469-0.692128j,0.150444+0.799351j,0.489178+0.962255j,0.011942
-0.574272-0.692957j,0.146846+0.798054j,0.493358+0.964608j,0.012790
-0.576149-0.693819j,0.143203+0.796752j,0.497607+0.967003j,0.013690
-0.578103-0.694714j,0.139516+0.795447j,0.501924+0.969439j,0.014646
-0.580138-0.695644j,0.135784+0.794138j,0.506312+0.971919j,0.015661
-0.582255-0.696610j,0.132007+0.792827j,0.510769+0.974440j,0.016738
-0.584458-0.697613j,0.128186+0.791514j,0.515299+0.977005j,0.017880
-0.586751-0.698653j,0.124321+0.790199j,0.519900+0.979613j,0.019090
-0.589135-0.699733j,0.120411+0.788884j,0.524575+0.982265j,0.020372
-0.591616-0.700853j,0.116457+0.787568j,0.529323+0.984960j,0.021730
-0.594195-0.702015j,0.112459+0.786253j,0.534147+0.987699j,0.023168
-0.596878-0.703220j,0.108417+0.784939j,0.539046+0.990482j,0.024689
-0.599668-0.704470j,0.104331+0.783627j,0.544022+0.993310j,0.026299
-0.602568-0.705765j,0.100202+0.782317j,0.549076+0.996182j,0.028000
-0.605583-0.707108j,0.096028+0.781010j,0.554209+0.999099j,0.029800
-0.608718-0.708499j,0.091811+0.779708j,0.559422+1.002060j,0.031701
-0.611977-0.709941j,0.087551+0.778410j,0.564716+1.005066j,0.033709
-0.615364-0.711435j,0.083247+0.777118j,0.570093+1.008117j,0.035830
-0.618886-0.712982j,0.078899+0.775832j,0.575554+1.011213j,0.038069
-0.622546-0.714585j,0.074508+0.774553j,0.581101+1.014354j,0.040432
-0.626351-0.716244j,0.070073+0.773282j,0.586735+1.017539j,0.042926
-0.630307-0.717963j,0.065595+0.772020j,0.592457+1.020770j,0.045556
-0.634418-0.719743j,0.061073+0.770767j,0.598269+1.024046j,0.048329
-0.638693-0.721586j,0.056508+0.769525j,0.604174+1.027366j,0.051253
-0.643138-0.723493j,0.051899+0.768294j,0.610173+1.030731j,0.054336
-0.647759-0.725469j,0.047246+0.767075j,0.616268+1.034141j,0.057584
-0.652565-0.727514j,0.042549+0.765870j,0.622462+1.037595j,0.061006
-0.657564-0.729631j,0.037807+0.764678j,0.628756+1.041093j,0.064612
-0.662764-0.731823j,0.033021+0.763502j,0.635154+1.044635j,0.068410
-0.668174-0.734092j,0.028189+0.762342j,0.641659+1.048221j,0.072410
-0.673804-0.736442j,0.023311+0.761199j,0.648273+1.051850j,0.076623
-0.679665-0.738875j,0.018387+0.760074j,0.655000+1.055522j,0.081059
-0.685768-0.741395j,0.013416+0.758969j,0.661844+1.059238j,0.085731
-0.692124-0.744006j,0.008396+0.757884j,0.668808+1.062996j,0.090650
-0.698746-0.746710j,0.003327+0.756821j,0.675897+1.066796j,0.095830
-0.705650-0.749513j,-0.001792+0.755780j,0.683117+1.070639j,0.101286
-0.712849-0.752418j,-0.006964+0.754764j,0.690472+1.074523j,0.107033
-0.720361-0.755431j,-0.012190+0.753773j,0.697969+1.078449j,0.113088
-0.728205-0.758557j,-0.017473+0.752809j,0.705615+1.082417j,0.119469
-0.736399-0.761801j,-0.022814+0.751873j,0.713417+1.086426j,0.126196
-0.744968-0.765171j,-0.028217+0.750967j,0.721384+1.090476j,0.133290
-0.753902-0.768660j,-0.033666+0.750096j,0.729496+1.094553j,0.140749
-0.763205-0.772267j,-0.039151+0.749262j,0.737746+1.098648j,0.148577
-0.772893-0.775996j,-0.044675+0.748468j,0.746136+1.102758j,0.156791
-0.782984-0.779851j,-0.050235+0.747715j,0.754670+1.106880j,0.165406
-0.793497-0.783837j,-0.055833+0.747004j,0.763355+1.111010j,0.174442
-0.804451-0.787958j,-0.061469+0.746339j,0.772193+1.115145j,0.183917
-0.815868-0.792219j,-0.067143+0.745720j,0.781189+1.119282j,0.193850
-0.827770-0.796625j,-0.072856+0.745151j,0.790351+1.123416j,0.204261
-0.840180-0.801181j,-0.078607+0.744632j,0.799682+1.127543j,0.215172
-0.853123-0.805893j,-0.084399+0.744166j,0.809189+1.131660j,0.226604
-0.866628-0.810767j,-0.090231+0.743756j,0.818879+1.135760j,0.238581
-0.880720-0.815810j,-0.096105+0.743404j,0.828758+1.139839j,0.251126
-0.895432-0.821027j,-0.102021+0.743111j,0.838835+1.143892j,0.264266
-0.910795-0.826426j,-0.107981+0.742881j,0.849117+1.147913j,0.278027
-0.926845-0.832015j,-0.113987+0.742717j,0.859613+1.151897j,0.292438
-0.943618-0.837802j,-0.120041+0.742620j,0.870333+1.155837j,0.307527
-0.961155-0.843796j,-0.126144+0.742593j,0.881287+1.159728j,0.323326
-0.979498-0.850006j,-0.132300+0.742640j,0.892486+1.163562j,0.339870
-0.998696-0.856443j,-0.138511+0.742764j,0.903943+1.167332j,0.357193
-1.018798-0.863119j,-0.144780+0.742967j,0.915671+1.171031j,0.375335
-1.039829-0.870036j,-0.151102+0.743252j,0.927667+1.174647j,0.394307
-1.060874-0.876892j,-0.157205+0.743605j,0.939410+1.178021j,0.413274
-1.081940-0.883692j,-0.163108+0.744019j,0.950923+1.181170j,0.432238
-1.103035-0.890442j,-0.168826+0.744489j,0.962223+1.184110j,0.451198
-1.124167-0.897147j,-0.174376+0.745009j,0.973329+1.186853j,0.470154
-1.146236-0.904092j,-0.179995+0.745601j,0.984714+1.189517j,0.489908
-1.168358-0.910997j,-0.185458+0.746239j,0.995920+1.191992j,0.509659
-1.190538-0.917867j,-0.190777+0.746919j,1.006961+1.194292j,0.529408
-1.213576-0.924950j,-0.196145+0.747663j,1.018235+1.196498j,0.549857
-1.236686-0.932002j,-0.201381+0.748446j,1.029356+1.198538j,0.570305
-1.259873-0.939030j,-0.206494+0.749263j,1.040338+1.200420j,0.590750
-1.284021-0.946298j,-0.211680+0.750144j,1.051595+1.202216j,0.611963
-1.308260-0.953547j,-0.216751+0.751056j,1.062721+1.203861j,0.633174
-1.332595-0.960778j,-0.221716+0.751996j,1.073727+1.205365j,0.654383
-1.357949-0.968266j,-0.226763+0.752998j,1.085025+1.206783j,0.676385
-1.383413-0.975743j,-0.231710+0.754026j,1.096211+1.208066j,0.698386
-1.408991-0.983212j,-0.236565+0.755076j,1.107290+1.209220j,0.720385
-1.435622-0.990946j,-0.241504+0.756186j,1.118668+1.210289j,0.743181
-1.462382-0.998677j,-0.246357+0.757316j,1.129946+1.211235j,0.765977
-1.489273-1.006408j,-0.251128+0.758463j,1.141131+1.212066j,0.788771
-1.517237-1.014410j,-0.255984+0.759667j,1.152611+1.212811j,0.812352
-1.545346-1.022417j,-0.260763+0.760887j,1.164004+1.213447j,0.835932
-1.573603-1.030432j,-0.265471+0.762119j,1.175314+1.213979j,0.859511
-1.602011-1.038458j,-0.270110+0.763363j,1.186546+1.214413j,0.883089
-1.631801-1.046842j,-0.274881+0.764670j,1.198182+1.214769j,0.907677
-1.661760-1.055242j,-0.279588+0.765987j,1.209742+1.215031j,0.932264
-1.691888-1.063662j,-0.284232+0.767312j,1.221231+1.215205j,0.956850
-1.722189-1.072102j,-0.288819+0.768642j,1.232653+1.215296j,0.981436
-1.753836-1.080891j,-0.293524+0.770029j,1.244445+1.215308j,1.006963
-1.785673-1.089706j,-0.298173+0.771420j,1.256171+1.215242j,1.032490
-1.817700-1.098551j,-0.302769+0.772814j,1.267834+1.215102j,1.058016
-1.849919-1.107427j,-0.307316+0.774209j,1.279437+1.214893j,1.083542
-1.883434-1.116638j,-0.311966+0.775651j,1.291373+1.214610j,1.109930
-1.917156-1.125887j,-0.316568+0.777093j,1.303250+1.214262j,1.136318
-1.951089-1.135174j,-0.321125+0.778533j,1.315070+1.213854j,1.162705
-1.985233-1.144501j,-0.325637+0.779970j,1.326836+1.213390j,1.189093
-2.019589-1.153871j,-0.330108+0.781403j,1.338549+1.212875j,1.215480
-2.055426-1.163629j,-0.334700+0.782884j,1.350637+1.212289j,1.242829
-2.091493-1.173436j,-0.339252+0.784360j,1.362672+1.211655j,1.270177
-2.127792-1.183292j,-0.343764+0.785829j,1.374655+1.210977j,1.297526
-2.164325-1.193200j,-0.348239+0.787291j,1.386589+1.210257j,1.324874
-2.201091-1.203161j,-0.352677+0.788745j,1.398474+1.209500j,1.352223
-2.238093-1.213176j,-0.357081+0.790190j,1.410311+1.208707j,1.379572
-2.276711-1.223619j,-0.361612+0.791680j,1.422537+1.207851j,1.407928
-2.315584-1.234122j,-0.366108+0.793159j,1.434714+1.206964j,1.436283
-2.354713-1.244687j,-0.370571+0.794628j,1.446844+1.206047j,1.464640
-2.394100-1.255315j,-0.375002+0.796086j,1.458926+1.205104j,1.492996
-2.433745-1.266007j,-0.379402+0.797532j,1.470961+1.204138j,1.521352
-2.473649-1.276764j,-0.383771+0.798966j,1.482951+1.203149j,1.549709
-2.513813-1.287587j,-0.388110+0.800388j,1.494896+1.202141j,1.578066
-2.555749-1.298882j,-0.392581+0.801850j,1.507239+1.201078j,1.607475
-2.597967-1.310251j,-0.397022+0.803298j,1.519534+1.199997j,1.636884
-2.640468-1.321693j,-0.401434+0.804732j,1.531783+1.198902j,1.666294
-2.683254-1.333209j,-0.405817+0.806153j,1.543985+1.197794j,1.695703
-2.726325-1.344800j,-0.410173+0.807559j,1.556141+1.196674j,1.725113
-2.769682-1.356468j,-0.414502+0.808950j,1.568252+1.195546j,1.754524
-2.813327-1.368211j,-0.418804+0.810327j,1.580317+1.194409j,1.783934
-2.858779-1.380441j,-0.423227+0.811736j,1.592751+1.193226j,1.814354
-2.904541-1.392753j,-0.427623+0.813130j,1.605136+1.192037j,1.844775
-2.950614-1.405150j,-0.431993+0.814507j,1.617475+1.190844j,1.875195
-2.997000-1.417631j,-0.436336+0.815869j,1.629766+1.189647j,1.905616
-3.043699-1.430197j,-0.440654+0.817216j,1.642010+1.188449j,1.936038
-3.090713-1.442849j,-0.444947+0.818546j,1.654207+1.187249j,1.966459
-3.138043-1.455587j,-0.449216+0.819861j,1.666358+1.186050j,1.996881
-3.187313-1.468849j,-0.453604+0.821204j,1.678873+1.184811j,2.028332
-3.236924-1.482205j,-0.457967+0.822530j,1.691338+1.183574j,2.059784
-3.286877-1.495654j,-0.462304+0.823840j,1.703755+1.182339j,2.091236
-3.337174-1.509197j,-0.466618+0.825133j,1.716122+1.181109j,2.122689
-3.387815-1.522835j,-0.470907+0.826411j,1.728441+1.179882j,2.154141
-3.438802-1.536569j,-0.475172+0.827671j,1.740711+1.178661j,2.185594
-3.490137-1.550398j,-0.479414+0.828916j,1.752934+1.177445j,2.217047
-3.543611-1.564805j,-0.483778+0.830187j,1.765527+1.176193j,2.249583
-3.597461-1.579317j,-0.488117+0.831442j,1.778069+1.174949j,2.282119
-3.651687-1.593931j,-0.492433+0.832679j,1.790561+1.173712j,2.314656
-3.706291-1.608650j,-0.496725+0.833901j,1.803001+1.172483j,2.347192
-3.761275-1.623474j,-0.500994+0.835105j,1.815391+1.171262j,2.379729
-3.816641-1.638403j,-0.505239+0.836294j,1.827731+1.170051j,2.412267
-3.872390-1.653437j,-0.509462+0.837467j,1.840021+1.168849j,2.444804
-3.930522-1.669116j,-0.513811+0.838665j,1.852694+1.167614j,2.478492
-3.989069-1.684909j,-0.518137+0.839846j,1.865314+1.166389j,2.512181
-4.048031-1.700816j,-0.522439+0.841011j,1.877880+1.165175j,2.545869
-4.107413-1.716838j,-0.526718+0.842160j,1.890395+1.163972j,2.579558
-4.167214-1.732975j,-0.530974+0.843293j,1.902857+1.162780j,2.613247
-4.227437-1.749228j,-0.535208+0.844411j,1.915266+1.161599j,2.646936
-4.288085-1.765596j,-0.539419+0.845513j,1.927624+1.160430j,2.680626
-4.351391-1.782684j,-0.543761+0.846639j,1.940378+1.159230j,2.715539
-4.415156-1.799897j,-0.548079+0.847749j,1.953076+1.158043j,2.750452
-4.479384-1.817236j,-0.552374+0.848843j,1.965720+1.156868j,2.785365
-4.544076-1.834701j,-0.556647+0.849922j,1.978310+1.155706j,2.820279
-4.609234-1.852293j,-0.560897+0.850985j,1.990845+1.154556j,2.855193
-4.674861-1.870012j,-0.565126+0.852034j,2.003327+1.153419j,2.890107
-4.740959-1.887858j,-0.569332+0.853067j,2.015756+1.152295j,2.925022
-4.810018-1.906505j,-0.573672+0.854124j,2.028591+1.151142j,2.961232
-4.879589-1.925289j,-0.577990+0.855166j,2.041370+1.150003j,2.997442
-4.949674-1.944213j,-0.582284+0.856192j,2.054092+1.148877j,3.033653
-5.020276-1.963275j,-0.586556+0.857204j,2.066759+1.147765j,3.069864
-5.091397-1.982477j,-0.590807+0.858201j,2.079370+1.146666j,3.106076
-5.163040-2.001820j,-0.595035+0.859185j,2.091927+1.145580j,3.142288
-5.235207-2.021303j,-0.599242+0.860154j,2.104428+1.144508j,3.178500
-5.310665-2.041673j,-0.603585+0.861145j,2.117346+1.143408j,3.216078
-5.386693-2.062195j,-0.607906+0.862121j,2.130206+1.142323j,3.253656
-5.463295-2.082871j,-0.612205+0.863084j,2.143008+1.141252j,3.291235
-5.540473-2.103700j,-0.616482+0.864032j,2.155754+1.140194j,3.328814
-5.618232-2.124684j,-0.620736+0.864967j,2.168443+1.139150j,3.366394
-5.696573-2.145823j,-0.624969+0.865889j,2.181076+1.138120j,3.403974
-5.775501-2.167117j,-0.629181+0.866797j,2.193653+1.137103j,3.441554
-5.858072-2.189391j,-0.633532+0.867726j,2.206653+1.136060j,3.480567
-5.941282-2.211834j,-0.637861+0.868642j,2.219595+1.135032j,3.519581
-6.025134-2.234447j,-0.642167+0.869544j,2.232478+1.134018j,3.558595
-6.109630-2.257230j,-0.646452+0.870433j,2.245303+1.133017j,3.597609
-6.194776-2.280183j,-0.650715+0.871309j,2.258071+1.132029j,3.636624
-6.280574-2.303308j,-0.654957+0.872173j,2.270782+1.131055j,3.675639
-6.367027-2.326606j,-0.659178+0.873024j,2.283437+1.130094j,3.714655
-6.457507-2.350983j,-0.663540+0.873895j,2.296520+1.129110j,3.755167
-6.548703-2.375548j,-0.667879+0.874754j,2.309543+1.128139j,3.795679
-6.640617-2.400301j,-0.672197+0.875600j,2.322508+1.127182j,3.836192
-6.733254-2.425242j,-0.676493+0.876433j,2.335414+1.126238j,3.876706
-6.826618-2.450374j,-0.680768+0.877255j,2.348262+1.125308j,3.917220
-6.920713-2.475695j,-0.685022+0.878064j,2.361052+1.124390j,3.957734
-7.015543-2.501208j,-0.689255+0.878862j,2.373786+1.123484j,3.998248
-7.114814-2.527908j,-0.693630+0.879679j,2.386951+1.122557j,4.040320
-7.214886-2.554817j,-0.697983+0.880484j,2.400056+1.121644j,4.082391
-7.315765-2.581934j,-0.702314+0.881277j,2.413102+1.120743j,4.124463
-7.417455-2.609261j,-0.706625+0.882059j,2.426089+1.119855j,4.166536
-7.519960-2.636799j,-0.710914+0.882829j,2.439017+1.118979j,4.208609
-7.623286-2.664549j,-0.715183+0.883589j,2.451888+1.118116j,4.250682
-7.727437-2.692512j,-0.719431+0.884337j,2.464702+1.117265j,4.292756
-7.836475-2.721777j,-0.723821+0.885103j,2.477949+1.116394j,4.336443
-7.946414-2.751274j,-0.728190+0.885858j,2.491135+1.115535j,4.380130
-8.057258-2.781004j,-0.732538+0.886602j,2.504262+1.114689j,4.423818
-8.169013-2.810968j,-0.736865+0.887335j,2.517330+1.113854j,4.467506
-8.281684-2.841166j,-0.741171+0.888058j,2.530340+1.113032j,4.511195
-8.395277-2.871601j,-0.745456+0.888770j,2.543291+1.112222j,4.554884
-8.509796-2.902273j,-0.749722+0.889473j,2.556186+1.111422j,4.598574
-8.629689-2.934372j,-0.754130+0.890191j,2.569514+1.110605j,4.643930
-8.750592-2.966729j,-0.758516+0.890900j,2.582782+1.109799j,4.689287
-8.872513-2.999346j,-0.762882+0.891598j,2.595990+1.109004j,4.734644
-8.995457-3.032223j,-0.767227+0.892286j,2.609139+1.108222j,4.780001
-9.119431-3.065363j,-0.771552+0.892964j,2.622229+1.107450j,4.825360
-9.244441-3.098766j,-0.775856+0.893633j,2.635262+1.106690j,4.870718
-9.370493-3.132434j,-0.780141+0.894292j,2.648237+1.105940j,4.916077
-9.502445-3.167663j,-0.784568+0.894966j,2.661645+1.105173j,4.963153
-9.566340-3.184717j,-0.786690+0.895287j,2.668076+1.104808j,4.985855
-9.566340-3.184717j,-0.786690+0.895287j,2.668076+1.104808j,4.985855
-9.566341-3.184717j,-0.786690+0.895287j,2.668076+1.104808j,4.985855
-9.566342-3.184717j,-0.786690+0.895287j,2.668076+1.104808j,4.985855
-9.566348-3.184719j,-0.786690+0.895287j,2.668076+1.104808j,4.985857
-9.566373-3.184726j,-0.786691+0.895288j,2.668079+1.104808j,4.985866
-9.566489-3.184756j,-0.786695+0.895288j,2.668091+1.104807j,4.985907
-9.567008-3.184895j,-0.786712+0.895291j,2.668143+1.104804j,4.986092
-9.569346-3.185519j,-0.786790+0.895302j,2.668377+1.104791j,4.986922
-9.579868-3.188327j,-0.787138+0.895355j,2.669432+1.104731j,4.990658
-9.627309-3.200986j,-0.788703+0.895591j,2.674174+1.104463j,5.007447
-9.763546-3.237329j,-0.793157+0.896256j,2.687671+1.103706j,5.055246
-9.900969-3.273972j,-0.797590+0.896913j,2.701106+1.102961j,5.103045
-10.039585-3.310918j,-0.802002+0.897559j,2.714482+1.102226j,5.150845
-10.179403-3.348166j,-0.806394+0.898197j,2.727798+1.101501j,5.198645
-10.320429-3.385720j,-0.810765+0.898826j,2.741055+1.100788j,5.246446
-10.462671-3.423581j,-0.815117+0.899445j,2.754254+1.100084j,5.294247
-10.606137-3.461751j,-0.819449+0.900056j,2.767395+1.099390j,5.342049
-10.750834-3.500231j,-0.823762+0.900659j,2.780480+1.098707j,5.389851
-10.902338-3.540502j,-0.828218+0.901275j,2.794002+1.098007j,5.439461
-11.055186-3.581111j,-0.832653+0.901883j,2.807464+1.097318j,5.489072
-11.209386-3.622060j,-0.837069+0.902482j,2.820867+1.096639j,5.538683
-11.364946-3.663351j,-0.841464+0.903073j,2.834211+1.095969j,5.588295
-11.521877-3.704986j,-0.845840+0.903656j,2.847497+1.095309j,5.637908
-11.680185-3.746966j,-0.850197+0.904230j,2.860726+1.094658j,5.687520
-11.839881-3.789294j,-0.854534+0.904796j,2.873898+1.094017j,5.737134
-12.006960-3.833557j,-0.859012+0.905376j,2.887498+1.093361j,5.788575
-12.175549-3.878199j,-0.863469+0.905946j,2.901039+1.092715j,5.840017
-12.345660-3.923220j,-0.867907+0.906509j,2.914521+1.092078j,5.891459
-12.517301-3.968625j,-0.872325+0.907065j,2.927945+1.091450j,5.942902
-12.690484-4.014414j,-0.876724+0.907612j,2.941311+1.090831j,5.994345
-12.865219-4.060590j,-0.881104+0.908152j,2.954620+1.090221j,6.045789
-13.041514-4.107156j,-0.885465+0.908684j,2.967873+1.089619j,6.097234
-13.225903-4.155835j,-0.889965+0.909229j,2.981551+1.089004j,6.150548
-13.411992-4.204937j,-0.894446+0.909765j,2.995170+1.088399j,6.203863
-13.599792-4.254465j,-0.898907+0.910294j,3.008730+1.087801j,6.257178
-13.789315-4.304422j,-0.903348+0.910816j,3.022233+1.087212j,6.310494
-13.980572-4.354810j,-0.907771+0.911331j,3.035679+1.086632j,6.363810
-14.173575-4.405632j,-0.912175+0.911838j,3.049068+1.086059j,6.417127
-14.368336-4.456890j,-0.916560+0.912339j,3.062401+1.085495j,6.470445
-14.571968-4.510456j,-0.921083+0.912851j,3.076156+1.084918j,6.525672
-14.777512-4.564495j,-0.925588+0.913355j,3.089852+1.084349j,6.580900
-14.984982-4.619012j,-0.930072+0.913853j,3.103490+1.083789j,6.636128
-15.194390-4.674009j,-0.934538+0.914343j,3.117071+1.083236j,6.691357
-15.405750-4.729489j,-0.938985+0.914827j,3.130596+1.082691j,6.746586
-15.619075-4.785456j,-0.943414+0.915305j,3.144064+1.082154j,6.801816
-15.834380-4.841912j,-0.947824+0.915776j,3.157477+1.081624j,6.857047
-16.059407-4.900887j,-0.952371+0.916257j,3.171308+1.081083j,6.914224
-16.286586-4.960393j,-0.956899+0.916731j,3.185080+1.080549j,6.971403
-16.515931-5.020434j,-0.961408+0.917199j,3.198796+1.080023j,7.028582
-16.747457-5.081013j,-0.965899+0.917661j,3.212454+1.079504j,7.085761
-16.981181-5.142135j,-0.970371+0.918116j,3.226057+1.078992j,7.142942
-17.217116-5.203802j,-0.974824+0.918566j,3.239604+1.078487j,7.200123
-17.455280-5.266018j,-0.979260+0.919009j,3.253096+1.077990j,7.257304
-17.704102-5.330984j,-0.983831+0.919461j,3.267002+1.077481j,7.316469
-17.955344-5.396545j,-0.988384+0.919908j,3.280850+1.076980j,7.375634
-18.209024-5.462706j,-0.992918+0.920348j,3.294641+1.076486j,7.434800
-18.465158-5.529471j,-0.997433+0.920782j,3.308377+1.075998j,7.493967
-18.723765-5.596844j,-1.001930+0.921211j,3.322057+1.075517j,7.553135
-18.984862-5.664829j,-1.006410+0.921633j,3.335682+1.075043j,7.612303
-19.248467-5.733430j,-1.010871+0.922051j,3.349253+1.074574j,7.671472
-19.523759-5.805033j,-1.015467+0.922476j,3.363233+1.074097j,7.732658
-19.801773-5.877304j,-1.020044+0.922896j,3.377156+1.073626j,7.793845
-20.082529-5.950248j,-1.024603+0.923311j,3.391022+1.073161j,7.855033
-20.366047-6.023870j,-1.029144+0.923719j,3.404834+1.072702j,7.916222
-20.652348-6.098173j,-1.033666+0.924123j,3.418591+1.072250j,7.977411
-20.941452-6.173163j,-1.038171+0.924521j,3.432293+1.071803j,8.038601
-21.233379-6.248845j,-1.042659+0.924914j,3.445942+1.071363j,8.099792
-21.528151-6.325223j,-1.047129+0.925301j,3.459538+1.070928j,8.160983
-21.837294-6.405280j,-1.051753+0.925699j,3.473602+1.070483j,8.224518
-22.149550-6.486099j,-1.056359+0.926091j,3.487609+1.070043j,8.288053
-22.464942-6.567685j,-1.060947+0.926477j,3.501561+1.069609j,8.351589
-22.783495-6.650043j,-1.065517+0.926859j,3.515459+1.069181j,8.415125
-23.105231-6.733179j,-1.070069+0.927236j,3.529303+1.068759j,8.478663
-23.430175-6.817098j,-1.074604+0.927607j,3.543093+1.068342j,8.542201
-23.758351-6.901806j,-1.079122+0.927974j,3.556830+1.067931j,8.605740
-24.089783-6.987308j,-1.083622+0.928336j,3.570515+1.067525j,8.669280
-24.437168-7.076877j,-1.088274+0.928707j,3.584661+1.067109j,8.735202
-24.788112-7.167313j,-1.092909+0.929073j,3.598752+1.066698j,8.801124
-25.142642-7.258624j,-1.097525+0.929434j,3.612788+1.066293j,8.867047
-25.500788-7.350815j,-1.102125+0.929791j,3.626771+1.065893j,8.932972
-25.862576-7.443893j,-1.106706+0.930142j,3.640700+1.065498j,8.998896
-26.228035-7.537865j,-1.111271+0.930489j,3.654576+1.065109j,9.064822
-26.597193-7.632736j,-1.115819+0.930832j,3.668400+1.064724j,9.130749
-26.970078-7.728514j,-1.120349+0.931171j,3.682173+1.064344j,9.196676
-27.360692-7.828792j,-1.125030+0.931517j,3.696400+1.063955j,9.265025
-27.755375-7.930058j,-1.129693+0.931859j,3.710573+1.063571j,9.333375
-28.154162-8.032321j,-1.134339+0.932196j,3.724692+1.063192j,9.401725
-28.557082-8.135589j,-1.138967+0.932529j,3.738758+1.062818j,9.470077
-28.964170-8.239868j,-1.143578+0.932857j,3.752771+1.062449j,9.538429
-29.375458-8.345166j,-1.148173+0.933182j,3.766733+1.062084j,9.606782
-29.790979-8.451491j,-1.152750+0.933502j,3.780643+1.061724j,9.675136
-30.210766-8.558851j,-1.157311+0.933818j,3.794502+1.061368j,9.743491
-30.650269-8.671193j,-1.162020+0.934142j,3.808809+1.061004j,9.814305
-31.094425-8.784662j,-1.166712+0.934461j,3.823063+1.060645j,9.885121
-31.543272-8.899268j,-1.171386+0.934776j,3.837264+1.060290j,9.955937
-31.582998-8.909408j,-1.171797+0.934803j,3.838511+1.060259j,9.962199
-31.582998-8.909408j,-1.171797+0.934803j,3.838511+1.060259j,9.962199
-31.582998-8.909408j,-1.171797+0.934803j,3.838511+1.060259j,9.962199
-31.583001-8.909409j,-1.171797+0.934803j,3.838511+1.060259j,9.962199
-31.583014-8.909412j,-1.171797+0.934803j,3.838511+1.060259j,9.962201
-31.583072-8.909427j,-1.171798+0.934803j,3.838513+1.060259j,9.962210
-31.583332-8.909493j,-1.171800+0.934804j,3.838521+1.060259j,9.962251
-31.584503-8.909792j,-1.171812+0.934804j,3.838558+1.060258j,9.962436
-31.589771-8.911137j,-1.171867+0.934808j,3.838723+1.060254j,9.963266
-31.613487-8.917190j,-1.172112+0.934824j,3.839467+1.060235j,9.967002
-31.720373-8.944470j,-1.173213+0.934898j,3.842812+1.060152j,9.983796
-32.185396-9.063117j,-1.177961+0.935214j,3.857235+1.059796j,10.056088
-32.655403-9.182970j,-1.182691+0.935526j,3.871605+1.059445j,10.128381
-33.130438-9.304039j,-1.187405+0.935834j,3.885921+1.059098j,10.200675
-33.610539-9.426334j,-1.192101+0.936137j,3.900185+1.058755j,10.272969
-34.095750-9.549864j,-1.196781+0.936437j,3.914397+1.058416j,10.345265
-34.586111-9.674639j,-1.201444+0.936733j,3.928557+1.058082j,10.417561
-35.081664-9.800669j,-1.206090+0.937026j,3.942666+1.057752j,10.489859
-35.582452-9.927963j,-1.210720+0.937315j,3.956725+1.057425j,10.562157
-36.088518-10.056531j,-1.215334+0.937600j,3.970735+1.057103j,10.634456
-36.599904-10.186384j,-1.219932+0.937881j,3.984694+1.056784j,10.706756
-37.136446-10.322553j,-1.224688+0.938170j,3.999134+1.056458j,10.781797
-37.678817-10.460127j,-1.229428+0.938455j,4.013522+1.056135j,10.856839
-38.227064-10.599119j,-1.234150+0.938736j,4.027858+1.055816j,10.931881
-38.781238-10.739540j,-1.238857+0.939013j,4.042143+1.055501j,11.006925
-39.341387-10.881400j,-1.243546+0.939288j,4.056378+1.055190j,11.081969
-39.907561-11.024712j,-1.248220+0.939558j,4.070562+1.054883j,11.157015
-40.479812-11.169487j,-1.252878+0.939826j,4.084697+1.054579j,11.232061
-41.058188-11.315737j,-1.257520+0.940090j,4.098783+1.054279j,11.307109
-41.662843-11.468553j,-1.262304+0.940360j,4.113300+1.053972j,11.384710
-42.274161-11.622972j,-1.267072+0.940626j,4.127766+1.053669j,11.462312
-42.892200-11.779007j,-1.271823+0.940889j,4.142180+1.053369j,11.539915
-43.517016-11.936671j,-1.276558+0.941148j,4.156545+1.053073j,11.617519
-44.148667-12.095979j,-1.281276+0.941405j,4.170860+1.052781j,11.695124
-44.787212-12.256943j,-1.285979+0.941658j,4.185125+1.052491j,11.772730
-45.432708-12.419577j,-1.290666+0.941908j,4.199342+1.052206j,11.850337
-46.085215-12.583894j,-1.295338+0.942155j,4.213510+1.051923j,11.927946
-46.744793-12.749909j,-1.299994+0.942399j,4.227631+1.051644j,12.005555
-47.436782-12.923993j,-1.304809+0.942649j,4.242233+1.051357j,12.086075
-48.136516-13.099935j,-1.309608+0.942896j,4.256786+1.051074j,12.166597
-48.844063-13.277751j,-1.314391+0.943140j,4.271289+1.050794j,12.247119
-49.559490-13.457457j,-1.319158+0.943381j,4.285742+1.050518j,12.327643
-50.282867-13.639068j,-1.323909+0.943619j,4.300146+1.050244j,12.408167
-51.014263-13.822600j,-1.328645+0.943854j,4.314502+1.049974j,12.488693
-51.753746-14.008070j,-1.333365+0.944086j,4.328809+1.049707j,12.569220
-52.501388-14.195494j,-1.338069+0.944315j,4.343069+1.049443j,12.649748
-53.257259-14.384887j,-1.342759+0.944541j,4.357282+1.049181j,12.730277
-54.049736-14.583354j,-1.347605+0.944773j,4.371970+1.048914j,12.813756
-54.851215-14.783975j,-1.352435+0.945002j,4.386608+1.048649j,12.897236
-55.661777-14.986768j,-1.357249+0.945229j,4.401196+1.048387j,12.980718
-56.481503-15.191752j,-1.362048+0.945452j,4.415736+1.048128j,13.064200
-57.310473-15.398946j,-1.366831+0.945673j,4.430228+1.047872j,13.147684
-58.148772-15.608369j,-1.371599+0.945891j,4.444672+1.047619j,13.231169
-58.996480-15.820040j,-1.376351+0.946106j,4.459069+1.047369j,13.314655
-59.853681-16.033978j,-1.381088+0.946319j,4.473420+1.047121j,13.398142
-60.720459-16.250202j,-1.385810+0.946530j,4.487723+1.046877j,13.481630
-61.628646-16.476647j,-1.390687+0.946745j,4.502494+1.046626j,13.568109
-62.547298-16.705588j,-1.395548+0.946957j,4.517216+1.046378j,13.654589
-63.476509-16.937048j,-1.400393+0.947167j,4.531889+1.046132j,13.741070
-64.416377-17.171050j,-1.405223+0.947375j,4.546515+1.045890j,13.827552
-65.366997-17.407614j,-1.410037+0.947580j,4.561093+1.045650j,13.914036
-66.328468-17.646765j,-1.414836+0.947782j,4.575625+1.045412j,14.000520
-67.300887-17.888524j,-1.419620+0.947982j,4.590110+1.045178j,14.087006
-68.284354-18.132915j,-1.424390+0.948180j,4.604549+1.044945j,14.173493
-69.278967-18.379960j,-1.429144+0.948375j,4.618942+1.044716j,14.259981
-70.320466-18.638528j,-1.434051+0.948575j,4.633795+1.044480j,14.349499
-71.374131-18.899991j,-1.438942+0.948772j,4.648599+1.044248j,14.439018
-72.440075-19.164376j,-1.443818+0.948967j,4.663356+1.044017j,14.528538
-73.518411-19.431708j,-1.448678+0.949160j,4.678066+1.043790j,14.618060
-74.609255-19.702015j,-1.453524+0.949350j,4.692730+1.043564j,14.707583
-75.712722-19.975321j,-1.458354+0.949538j,4.707347+1.043341j,14.797107
-76.828929-20.251656j,-1.463170+0.949724j,4.721919+1.043121j,14.886632
-77.435487-20.401765j,-1.465758+0.949823j,4.729749+1.043003j,14.934982
-77.435487-20.401765j,-1.465758+0.949823j,4.729749+1.043003j,14.934982
-77.435488-20.401766j,-1.465758+0.949823j,4.729749+1.043003j,14.934982
-77.435494-20.401767j,-1.465758+0.949823j,4.729749+1.043003j,14.934982
-77.435519-20.401773j,-1.465758+0.949823j,4.729749+1.043003j,14.934984
-77.435633-20.401802j,-1.465758+0.949823j,4.729751+1.043003j,14.934993
-77.436148-20.401929j,-1.465761+0.949823j,4.729757+1.043003j,14.935034
-77.438463-20.402502j,-1.465770+0.949823j,4.729787+1.043002j,14.935219
-77.448881-20.405080j,-1.465815+0.949825j,4.729921+1.043000j,14.936049
-77.495777-20.416684j,-1.466014+0.949833j,4.730524+1.042991j,14.939785
-77.707082-20.468967j,-1.466910+0.949867j,4.733235+1.042950j,14.956582
-78.663559-20.705574j,-1.470936+0.950020j,4.745417+1.042768j,15.031889
-79.853291-20.999756j,-1.475877+0.950206j,4.760364+1.042546j,15.124464
-81.057114-21.297282j,-1.480802+0.950390j,4.775265+1.042327j,15.217040
-82.275159-21.598185j,-1.485713+0.950572j,4.790118+1.042110j,15.309617
-83.507563-21.902494j,-1.490608+0.950752j,4.804925+1.041895j,15.402196
-84.754459-22.210241j,-1.495488+0.950929j,4.819686+1.041682j,15.494776
-86.015986-22.521457j,-1.500354+0.951104j,4.834401+1.041472j,15.587357
-87.292279-22.836174j,-1.505205+0.951278j,4.849071+1.041263j,15.679939
-88.583479-23.154423j,-1.510041+0.951449j,4.863697+1.041057j,15.772522
-89.889724-23.476238j,-1.514863+0.951618j,4.878278+1.040853j,15.865107
-91.211156-23.801649j,-1.519671+0.951786j,4.892815+1.040651j,15.957693
-92.596751-24.142708j,-1.524639+0.951957j,4.907834+1.040444j,16.053622
-93.998968-24.487703j,-1.529591+0.952126j,4.922807+1.040239j,16.149553
-95.417965-24.836669j,-1.534529+0.952294j,4.937733+1.040036j,16.245485
-96.853907-25.189643j,-1.539452+0.952459j,4.952615+1.039835j,16.341418
-98.306954-25.546665j,-1.544360+0.952623j,4.967451+1.039636j,16.437352
-99.777272-25.907770j,-1.549254+0.952784j,4.982242+1.039439j,16.533288
-101.265027-26.272997j,-1.554133+0.952944j,4.996989+1.039244j,16.629225
-102.770384-26.642385j,-1.558998+0.953102j,5.011692+1.039052j,16.725164
-104.293513-27.015972j,-1.563849+0.953258j,5.026352+1.038861j,16.821103
-105.834582-27.393797j,-1.568686+0.953412j,5.040968+1.038672j,16.917044
-107.451179-27.789967j,-1.573685+0.953570j,5.056074+1.038478j,17.016477
-109.087430-28.190777j,-1.578670+0.953726j,5.071135+1.038285j,17.115911
-110.743527-28.596271j,-1.583640+0.953880j,5.086150+1.038095j,17.215346
-112.419667-29.006495j,-1.588595+0.954033j,5.101121+1.037907j,17.314782
-114.116045-29.421493j,-1.593537+0.954183j,5.116048+1.037721j,17.414220
-115.832860-29.841311j,-1.598463+0.954332j,5.130930+1.037536j,17.513660
-117.570311-30.265994j,-1.603376+0.954480j,5.145769+1.037353j,17.613100
-119.328601-30.695589j,-1.608275+0.954625j,5.160565+1.037172j,17.712542
-121.107931-31.130143j,-1.613159+0.954769j,5.175318+1.036993j,17.811985
-122.908507-31.569702j,-1.618030+0.954911j,5.190028+1.036816j,17.911430
-124.796088-32.030306j,-1.623061+0.955057j,5.205220+1.036634j,18.014410
-126.706913-32.496383j,-1.628077+0.955201j,5.220367+1.036453j,18.117392
-128.641217-32.967987j,-1.633079+0.955343j,5.235470+1.036275j,18.220375
-130.599233-33.445172j,-1.638066+0.955484j,5.250529+1.036098j,18.323359
-132.581198-33.927992j,-1.643039+0.955623j,5.265544+1.035923j,18.426345
-134.587352-34.416501j,-1.647999+0.955761j,5.280516+1.035750j,18.529332
-136.617935-34.910755j,-1.652944+0.955897j,5.295446+1.035578j,18.632320
-138.673191-35.410809j,-1.657875+0.956031j,5.310332+1.035408j,18.735310
-140.753363-35.916719j,-1.662793+0.956164j,5.325177+1.035239j,18.838301
-142.858700-36.428543j,-1.667697+0.956295j,5.339979+1.035073j,18.941294
-145.064397-36.964545j,-1.672759+0.956430j,5.355256+1.034901j,19.047866
-147.297593-37.507006j,-1.677806+0.956563j,5.370489+1.034732j,19.154439
-149.558568-38.055988j,-1.682839+0.956694j,5.385677+1.034564j,19.261014
-151.847606-38.611559j,-1.687857+0.956824j,5.400823+1.034398j,19.367590
-154.164993-39.173781j,-1.692862+0.956952j,5.415926+1.034233j,19.474168
-156.511015-39.742722j,-1.697853+0.957079j,5.430986+1.034070j,19.580747
-158.885964-40.318447j,-1.702831+0.957205j,5.446004+1.033908j,19.687328
-161.290132-40.901024j,-1.707794+0.957329j,5.460980+1.033748j,19.793909
-163.723814-41.490520j,-1.712744+0.957452j,5.475915+1.033590j,19.900493
-163.836980-41.517926j,-1.712973+0.957457j,5.476604+1.033582j,19.905446
-163.836980-41.517926j,-1.712973+0.957457j,5.476604+1.033582j,19.905446
-163.836982-41.517926j,-1.712973+0.957457j,5.476604+1.033582j,19.905446
-163.836993-41.517929j,-1.712973+0.957457j,5.476604+1.033582j,19.905447
-163.837039-41.517940j,-1.712973+0.957457j,5.476604+1.033582j,19.905449
-163.837247-41.517990j,-1.712973+0.957457j,5.476606+1.033582j,19.905458
-163.838184-41.518217j,-1.712975+0.957457j,5.476611+1.033582j,19.905499
-163.842400-41.519238j,-1.712984+0.957458j,5.476637+1.033582j,19.905683
-163.861373-41.523833j,-1.713022+0.957459j,5.476753+1.033581j,19.906514
-163.946772-41.544514j,-1.713194+0.957463j,5.477272+1.033575j,19.910250
-164.331519-41.637684j,-1.713969+0.957482j,5.479610+1.033551j,19.927049
-166.071991-42.059086j,-1.717452+0.957567j,5.490116+1.033440j,20.002394
-168.655113-42.684298j,-1.722554+0.957692j,5.505509+1.033278j,20.112820
-171.270892-43.317159j,-1.727642+0.957815j,5.520858+1.033118j,20.223247
-173.919667-43.957748j,-1.732717+0.957937j,5.536164+1.032960j,20.333676
-176.601783-44.606143j,-1.737777+0.958057j,5.551427+1.032803j,20.444107
-179.317584-45.262423j,-1.742823+0.958176j,5.566648+1.032647j,20.554539
-182.067418-45.926667j,-1.747856+0.958293j,5.581826+1.032493j,20.664973
-184.851639-46.598956j,-1.752875+0.958409j,5.596963+1.032340j,20.775408
-187.670600-47.279371j,-1.757881+0.958524j,5.612059+1.032189j,20.885844
-190.524660-47.967993j,-1.762873+0.958638j,5.627114+1.032039j,20.996282
-193.414179-48.664905j,-1.767853+0.958751j,5.642128+1.031891j,21.106722
-196.339522-49.370190j,-1.772818+0.958862j,5.657101+1.031743j,21.217162
-199.404234-50.108793j,-1.777943+0.958976j,5.672551+1.031592j,21.331404
-202.508097-50.856542j,-1.783053+0.959088j,5.687959+1.031443j,21.445647
-205.651523-51.613532j,-1.788149+0.959199j,5.703324+1.031294j,21.559892
-208.834931-52.379856j,-1.793232+0.959309j,5.718647+1.031147j,21.674138
-212.058742-53.155612j,-1.798302+0.959418j,5.733929+1.031002j,21.788385
-215.323380-53.940896j,-1.803357+0.959526j,5.749170+1.030857j,21.902635
-218.629276-54.735807j,-1.808400+0.959632j,5.764370+1.030714j,22.016885
-221.976860-55.540441j,-1.813429+0.959738j,5.779529+1.030572j,22.131137
-225.366570-56.354900j,-1.818446+0.959842j,5.794649+1.030432j,22.245391
-228.798846-57.179283j,-1.823449+0.959945j,5.809728+1.030292j,22.359646
-232.274132-58.013691j,-1.828439+0.960047j,5.824768+1.030154j,22.473903
-235.920076-58.888751j,-1.833595+0.960151j,5.840307+1.030012j,22.592239
-239.613159-59.774792j,-1.838738+0.960254j,5.855804+1.029872j,22.710576
-243.353887-60.671932j,-1.843867+0.960356j,5.871260+1.029732j,22.828915
-247.142772-61.580285j,-1.848982+0.960457j,5.886674+1.029594j,22.947256
-250.980331-62.499970j,-1.854084+0.960557j,5.902048+1.029457j,23.065598
-254.867084-63.431106j,-1.859173+0.960656j,5.917381+1.029321j,23.183941
-258.803557-64.373811j,-1.864249+0.960754j,5.932674+1.029187j,23.302287
-262.790281-65.328207j,-1.869312+0.960851j,5.947928+1.029053j,23.420634
-266.827790-66.294415j,-1.874362+0.960946j,5.963141+1.028921j,23.538982
-270.916626-67.272558j,-1.879399+0.961041j,5.978316+1.028790j,23.657332
-275.057332-68.262759j,-1.884424+0.961134j,5.993452+1.028660j,23.775683
-279.398538-69.300538j,-1.889611+0.961230j,6.009078+1.028526j,23.898162
-283.796524-70.351509j,-1.894785+0.961325j,6.024663+1.028394j,24.020642
-288.251910-71.415816j,-1.899945+0.961419j,6.040207+1.028262j,24.143124
-292.765322-72.493600j,-1.905093+0.961512j,6.055711+1.028132j,24.265608
-297.337394-73.585004j,-1.910227+0.961603j,6.071175+1.028003j,24.388093
-301.968764-74.690175j,-1.915349+0.961694j,6.086599+1.027875j,24.510580
-306.660076-75.809257j,-1.920457+0.961784j,6.101984+1.027748j,24.633068
-311.411980-76.942399j,-1.925552+0.961873j,6.117329+1.027623j,24.755558
-316.075913-78.054185j,-1.930479+0.961958j,6.132165+1.027502j,24.874299
-316.075913-78.054185j,-1.930479+0.961958j,6.132165+1.027502j,24.874299
-316.075917-78.054186j,-1.930479+0.961958j,6.132165+1.027502j,24.874299
-316.075935-78.054191j,-1.930479+0.961958j,6.132165+1.027502j,24.874299
-316.076014-78.054210j,-1.930479+0.961958j,6.132165+1.027502j,24.874302
-316.076372-78.054295j,-1.930479+0.961958j,6.132166+1.027502j,24.874311
-316.077983-78.054679j,-1.930481+0.961958j,6.132171+1.027502j,24.874352
-316.085231-78.056406j,-1.930489+0.961958j,6.132194+1.027501j,24.874536
-316.117849-78.064180j,-1.930523+0.961959j,6.132297+1.027501j,24.875367
-316.264666-78.099172j,-1.930677+0.961962j,6.132760+1.027497j,24.879102
-316.926046-78.256800j,-1.931369+0.961974j,6.134845+1.027480j,24.895903
-319.916559-78.969440j,-1.934481+0.962027j,6.144218+1.027404j,24.971276
-325.004243-80.181496j,-1.939711+0.962116j,6.159964+1.027277j,25.097828
-330.159320-81.409176j,-1.944927+0.962204j,6.175670+1.027151j,25.224382
-335.382539-82.652650j,-1.950129+0.962292j,6.191335+1.027026j,25.350938
-340.674656-83.912089j,-1.955319+0.962378j,6.206961+1.026902j,25.477495
-346.036437-85.187668j,-1.960495+0.962463j,6.222546+1.026779j,25.604054
-351.468651-86.479560j,-1.965659+0.962548j,6.238092+1.026657j,25.730615
-356.972078-87.787943j,-1.970810+0.962632j,6.253600+1.026537j,25.857177
-362.547504-89.112994j,-1.975948+0.962714j,6.269068+1.026417j,25.983741
-368.195721-90.454894j,-1.981073+0.962796j,6.284497+1.026298j,26.110307
-373.917530-91.813824j,-1.986186+0.962877j,6.299889+1.026180j,26.236874
-379.713740-93.189966j,-1.991287+0.962957j,6.315242+1.026063j,26.363443
-385.585166-94.583506j,-1.996375+0.963037j,6.330558+1.025947j,26.490014
-391.735461-96.042747j,-2.001623+0.963118j,6.346353+1.025828j,26.620846
-397.967954-97.520992j,-2.006857+0.963198j,6.362109+1.025710j,26.751679
-404.283571-99.018450j,-2.012079+0.963278j,6.377825+1.025593j,26.882515
-410.683250-100.535335j,-2.017288+0.963356j,6.393502+1.025477j,27.013352
-417.167936-102.071860j,-2.022484+0.963434j,6.409140+1.025362j,27.144191
-423.738583-103.628240j,-2.027667+0.963511j,6.424740+1.025247j,27.275031
-430.396156-105.204695j,-2.032838+0.963587j,6.440302+1.025134j,27.405874
-437.141626-106.801444j,-2.037997+0.963663j,6.455825+1.025022j,27.536718
-443.975976-108.418710j,-2.043143+0.963737j,6.471311+1.024910j,27.667563
-450.900197-110.056717j,-2.048276+0.963811j,6.486759+1.024799j,27.798411
-457.915291-111.715690j,-2.053398+0.963884j,6.502171+1.024690j,27.929260
-465.022269-113.395860j,-2.058508+0.963957j,6.517545+1.024581j,28.060110
-472.481802-115.158811j,-2.063787+0.964031j,6.533431+1.024469j,28.195619
-480.042158-116.945010j,-2.069055+0.964104j,6.549279+1.024357j,28.331129
-487.704494-118.754718j,-2.074309+0.964177j,6.565088+1.024247j,28.466641
-495.469978-120.588200j,-2.079551+0.964249j,6.580858+1.024138j,28.602155
-503.339787-122.445721j,-2.084780+0.964320j,6.596590+1.024029j,28.737670
-511.315113-124.327550j,-2.089996+0.964391j,6.612284+1.023922j,28.873188
-519.397157-126.233959j,-2.095201+0.964460j,6.627941+1.023815j,29.008707
-527.587133-128.165222j,-2.100393+0.964529j,6.643560+1.023709j,29.144228
-535.886268-130.121616j,-2.105573+0.964598j,6.659143+1.023604j,29.279751
-544.295799-132.103421j,-2.110741+0.964665j,6.674688+1.023499j,29.415275
-552.816976-134.110918j,-2.115896+0.964732j,6.690197+1.023396j,29.550801
-561.451060-136.144393j,-2.121040+0.964799j,6.705670+1.023293j,29.686329
-570.507478-138.276674j,-2.126352+0.964867j,6.721646+1.023187j,29.826568
-571.504829-138.511454j,-2.126931+0.964874j,6.723389+1.023176j,29.841989
-571.504829-138.511454j,-2.126931+0.964874j,6.723389+1.023176j,29.841989
-571.504836-138.511455j,-2.126932+0.964874j,6.723389+1.023176j,29.841989
-571.504865-138.511462j,-2.126932+0.964874j,6.723389+1.023176j,29.841990
-571.504996-138.511493j,-2.126932+0.964874j,6.723390+1.023176j,29.841992
-571.505585-138.511632j,-2.126932+0.964874j,6.723391+1.023176j,29.842001
-571.508237-138.512256j,-2.126933+0.964874j,6.723395+1.023176j,29.842042
-571.520172-138.515065j,-2.126940+0.964874j,6.723416+1.023176j,29.842226
-571.573880-138.527708j,-2.126972+0.964875j,6.723510+1.023175j,29.843057
-571.815618-138.584613j,-2.127112+0.964876j,6.723932+1.023172j,29.846793
-572.904514-138.840931j,-2.127743+0.964884j,6.725832+1.023160j,29.863594
-577.826364-139.999378j,-2.130583+0.964920j,6.734372+1.023104j,29.938988
-587.185188-142.201619j,-2.135916+0.964988j,6.750414+1.022999j,30.080406
-596.672506-144.433400j,-2.141237+0.965054j,6.766416+1.022895j,30.221826
-606.289821-146.695058j,-2.146545+0.965120j,6.782381+1.022791j,30.363248
-616.038655-148.986938j,-2.151841+0.965185j,6.798308+1.022689j,30.504672
-625.920541-151.309385j,-2.157124+0.965250j,6.814197+1.022587j,30.646097
-635.937030-153.662749j,-2.162395+0.965314j,6.830048+1.022486j,30.787525
-646.089689-156.047382j,-2.167654+0.965377j,6.845863+1.022385j,30.928954
-656.380100-158.463643j,-2.172900+0.965440j,6.861640+1.022286j,31.070385
-666.809859-160.911890j,-2.178135+0.965502j,6.877381+1.022187j,31.211818
-677.380581-163.392487j,-2.183357+0.965563j,6.893086+1.022089j,31.353252
-688.093896-165.905801j,-2.188568+0.965624j,6.908754+1.021992j,31.494689
-698.951449-168.452204j,-2.193767+0.965684j,6.924387+1.021895j,31.636127
-709.954903-171.032069j,-2.198954+0.965744j,6.939984+1.021799j,31.777567
-721.105937-173.645774j,-2.204130+0.965803j,6.955546+1.021704j,31.919009
-732.821310-176.390947j,-2.209482+0.965863j,6.971638+1.021606j,32.065577
-744.698956-179.173314j,-2.214821+0.965923j,6.987693+1.021509j,32.212147
-756.740801-181.993310j,-2.220149+0.965983j,7.003710+1.021412j,32.358719
-768.948792-184.851371j,-2.225464+0.966042j,7.019691+1.021316j,32.505292
-781.324896-187.747940j,-2.230767+0.966100j,7.035634+1.021221j,32.651868
-793.871098-190.683466j,-2.236059+0.966157j,7.051542+1.021127j,32.798445
-806.589407-193.658398j,-2.241338+0.966215j,7.067413+1.021033j,32.945025
-819.481849-196.673193j,-2.246605+0.966271j,7.083248+1.020940j,33.091606
-832.550474-199.728313j,-2.251861+0.966327j,7.099047+1.020848j,33.238189
-845.797349-202.824221j,-2.257105+0.966383j,7.114811+1.020756j,33.384774
-859.224565-205.961388j,-2.262337+0.966437j,7.130540+1.020665j,33.531361
-872.834234-209.140289j,-2.267558+0.966492j,7.146233+1.020575j,33.677950
-886.628488-212.361403j,-2.272767+0.966546j,7.161892+1.020485j,33.824540
-901.115819-215.743400j,-2.278152+0.966601j,7.178078+1.020393j,33.976368
-915.805985-219.171764j,-2.283524+0.966656j,7.194227+1.020301j,34.128198
-930.701429-222.647045j,-2.288885+0.966710j,7.210339+1.020210j,34.280030
-945.804624-226.169798j,-2.294233+0.966764j,7.226415+1.020120j,34.431864
-961.118065-229.740584j,-2.299570+0.966817j,7.242454+1.020030j,34.583700
-976.644277-233.359969j,-2.304895+0.966869j,7.258458+1.019941j,34.735538
-984.186424-235.117790j,-2.307451+0.966895j,7.266141+1.019899j,34.808809
