-0.250000+0.000000j,-0.693147+3.141593j,-0.693147+3.141593j,0.000000
-0.250047+0.000083j,-0.702982+3.124668j,-0.683313+3.158517j,0.000015
-0.250075+0.000132j,-0.705471+3.120137j,-0.680673+3.162783j,0.000026
-0.250099+0.000173j,-0.707209+3.116954j,-0.678823+3.165769j,0.000037
-0.250119+0.000210j,-0.708588+3.114415j,-0.677348+3.168141j,0.000047
-0.250139+0.000243j,-0.709751+3.112265j,-0.676100+3.170140j,0.000058
-0.250156+0.000275j,-0.710765+3.110384j,-0.675008+3.171885j,0.000068
-0.250173+0.000305j,-0.711670+3.108698j,-0.674030+3.173442j,0.000078
-0.250190+0.000333j,-0.712491+3.107164j,-0.673140+3.174856j,0.000088
-0.250205+0.000360j,-0.713245+3.105751j,-0.672320+3.176153j,0.000099
-0.250220+0.000387j,-0.713944+3.104437j,-0.671559+3.177357j,0.000109
-0.250234+0.000412j,-0.714597+3.103207j,-0.670845+3.178480j,0.000119
-0.250248+0.000437j,-0.715210+3.102048j,-0.670173+3.179537j,0.000129
-0.250262+0.000461j,-0.715790+3.100951j,-0.669536+3.180535j,0.000139
-0.250275+0.000484j,-0.716340+3.099907j,-0.668931+3.181482j,0.000149
-0.250288+0.000507j,-0.716864+3.098911j,-0.668354+3.182384j,0.000159
-0.250301+0.000529j,-0.717365+3.097957j,-0.667801+3.183246j,0.000170
-0.250313+0.000551j,-0.717845+3.097042j,-0.667270+3.184071j,0.000180
-0.250325+0.000572j,-0.718305+3.096161j,-0.666759+3.184864j,0.000190
-0.250337+0.000593j,-0.718749+3.095311j,-0.666266+3.185628j,0.000200
-0.250349+0.000614j,-0.719177+3.094490j,-0.665790+3.186365j,0.000210
-0.250360+0.000634j,-0.719590+3.093695j,-0.665330+3.187076j,0.000220
-0.250372+0.000654j,-0.719990+3.092924j,-0.664883+3.187765j,0.000230
-0.250383+0.000674j,-0.720378+3.092176j,-0.664449+3.188433j,0.000240
-0.250394+0.000694j,-0.720754+3.091449j,-0.664028+3.189081j,0.000250
-0.250405+0.000713j,-0.721120+3.090741j,-0.663618+3.189711j,0.000260
-0.250415+0.000732j,-0.721476+3.090051j,-0.663218+3.190324j,0.000270
-0.250426+0.000750j,-0.721823+3.089379j,-0.662828+3.190921j,0.000280
-0.250436+0.000769j,-0.722161+3.088722j,-0.662447+3.191502j,0.000290
-0.250447+0.000787j,-0.722491+3.088080j,-0.662076+3.192070j,0.000301
-0.250457+0.000805j,-0.722813+3.087453j,-0.661712+3.192625j,0.000311
-0.250467+0.000823j,-0.723127+3.086839j,-0.661356+3.193167j,0.000321
-0.250477+0.000840j,-0.723435+3.086237j,-0.661008+3.193696j,0.000331
-0.250487+0.000858j,-0.723736+3.085648j,-0.660666+3.194215j,0.000341
-0.250497+0.000875j,-0.724031+3.085070j,-0.660331+3.194723j,0.000351
-0.250506+0.000892j,-0.724320+3.084503j,-0.660003+3.195221j,0.000361
-0.250516+0.000909j,-0.724604+3.083947j,-0.659680+3.195709j,0.000371
-0.250525+0.000926j,-0.724882+3.083400j,-0.659364+3.196188j,0.000381
-0.250535+0.000943j,-0.725155+3.082863j,-0.659053+3.196658j,0.000391
-0.250544+0.000959j,-0.725423+3.082335j,-0.658747+3.197119j,0.000401
-0.250553+0.000976j,-0.725686+3.081815j,-0.658446+3.197573j,0.000411
-0.250563+0.000992j,-0.725945+3.081304j,-0.658150+3.198019j,0.000421
-0.250572+0.001008j,-0.726199+3.080801j,-0.657858+3.198457j,0.000431
-0.250581+0.001024j,-0.726450+3.080305j,-0.657571+3.198888j,0.000441
-0.250590+0.001040j,-0.726696+3.079817j,-0.657289+3.199312j,0.000451
-0.250598+0.001055j,-0.726938+3.079336j,-0.657010+3.199730j,0.000461
-0.250607+0.001071j,-0.727177+3.078862j,-0.656735+3.200141j,0.000471
-0.250616+0.001087j,-0.727412+3.078395j,-0.656465+3.200546j,0.000481
-0.250625+0.001102j,-0.727644+3.077934j,-0.656198+3.200945j,0.000491
-0.250633+0.001117j,-0.727872+3.077479j,-0.655934+3.201339j,0.000501
-0.250642+0.001133j,-0.728098+3.077030j,-0.655674+3.201727j,0.000511
-0.250650+0.001148j,-0.728320+3.076586j,-0.655418+3.202109j,0.000521
-0.250659+0.001163j,-0.728539+3.076149j,-0.655164+3.202487j,0.000531
-0.250667+0.001178j,-0.728755+3.075716j,-0.654914+3.202859j,0.000542
-0.250676+0.001192j,-0.728969+3.075289j,-0.654667+3.203227j,0.000552
-0.250684+0.001207j,-0.729179+3.074867j,-0.654422+3.203590j,0.000562
-0.250692+0.001222j,-0.729387+3.074450j,-0.654181+3.203948j,0.000572
-0.250700+0.001236j,-0.729593+3.074038j,-0.653942+3.204302j,0.000582
-0.250708+0.001251j,-0.729796+3.073630j,-0.653706+3.204652j,0.000592
-0.250717+0.001265j,-0.729996+3.073227j,-0.653472+3.204997j,0.000602
-0.250725+0.001279j,-0.730195+3.072828j,-0.653242+3.205339j,0.000612
-0.250733+0.001294j,-0.730391+3.072433j,-0.653013+3.205676j,0.000622
-0.250741+0.001308j,-0.730584+3.072043j,-0.652787+3.206010j,0.000632
-0.250748+0.001322j,-0.730776+3.071656j,-0.652563+3.206340j,0.000642
-0.250756+0.001336j,-0.730965+3.071274j,-0.652342+3.206667j,0.000652
-0.250764+0.001350j,-0.731153+3.070895j,-0.652123+3.206990j,0.000662
-0.250772+0.001364j,-0.731338+3.070520j,-0.651906+3.207309j,0.000672
-0.250780+0.001377j,-0.731522+3.070149j,-0.651691+3.207625j,0.000682
-0.250787+0.001391j,-0.731703+3.069781j,-0.651478+3.207938j,0.000692
-0.250795+0.001405j,-0.731883+3.069417j,-0.651267+3.208248j,0.000702
-0.250803+0.001418j,-0.732061+3.069056j,-0.651058+3.208554j,0.000712
-0.250810+0.001432j,-0.732237+3.068698j,-0.650851+3.208858j,0.000722
-0.250818+0.001445j,-0.732411+3.068344j,-0.650646+3.209158j,0.000732
-0.250825+0.001459j,-0.732584+3.067993j,-0.650443+3.209456j,0.000742
-0.250833+0.001472j,-0.732755+3.067644j,-0.650242+3.209751j,0.000752
-0.250840+0.001485j,-0.732925+3.067299j,-0.650042+3.210043j,0.000762
-0.250848+0.001499j,-0.733093+3.066957j,-0.649844+3.210332j,0.000772
-0.250855+0.001512j,-0.733259+3.066617j,-0.649647+3.210619j,0.000782
-0.250863+0.001525j,-0.733424+3.066281j,-0.649453+3.210903j,0.000792
-0.250870+0.001538j,-0.733587+3.065947j,-0.649259+3.211185j,0.000802
-0.250877+0.001551j,-0.733749+3.065616j,-0.649068+3.211464j,0.000812
-0.250884+0.001564j,-0.733910+3.065287j,-0.648878+3.211741j,0.000822
-0.250892+0.001577j,-0.734069+3.064962j,-0.648689+3.212015j,0.000832
-0.250899+0.001590j,-0.734227+3.064638j,-0.648502+3.212287j,0.000842
-0.250906+0.001602j,-0.734384+3.064317j,-0.648317+3.212557j,0.000852
-0.250913+0.001615j,-0.734539+3.063999j,-0.648132+3.212825j,0.000862
-0.250920+0.001628j,-0.734693+3.063683j,-0.647950+3.213090j,0.000872
-0.250927+0.001640j,-0.734845+3.063369j,-0.647768+3.213353j,0.000882
-0.250935+0.001653j,-0.734997+3.063058j,-0.647588+3.213614j,0.000892
-0.250942+0.001666j,-0.735147+3.062749j,-0.647409+3.213873j,0.000902
-0.250949+0.001678j,-0.735296+3.062442j,-0.647232+3.214130j,0.000912
-0.250956+0.001690j,-0.735444+3.062137j,-0.647055+3.214385j,0.000922
-0.250962+0.001703j,-0.735591+3.061834j,-0.646880+3.214638j,0.000932
-0.250969+0.001715j,-0.735737+3.061534j,-0.646707+3.214889j,0.000942
-0.250976+0.001728j,-0.735881+3.061235j,-0.646534+3.215139j,0.000952
-0.250983+0.001740j,-0.736025+3.060939j,-0.646363+3.215386j,0.000962
-0.250990+0.001752j,-0.736168+3.060644j,-0.646192+3.215632j,0.000972
-0.250997+0.001764j,-0.736309+3.060352j,-0.646023+3.215876j,0.000983
-0.251004+0.001776j,-0.736449+3.060061j,-0.645855+3.216118j,0.000993
-0.251010+0.001789j,-0.736589+3.059773j,-0.645688+3.216358j,0.001003
-0.251017+0.001801j,-0.736727+3.059486j,-0.645522+3.216597j,0.001013
-0.251024+0.001813j,-0.736865+3.059201j,-0.645357+3.216834j,0.001023
-0.251031+0.001825j,-0.737001+3.058918j,-0.645194+3.217069j,0.001033
-0.251037+0.001837j,-0.737137+3.058636j,-0.645031+3.217303j,0.001043
-0.251044+0.001849j,-0.737272+3.058357j,-0.644869+3.217535j,0.001053
-0.251051+0.001860j,-0.737405+3.058079j,-0.644709+3.217766j,0.001063
-0.251057+0.001872j,-0.737538+3.057802j,-0.644549+3.217995j,0.001073
-0.251064+0.001884j,-0.737670+3.057528j,-0.644390+3.218222j,0.001083
-0.251071+0.001896j,-0.737801+3.057255j,-0.644232+3.218448j,0.001093
-0.251077+0.001908j,-0.737932+3.056983j,-0.644075+3.218673j,0.001103
-0.251084+0.001919j,-0.738061+3.056713j,-0.643919+3.218896j,0.001113
-0.251090+0.001931j,-0.738190+3.056445j,-0.643764+3.219118j,0.001123
-0.251097+0.001943j,-0.738317+3.056178j,-0.643610+3.219338j,0.001133
-0.251103+0.001954j,-0.738444+3.055913j,-0.643457+3.219557j,0.001143
-0.251110+0.001966j,-0.738571+3.055650j,-0.643304+3.219775j,0.001153
-0.251116+0.001977j,-0.738696+3.055387j,-0.643153+3.219991j,0.001163
-0.251123+0.001989j,-0.738821+3.055127j,-0.643002+3.220206j,0.001173
-0.251129+0.002000j,-0.738945+3.054867j,-0.642852+3.220420j,0.001183
-0.251135+0.002012j,-0.739068+3.054609j,-0.642703+3.220632j,0.001193
-0.251142+0.002023j,-0.739190+3.054353j,-0.642555+3.220843j,0.001203
-0.251148+0.002035j,-0.739312+3.054098j,-0.642407+3.221053j,0.001213
-0.251154+0.002046j,-0.739433+3.053844j,-0.642260+3.221262j,0.001223
-0.251161+0.002057j,-0.739553+3.053591j,-0.642115+3.221469j,0.001233
-0.251167+0.002068j,-0.739673+3.053340j,-0.641969+3.221676j,0.001243
-0.251173+0.002080j,-0.739792+3.053090j,-0.641825+3.221881j,0.001253
-0.251180+0.002091j,-0.739910+3.052842j,-0.641681+3.222085j,0.001263
-0.251186+0.002102j,-0.740028+3.052594j,-0.641538+3.222288j,0.001273
-0.251192+0.002113j,-0.740145+3.052348j,-0.641396+3.222489j,0.001283
-0.251198+0.002124j,-0.740261+3.052103j,-0.641255+3.222690j,0.001293
-0.251204+0.002136j,-0.740377+3.051860j,-0.641114+3.222889j,0.001303
-0.251211+0.002147j,-0.740492+3.051617j,-0.640974+3.223088j,0.001313
-0.251217+0.002158j,-0.740606+3.051376j,-0.640834+3.223285j,0.001323
-0.251223+0.002169j,-0.740720+3.051136j,-0.640696+3.223481j,0.001333
-0.251229+0.002180j,-0.740833+3.050897j,-0.640558+3.223676j,0.001343
-0.251235+0.002191j,-0.740946+3.050659j,-0.640420+3.223871j,0.001353
-0.251241+0.002202j,-0.741058+3.050422j,-0.640283+3.224064j,0.001363
-0.251247+0.002213j,-0.741169+3.050187j,-0.640147+3.224256j,0.001373
-0.251253+0.002223j,-0.741280+3.049952j,-0.640012+3.224447j,0.001383
-0.251260+0.002234j,-0.741390+3.049719j,-0.639877+3.224637j,0.001393
-0.251266+0.002245j,-0.741500+3.049487j,-0.639743+3.224827j,0.001403
-0.251272+0.002256j,-0.741609+3.049256j,-0.639609+3.225015j,0.001413
-0.251278+0.002267j,-0.741717+3.049025j,-0.639476+3.225202j,0.001423
-0.251284+0.002277j,-0.741825+3.048796j,-0.639344+3.225389j,0.001433
-0.251290+0.002288j,-0.741933+3.048568j,-0.639212+3.225574j,0.001443
-0.251296+0.002299j,-0.742040+3.048341j,-0.639081+3.225759j,0.001453
-0.251302+0.002310j,-0.742146+3.048115j,-0.638950+3.225942j,0.001463
-0.251307+0.002320j,-0.742252+3.047890j,-0.638820+3.226125j,0.001473
-0.251313+0.002331j,-0.742358+3.047666j,-0.638691+3.226307j,0.001483
-0.251319+0.002342j,-0.742463+3.047442j,-0.638562+3.226488j,0.001493
-0.251325+0.002352j,-0.742567+3.047220j,-0.638433+3.226668j,0.001503
-0.251331+0.002363j,-0.742671+3.046999j,-0.638306+3.226847j,0.001513
-0.251337+0.002373j,-0.742774+3.046779j,-0.638178+3.227026j,0.001523
-0.251343+0.002384j,-0.742877+3.046559j,-0.638052+3.227203j,0.001533
-0.251349+0.002394j,-0.742980+3.046341j,-0.637925+3.227380j,0.001543
-0.251354+0.002405j,-0.743082+3.046123j,-0.637800+3.227556j,0.001553
-0.251360+0.002415j,-0.743183+3.045906j,-0.637675+3.227731j,0.001563
-0.251366+0.002426j,-0.743284+3.045690j,-0.637550+3.227906j,0.001573
-0.251372+0.002436j,-0.743385+3.045476j,-0.637426+3.228079j,0.001583
-0.251378+0.002446j,-0.743485+3.045261j,-0.637302+3.228252j,0.001593
-0.251383+0.002457j,-0.743585+3.045048j,-0.637179+3.228424j,0.001603
-0.251389+0.002467j,-0.743684+3.044836j,-0.637056+3.228595j,0.001613
-0.251395+0.002478j,-0.743783+3.044624j,-0.636934+3.228766j,0.001623
-0.251401+0.002488j,-0.743881+3.044414j,-0.636813+3.228936j,0.001633
-0.251406+0.002498j,-0.743979+3.044204j,-0.636691+3.229105j,0.001643
-0.251412+0.002508j,-0.744077+3.043995j,-0.636571+3.229273j,0.001653
-0.251418+0.002519j,-0.744174+3.043786j,-0.636450+3.229441j,0.001663
-0.251424+0.002529j,-0.744271+3.043579j,-0.636331+3.229608j,0.001673
-0.251429+0.002539j,-0.744367+3.043372j,-0.636211+3.229774j,0.001683
-0.251435+0.002549j,-0.744463+3.043167j,-0.636092+3.229939j,0.001693
-0.251441+0.002559j,-0.744558+3.042961j,-0.635974+3.230104j,0.001703
-0.251446+0.002570j,-0.744653+3.042757j,-0.635856+3.230268j,0.001713
-0.251452+0.002580j,-0.744748+3.042554j,-0.635738+3.230431j,0.001723
-0.251457+0.002590j,-0.744842+3.042351j,-0.635621+3.230594j,0.001733
-0.251463+0.002600j,-0.744936+3.042149j,-0.635505+3.230756j,0.001743
-0.251469+0.002610j,-0.745030+3.041947j,-0.635388+3.230918j,0.001753
-0.251474+0.002620j,-0.745123+3.041747j,-0.635273+3.231078j,0.001763
-0.251480+0.002630j,-0.745216+3.041547j,-0.635157+3.231238j,0.001773
-0.251485+0.002640j,-0.745308+3.041348j,-0.635042+3.231398j,0.001783
-0.251491+0.002650j,-0.745400+3.041149j,-0.634928+3.231557j,0.001794
-0.251496+0.002660j,-0.745492+3.040951j,-0.634814+3.231715j,0.001804
-0.251502+0.002670j,-0.745583+3.040754j,-0.634700+3.231872j,0.001814
-0.251507+0.002680j,-0.745674+3.040558j,-0.634586+3.232029j,0.001824
-0.251513+0.002690j,-0.745764+3.040362j,-0.634474+3.232186j,0.001834
-0.251518+0.002700j,-0.745855+3.040167j,-0.634361+3.232341j,0.001844
-0.251524+0.002710j,-0.745944+3.039973j,-0.634249+3.232497j,0.001854
-0.251529+0.002720j,-0.746034+3.039780j,-0.634137+3.232651j,0.001864
-0.251535+0.002729j,-0.746123+3.039587j,-0.634026+3.232805j,0.001874
-0.251540+0.002739j,-0.746212+3.039394j,-0.633915+3.232958j,0.001884
-0.251546+0.002749j,-0.746301+3.039203j,-0.633804+3.233111j,0.001894
-0.251551+0.002759j,-0.746389+3.039012j,-0.633694+3.233263j,0.001904
-0.251557+0.002769j,-0.746476+3.038821j,-0.633584+3.233415j,0.001914
-0.251562+0.002778j,-0.746564+3.038631j,-0.633474+3.233566j,0.001924
-0.251567+0.002788j,-0.746651+3.038442j,-0.633365+3.233716j,0.001934
-0.251573+0.002798j,-0.746738+3.038254j,-0.633256+3.233866j,0.001944
-0.251578+0.002808j,-0.746825+3.038066j,-0.633148+3.234016j,0.001954
-0.251584+0.002817j,-0.746911+3.037879j,-0.633040+3.234165j,0.001964
-0.251589+0.002827j,-0.746997+3.037692j,-0.632932+3.234313j,0.001974
-0.251594+0.002837j,-0.747082+3.037506j,-0.632825+3.234461j,0.001984
-0.251600+0.002846j,-0.747168+3.037320j,-0.632718+3.234608j,0.001994
-0.251605+0.002856j,-0.747252+3.037135j,-0.632611+3.234755j,0.002004
-0.251610+0.002866j,-0.747337+3.036951j,-0.632505+3.234901j,0.002014
-0.251616+0.002875j,-0.747422+3.036767j,-0.632399+3.235047j,0.002024
-0.251621+0.002885j,-0.747506+3.036584j,-0.632293+3.235192j,0.002034
-0.251626+0.002894j,-0.747589+3.036402j,-0.632188+3.235336j,0.002044
-0.251632+0.002904j,-0.747673+3.036220j,-0.632083+3.235480j,0.002054
-0.251637+0.002914j,-0.747756+3.036038j,-0.631978+3.235624j,0.002064
-0.251642+0.002923j,-0.747839+3.035857j,-0.631874+3.235767j,0.002074
-0.251647+0.002933j,-0.747922+3.035677j,-0.631770+3.235910j,0.002084
-0.251653+0.002942j,-0.748004+3.035497j,-0.631666+3.236052j,0.002094
-0.251658+0.002952j,-0.748086+3.035318j,-0.631562+3.236194j,0.002104
-0.251663+0.002961j,-0.748168+3.035139j,-0.631459+3.236335j,0.002114
-0.251668+0.002971j,-0.748249+3.034961j,-0.631357+3.236476j,0.002124
-0.251674+0.002980j,-0.748330+3.034784j,-0.631254+3.236616j,0.002134
-0.251679+0.002989j,-0.748411+3.034607j,-0.631152+3.236756j,0.002144
-0.251684+0.002999j,-0.748492+3.034430j,-0.631050+3.236895j,0.002154
-0.251689+0.003008j,-0.748572+3.034254j,-0.630949+3.237034j,0.002164
-0.251695+0.003018j,-0.748652+3.034078j,-0.630847+3.237172j,0.002174
-0.251700+0.003027j,-0.748732+3.033903j,-0.630746+3.237310j,0.002184
-0.251705+0.003036j,-0.748812+3.033729j,-0.630646+3.237448j,0.002194
-0.251710+0.003046j,-0.748891+3.033555j,-0.630545+3.237585j,0.002204
-0.251715+0.003055j,-0.748970+3.033381j,-0.630445+3.237721j,0.002214
-0.251720+0.003064j,-0.749049+3.033208j,-0.630345+3.237857j,0.002224
-0.251726+0.003074j,-0.749128+3.033036j,-0.630246+3.237993j,0.002234
-0.251731+0.003083j,-0.749206+3.032864j,-0.630147+3.238128j,0.002244
-0.251736+0.003092j,-0.749284+3.032692j,-0.630048+3.238263j,0.002254
-0.251741+0.003102j,-0.749362+3.032521j,-0.629949+3.238398j,0.002264
-0.251746+0.003111j,-0.749440+3.032351j,-0.629851+3.238532j,0.002274
-0.251751+0.003120j,-0.749517+3.032181j,-0.629753+3.238665j,0.002284
-0.251756+0.003129j,-0.749594+3.032011j,-0.629655+3.238798j,0.002294
-0.251761+0.003138j,-0.749671+3.031842j,-0.629557+3.238931j,0.002304
-0.251766+0.003148j,-0.749747+3.031673j,-0.629460+3.239063j,0.002314
-0.251771+0.003157j,-0.749824+3.031505j,-0.629363+3.239195j,0.002324
-0.251777+0.003166j,-0.749900+3.031337j,-0.629266+3.239327j,0.002334
-0.251782+0.003175j,-0.749976+3.031170j,-0.629170+3.239458j,0.002344
-0.251787+0.003184j,-0.750052+3.031003j,-0.629073+3.239589j,0.002354
-0.251792+0.003193j,-0.750127+3.030837j,-0.628977+3.239719j,0.002364
-0.251797+0.003203j,-0.750202+3.030671j,-0.628882+3.239849j,0.002374
-0.251802+0.003212j,-0.750277+3.030505j,-0.628786+3.239978j,0.002384
-0.251807+0.003221j,-0.750352+3.030340j,-0.628691+3.240108j,0.002394
-0.251812+0.003230j,-0.750426+3.030175j,-0.628596+3.240236j,0.002404
-0.251817+0.003239j,-0.750501+3.030011j,-0.628501+3.240365j,0.002414
-0.251822+0.003248j,-0.750575+3.029847j,-0.628407+3.240493j,0.002424
-0.251827+0.003257j,-0.750649+3.029684j,-0.628313+3.240620j,0.002434
-0.251832+0.003266j,-0.750722+3.029521j,-0.628219+3.240748j,0.002444
-0.251837+0.003275j,-0.750796+3.029359j,-0.628125+3.240874j,0.002454
-0.251842+0.003284j,-0.750869+3.029197j,-0.628032+3.241001j,0.002464
-0.251847+0.003293j,-0.750942+3.029035j,-0.627939+3.241127j,0.002474
-0.251852+0.003302j,-0.751015+3.028874j,-0.627846+3.241253j,0.002484
-0.251857+0.003311j,-0.751087+3.028713j,-0.627753+3.241378j,0.002494
-0.251862+0.003320j,-0.751160+3.028552j,-0.627660+3.241503j,0.002504
-0.251867+0.003329j,-0.751232+3.028392j,-0.627568+3.241628j,0.002514
-0.251871+0.003338j,-0.751304+3.028233j,-0.627476+3.241752j,0.002524
-0.251876+0.003347j,-0.751375+3.028073j,-0.627384+3.241876j,0.002534
-0.251881+0.003356j,-0.751447+3.027915j,-0.627293+3.242000j,0.002544
-0.251886+0.003365j,-0.751518+3.027756j,-0.627201+3.242123j,0.002554
-0.251891+0.003374j,-0.751589+3.027598j,-0.627110+3.242246j,0.002564
-0.251896+0.003382j,-0.751660+3.027440j,-0.627019+3.242369j,0.002574
-0.251901+0.003391j,-0.751731+3.027283j,-0.626929+3.242491j,0.002584
-0.251906+0.003400j,-0.751802+3.027126j,-0.626838+3.242613j,0.002594
-0.251911+0.003409j,-0.751872+3.026970j,-0.626748+3.242734j,0.002604
-0.251916+0.003418j,-0.751942+3.026814j,-0.626658+3.242855j,0.002614
-0.251920+0.003427j,-0.752012+3.026658j,-0.626568+3.242976j,0.002624
-0.251925+0.003436j,-0.752082+3.026503j,-0.626479+3.243097j,0.002634
-0.251930+0.003444j,-0.752151+3.026348j,-0.626389+3.243217j,0.002644
-0.251935+0.003453j,-0.752221+3.026193j,-0.626300+3.243337j,0.002654
-0.251940+0.003462j,-0.752290+3.026039j,-0.626211+3.243457j,0.002664
-0.251945+0.003471j,-0.752359+3.025885j,-0.626123+3.243576j,0.002674
-0.251949+0.003480j,-0.752428+3.025731j,-0.626034+3.243695j,0.002684
-0.251954+0.003488j,-0.752497+3.025578j,-0.625946+3.243813j,0.002694
-0.251959+0.003497j,-0.752565+3.025425j,-0.625858+3.243932j,0.002704
-0.251964+0.003506j,-0.752633+3.025273j,-0.625770+3.244050j,0.002714
-0.251969+0.003514j,-0.752701+3.025121j,-0.625682+3.244167j,0.002724
-0.251973+0.003523j,-0.752769+3.024969j,-0.625595+3.244285j,0.002734
-0.251978+0.003532j,-0.752837+3.024818j,-0.625508+3.244402j,0.002744
-0.251983+0.003541j,-0.752904+3.024667j,-0.625420+3.244519j,0.002754
-0.251988+0.003549j,-0.752972+3.024516j,-0.625334+3.244635j,0.002764
-0.251993+0.003558j,-0.753039+3.024366j,-0.625247+3.244751j,0.002774
-0.251997+0.003567j,-0.753106+3.024216j,-0.625161+3.244867j,0.002784
-0.252002+0.003575j,-0.753173+3.024066j,-0.625074+3.244983j,0.002794
-0.252007+0.003584j,-0.753240+3.023917j,-0.624988+3.245098j,0.002804
-0.252012+0.003593j,-0.753306+3.023768j,-0.624902+3.245213j,0.002814
-0.252016+0.003601j,-0.753372+3.023619j,-0.624817+3.245327j,0.002824
-0.252021+0.003610j,-0.753439+3.023471j,-0.624731+3.245442j,0.002834
-0.252026+0.003618j,-0.753505+3.023323j,-0.624646+3.245556j,0.002844
-0.252031+0.003627j,-0.753570+3.023175j,-0.624561+3.245670j,0.002854
-0.252035+0.003636j,-0.753636+3.023027j,-0.624476+3.245783j,0.002864
-0.252040+0.003644j,-0.753702+3.022880j,-0.624391+3.245896j,0.002874
-0.252045+0.003653j,-0.753767+3.022734j,-0.624307+3.246009j,0.002884
-0.252049+0.003661j,-0.753832+3.022587j,-0.624222+3.246122j,0.002894
-0.252054+0.003670j,-0.753897+3.022441j,-0.624138+3.246234j,0.002904
-0.252059+0.003678j,-0.753962+3.022296j,-0.624054+3.246347j,0.002914
-0.252063+0.003687j,-0.754027+3.022150j,-0.623970+3.246458j,0.002924
-0.252068+0.003695j,-0.754091+3.022005j,-0.623887+3.246570j,0.002934
-0.252073+0.003704j,-0.754155+3.021860j,-0.623803+3.246681j,0.002944
-0.252077+0.003712j,-0.754220+3.021716j,-0.623720+3.246792j,0.002954
-0.252082+0.003721j,-0.754284+3.021572j,-0.623637+3.246903j,0.002964
-0.252087+0.003729j,-0.754348+3.021428j,-0.623554+3.247013j,0.002974
-0.252091+0.003738j,-0.754411+3.021284j,-0.623472+3.247124j,0.002984
-0.252096+0.003746j,-0.754475+3.021141j,-0.623389+3.247233j,0.002994
-0.252101+0.003755j,-0.754538+3.020998j,-0.623307+3.247343j,0.003004
-0.252105+0.003763j,-0.754602+3.020855j,-0.623224+3.247453j,0.003014
-0.252110+0.003772j,-0.754665+3.020713j,-0.623142+3.247562j,0.003024
-0.252115+0.003780j,-0.754728+3.020571j,-0.623061+3.247671j,0.003034
-0.252119+0.003788j,-0.754790+3.020429j,-0.622979+3.247779j,0.003044
-0.252124+0.003797j,-0.754853+3.020288j,-0.622897+3.247888j,0.003054
-0.252128+0.003805j,-0.754916+3.020146j,-0.622816+3.247996j,0.003064
-0.252133+0.003814j,-0.754978+3.020005j,-0.622735+3.248104j,0.003074
-0.252138+0.003822j,-0.755040+3.019865j,-0.622654+3.248211j,0.003084
-0.252142+0.003830j,-0.755102+3.019725j,-0.622573+3.248318j,0.003094
-0.252147+0.003839j,-0.755164+3.019585j,-0.622493+3.248426j,0.003104
-0.252151+0.003847j,-0.755226+3.019445j,-0.622412+3.248532j,0.003114
-0.252156+0.003855j,-0.755288+3.019305j,-0.622332+3.248639j,0.003124
-0.252161+0.003864j,-0.755349+3.019166j,-0.622252+3.248745j,0.003134
-0.252165+0.003872j,-0.755411+3.019027j,-0.622172+3.248852j,0.003144
-0.252170+0.003880j,-0.755472+3.018889j,-0.622092+3.248957j,0.003154
-0.252174+0.003889j,-0.755533+3.018750j,-0.622012+3.249063j,0.003164
-0.252179+0.003897j,-0.755594+3.018612j,-0.621932+3.249168j,0.003174
-0.252183+0.003905j,-0.755655+3.018474j,-0.621853+3.249274j,0.003184
-0.252188+0.003914j,-0.755715+3.018337j,-0.621774+3.249378j,0.003194
-0.252192+0.003922j,-0.755776+3.018200j,-0.621695+3.249483j,0.003204
-0.252197+0.003930j,-0.755836+3.018063j,-0.621616+3.249588j,0.003214
-0.252202+0.003938j,-0.755896+3.017926j,-0.621537+3.249692j,0.003224
-0.252206+0.003947j,-0.755957+3.017789j,-0.621459+3.249796j,0.003234
-0.252211+0.003955j,-0.756017+3.017653j,-0.621380+3.249900j,0.003244
-0.252215+0.003963j,-0.756076+3.017517j,-0.621302+3.250003j,0.003254
-0.252220+0.003971j,-0.756136+3.017382j,-0.621224+3.250106j,0.003264
-0.252224+0.003980j,-0.756196+3.017246j,-0.621146+3.250209j,0.003274
-0.252229+0.003988j,-0.756255+3.017111j,-0.621068+3.250312j,0.003284
-0.252233+0.003996j,-0.756314+3.016976j,-0.620990+3.250415j,0.003295
-0.252238+0.004004j,-0.756374+3.016841j,-0.620913+3.250517j,0.003305
-0.252242+0.004012j,-0.756433+3.016707j,-0.620835+3.250619j,0.003315
-0.252247+0.004021j,-0.756492+3.016573j,-0.620758+3.250721j,0.003325
-0.252251+0.004029j,-0.756550+3.016439j,-0.620681+3.250823j,0.003335
-0.252255+0.004037j,-0.756609+3.016306j,-0.620604+3.250924j,0.003345
-0.252260+0.004045j,-0.756668+3.016172j,-0.620527+3.251026j,0.003355
-0.252264+0.004053j,-0.756726+3.016039j,-0.620451+3.251127j,0.003365
-0.252269+0.004061j,-0.756784+3.015906j,-0.620374+3.251228j,0.003375
-0.252273+0.004069j,-0.756842+3.015774j,-0.620298+3.251328j,0.003385
-0.252278+0.004078j,-0.756900+3.015641j,-0.620222+3.251429j,0.003395
-0.252282+0.004086j,-0.756958+3.015509j,-0.620146+3.251529j,0.003405
-0.252287+0.004094j,-0.757016+3.015377j,-0.620070+3.251629j,0.003415
-0.252291+0.004102j,-0.757074+3.015246j,-0.619994+3.251729j,0.003425
-0.252296+0.004110j,-0.757131+3.015114j,-0.619918+3.251828j,0.003435
-0.252300+0.004118j,-0.757189+3.014983j,-0.619843+3.251927j,0.003445
-0.252304+0.004126j,-0.757246+3.014852j,-0.619767+3.252027j,0.003455
-0.252309+0.004134j,-0.757303+3.014721j,-0.619692+3.252126j,0.003465
-0.252313+0.004142j,-0.757360+3.014591j,-0.619617+3.252224j,0.003475
-0.252318+0.004150j,-0.757417+3.014461j,-0.619542+3.252323j,0.003485
-0.252322+0.004158j,-0.757474+3.014331j,-0.619467+3.252421j,0.003495
-0.252326+0.004166j,-0.757531+3.014201j,-0.619393+3.252519j,0.003505
-0.252331+0.004174j,-0.757587+3.014072j,-0.619318+3.252617j,0.003515
-0.252335+0.004183j,-0.757644+3.013942j,-0.619244+3.252715j,0.003525
-0.252340+0.004191j,-0.757700+3.013813j,-0.619169+3.252812j,0.003535
-0.252344+0.004199j,-0.757756+3.013684j,-0.619095+3.252910j,0.003545
-0.252348+0.004207j,-0.757813+3.013556j,-0.619021+3.253007j,0.003555
-0.252353+0.004215j,-0.757869+3.013428j,-0.618947+3.253104j,0.003565
-0.252357+0.004223j,-0.757924+3.013299j,-0.618874+3.253200j,0.003575
-0.252361+0.004231j,-0.757980+3.013172j,-0.618800+3.253297j,0.003585
-0.252366+0.004239j,-0.758036+3.013044j,-0.618727+3.253393j,0.003595
-0.252370+0.004246j,-0.758091+3.012916j,-0.618653+3.253489j,0.003605
-0.252374+0.004254j,-0.758147+3.012789j,-0.618580+3.253585j,0.003615
-0.252379+0.004262j,-0.758202+3.012662j,-0.618507+3.253681j,0.003625
-0.252383+0.004270j,-0.758257+3.012535j,-0.618434+3.253777j,0.003635
-0.252388+0.004278j,-0.758313+3.012409j,-0.618361+3.253872j,0.003645
-0.252392+0.004286j,-0.758368+3.012282j,-0.618288+3.253967j,0.003655
-0.252396+0.004294j,-0.758422+3.012156j,-0.618216+3.254062j,0.003665
-0.252401+0.004302j,-0.758477+3.012030j,-0.618143+3.254157j,0.003675
-0.252405+0.004310j,-0.758532+3.011905j,-0.618071+3.254252j,0.003685
-0.252409+0.004318j,-0.758586+3.011779j,-0.617999+3.254346j,0.003695
-0.252413+0.004326j,-0.758641+3.011654j,-0.617927+3.254440j,0.003705
-0.252418+0.004334j,-0.758695+3.011529j,-0.617855+3.254534j,0.003715
-0.252422+0.004342j,-0.758750+3.011404j,-0.617783+3.254628j,0.003725
-0.252426+0.004349j,-0.758804+3.011279j,-0.617711+3.254722j,0.003735
-0.252431+0.004357j,-0.758858+3.011155j,-0.617639+3.254815j,0.003745
-0.252435+0.004365j,-0.758912+3.011031j,-0.617568+3.254909j,0.003755
-0.252439+0.004373j,-0.758965+3.010907j,-0.617497+3.255002j,0.003765
-0.252444+0.004381j,-0.759019+3.010783j,-0.617425+3.255095j,0.003775
-0.252448+0.004389j,-0.759073+3.010659j,-0.617354+3.255188j,0.003785
-0.252452+0.004397j,-0.759126+3.010536j,-0.617283+3.255280j,0.003795
-0.252456+0.004404j,-0.759180+3.010413j,-0.617212+3.255373j,0.003805
-0.252461+0.004412j,-0.759233+3.010290j,-0.617142+3.255465j,0.003815
-0.252465+0.004420j,-0.759286+3.010167j,-0.617071+3.255557j,0.003825
-0.252469+0.004428j,-0.759339+3.010044j,-0.617000+3.255649j,0.003835
-0.252473+0.004436j,-0.759392+3.009922j,-0.616930+3.255741j,0.003845
-0.252478+0.004443j,-0.759445+3.009800j,-0.616860+3.255832j,0.003855
-0.252482+0.004451j,-0.759498+3.009678j,-0.616789+3.255924j,0.003865
-0.252486+0.004459j,-0.759551+3.009556j,-0.616719+3.256015j,0.003875
-0.252490+0.004467j,-0.759603+3.009434j,-0.616649+3.256106j,0.003885
-0.252495+0.004475j,-0.759656+3.009313j,-0.616580+3.256197j,0.003895
-0.252499+0.004482j,-0.759708+3.009192j,-0.616510+3.256288j,0.003905
-0.252503+0.004490j,-0.759760+3.009071j,-0.616440+3.256378j,0.003915
-0.252507+0.004498j,-0.759813+3.008950j,-0.616371+3.256469j,0.003925
-0.252512+0.004506j,-0.759865+3.008829j,-0.616301+3.256559j,0.003935
-0.252516+0.004513j,-0.759917+3.008709j,-0.616232+3.256649j,0.003945
-0.252520+0.004521j,-0.759969+3.008588j,-0.616163+3.256739j,0.003955
-0.252524+0.004529j,-0.760021+3.008468j,-0.616094+3.256828j,0.003965
-0.252528+0.004537j,-0.760072+3.008348j,-0.616025+3.256918j,0.003975
-0.252533+0.004544j,-0.760124+3.008229j,-0.615956+3.257007j,0.003985
-0.252537+0.004552j,-0.760175+3.008109j,-0.615887+3.257097j,0.003995
-0.252541+0.004560j,-0.760227+3.007990j,-0.615819+3.257186j,0.004005
-0.252545+0.004567j,-0.760278+3.007871j,-0.615750+3.257275j,0.004015
-0.252549+0.004575j,-0.760329+3.007752j,-0.615682+3.257363j,0.004025
-0.252554+0.004583j,-0.760381+3.007633j,-0.615613+3.257452j,0.004035
-0.252558+0.004590j,-0.760432+3.007515j,-0.615545+3.257540j,0.004045
-0.252562+0.004598j,-0.760483+3.007396j,-0.615477+3.257629j,0.004055
-0.252566+0.004606j,-0.760534+3.007278j,-0.615409+3.257717j,0.004065
-0.252570+0.004613j,-0.760584+3.007160j,-0.615341+3.257805j,0.004075
-0.252574+0.004621j,-0.760635+3.007042j,-0.615274+3.257892j,0.004085
-0.252579+0.004629j,-0.760686+3.006925j,-0.615206+3.257980j,0.004095
-0.252583+0.004636j,-0.760736+3.006807j,-0.615138+3.258068j,0.004105
-0.252587+0.004644j,-0.760787+3.006690j,-0.615071+3.258155j,0.004115
-0.252591+0.004652j,-0.760837+3.006573j,-0.615003+3.258242j,0.004125
-0.252595+0.004659j,-0.760887+3.006456j,-0.614936+3.258329j,0.004135
-0.252599+0.004667j,-0.760937+3.006339j,-0.614869+3.258416j,0.004145
-0.252604+0.004675j,-0.760987+3.006222j,-0.614802+3.258503j,0.004155
-0.252608+0.004682j,-0.761037+3.006106j,-0.614735+3.258589j,0.004165
-0.252612+0.004690j,-0.761087+3.005990j,-0.614668+3.258676j,0.004175
-0.252616+0.004697j,-0.761137+3.005874j,-0.614602+3.258762j,0.004185
-0.252620+0.004705j,-0.761187+3.005758j,-0.614535+3.258848j,0.004195
-0.252624+0.004713j,-0.761236+3.005642j,-0.614468+3.258934j,0.004205
-0.252628+0.004720j,-0.761286+3.005527j,-0.614402+3.259020j,0.004215
-0.252632+0.004728j,-0.761335+3.005411j,-0.614336+3.259105j,0.004225
-0.252637+0.004735j,-0.761385+3.005296j,-0.614269+3.259191j,0.004235
-0.252641+0.004743j,-0.761434+3.005181j,-0.614203+3.259276j,0.004245
-0.252645+0.004750j,-0.761483+3.005066j,-0.614137+3.259362j,0.004255
-0.252649+0.004758j,-0.761532+3.004951j,-0.614071+3.259447j,0.004265
-0.252653+0.004765j,-0.761582+3.004837j,-0.614005+3.259532j,0.004275
-0.252657+0.004773j,-0.761630+3.004723j,-0.613940+3.259616j,0.004285
-0.252661+0.004781j,-0.761679+3.004608j,-0.613874+3.259701j,0.004295
-0.252665+0.004788j,-0.761728+3.004494j,-0.613808+3.259786j,0.004305
-0.252669+0.004796j,-0.761777+3.004381j,-0.613743+3.259870j,0.004315
-0.252673+0.004803j,-0.761825+3.004267j,-0.613678+3.259954j,0.004325
-0.252678+0.004811j,-0.761874+3.004153j,-0.613612+3.260038j,0.004335
-0.252682+0.004818j,-0.761922+3.004040j,-0.613547+3.260122j,0.004345
-0.252686+0.004826j,-0.761971+3.003927j,-0.613482+3.260206j,0.004355
-0.252690+0.004833j,-0.762019+3.003814j,-0.613417+3.260290j,0.004365
-0.252694+0.004841j,-0.762067+3.003701j,-0.613352+3.260373j,0.004375
-0.252698+0.004848j,-0.762115+3.003588j,-0.613287+3.260456j,0.004385
-0.252702+0.004856j,-0.762164+3.003476j,-0.613223+3.260540j,0.004395
-0.252706+0.004863j,-0.762211+3.003363j,-0.613158+3.260623j,0.004405
-0.252710+0.004870j,-0.762259+3.003251j,-0.613093+3.260706j,0.004415
-0.252714+0.004878j,-0.762307+3.003139j,-0.613029+3.260789j,0.004425
-0.252718+0.004885j,-0.762355+3.003027j,-0.612965+3.260871j,0.004435
-0.252722+0.004893j,-0.762403+3.002915j,-0.612900+3.260954j,0.004445
-0.252726+0.004900j,-0.762450+3.002804j,-0.612836+3.261036j,0.004455
-0.252730+0.004908j,-0.762498+3.002692j,-0.612772+3.261119j,0.004465
-0.252734+0.004915j,-0.762545+3.002581j,-0.612708+3.261201j,0.004475
-0.252738+0.004923j,-0.762592+3.002470j,-0.612644+3.261283j,0.004485
-0.252742+0.004930j,-0.762640+3.002359j,-0.612581+3.261365j,0.004495
-0.252746+0.004937j,-0.762687+3.002248j,-0.612517+3.261446j,0.004505
-0.252750+0.004945j,-0.762734+3.002137j,-0.612453+3.261528j,0.004515
-0.252754+0.004952j,-0.762781+3.002027j,-0.612390+3.261610j,0.004525
-0.252758+0.004960j,-0.762828+3.001916j,-0.612326+3.261691j,0.004535
-0.252762+0.004967j,-0.762875+3.001806j,-0.612263+3.261772j,0.004545
-0.252767+0.004974j,-0.762922+3.001696j,-0.612200+3.261853j,0.004555
-0.252771+0.004982j,-0.762968+3.001586j,-0.612137+3.261934j,0.004565
-0.252775+0.004989j,-0.763015+3.001476j,-0.612073+3.262015j,0.004575
-0.252779+0.004997j,-0.763062+3.001367j,-0.612010+3.262096j,0.004585
-0.252783+0.005004j,-0.763108+3.001257j,-0.611948+3.262176j,0.004595
-0.252787+0.005011j,-0.763155+3.001148j,-0.611885+3.262257j,0.004605
-0.252791+0.005019j,-0.763201+3.001039j,-0.611822+3.262337j,0.004615
-0.252794+0.005026j,-0.763247+3.000930j,-0.611759+3.262417j,0.004625
-0.252798+0.005033j,-0.763293+3.000821j,-0.611697+3.262497j,0.004635
-0.252802+0.005041j,-0.763340+3.000712j,-0.611634+3.262577j,0.004645
-0.252806+0.005048j,-0.763386+3.000604j,-0.611572+3.262657j,0.004655
-0.252810+0.005055j,-0.763432+3.000495j,-0.611510+3.262737j,0.004665
-0.252814+0.005063j,-0.763478+3.000387j,-0.611447+3.262816j,0.004675
-0.252818+0.005070j,-0.763523+3.000279j,-0.611385+3.262896j,0.004685
-0.252822+0.005077j,-0.763569+3.000171j,-0.611323+3.262975j,0.004695
-0.252826+0.005085j,-0.763615+3.000063j,-0.611261+3.263054j,0.004705
-0.252830+0.005092j,-0.763660+2.999955j,-0.611199+3.263134j,0.004715
-0.252834+0.005099j,-0.763706+2.999848j,-0.611137+3.263212j,0.004725
-0.252838+0.005107j,-0.763752+2.999740j,-0.611076+3.263291j,0.004735
-0.252842+0.005114j,-0.763797+2.999633j,-0.611014+3.263370j,0.004745
-0.252846+0.005121j,-0.763842+2.999526j,-0.610952+3.263449j,0.004755
-0.252850+0.005129j,-0.763888+2.999419j,-0.610891+3.263527j,0.004765
-0.252854+0.005136j,-0.763933+2.999312j,-0.610830+3.263605j,0.004775
-0.252858+0.005143j,-0.763978+2.999205j,-0.610768+3.263684j,0.004785
-0.252862+0.005150j,-0.764023+2.999099j,-0.610707+3.263762j,0.004795
-0.252866+0.005158j,-0.764068+2.998992j,-0.610646+3.263840j,0.004805
-0.252870+0.005165j,-0.764113+2.998886j,-0.610585+3.263918j,0.004815
-0.252874+0.005172j,-0.764158+2.998780j,-0.610524+3.263995j,0.004825
-0.252878+0.005179j,-0.764203+2.998674j,-0.610463+3.264073j,0.004835
-0.252882+0.005187j,-0.764247+2.998568j,-0.610402+3.264151j,0.004845
-0.252885+0.005194j,-0.764292+2.998462j,-0.610341+3.264228j,0.004855
-0.252889+0.005201j,-0.764337+2.998356j,-0.610281+3.264305j,0.004865
-0.252893+0.005208j,-0.764381+2.998251j,-0.610220+3.264382j,0.004875
-0.252897+0.005216j,-0.764426+2.998146j,-0.610159+3.264460j,0.004885
-0.252901+0.005223j,-0.764470+2.998040j,-0.610099+3.264537j,0.004895
-0.252905+0.005230j,-0.764514+2.997935j,-0.610039+3.264613j,0.004905
-0.252909+0.005237j,-0.764559+2.997830j,-0.609978+3.264690j,0.004915
-0.252913+0.005245j,-0.764603+2.997726j,-0.609918+3.264767j,0.004925
-0.252917+0.005252j,-0.764647+2.997621j,-0.609858+3.264843j,0.004935
-0.252921+0.005259j,-0.764691+2.997516j,-0.609798+3.264920j,0.004945
-0.252924+0.005266j,-0.764735+2.997412j,-0.609738+3.264996j,0.004955
-0.252928+0.005273j,-0.764779+2.997308j,-0.609678+3.265072j,0.004965
-0.252932+0.005281j,-0.764823+2.997203j,-0.609618+3.265148j,0.004975
-0.252936+0.005288j,-0.764867+2.997099j,-0.609558+3.265224j,0.004985
-0.252940+0.005295j,-0.764910+2.996996j,-0.609499+3.265300j,0.004995
-0.252944+0.005302j,-0.764954+2.996892j,-0.609439+3.265375j,0.005005
-0.252948+0.005309j,-0.764998+2.996788j,-0.609379+3.265451j,0.005015
-0.252952+0.005316j,-0.765041+2.996685j,-0.609320+3.265527j,0.005025
-0.252956+0.005324j,-0.765085+2.996581j,-0.609261+3.265602j,0.005035
-0.252959+0.005331j,-0.765128+2.996478j,-0.609201+3.265677j,0.005045
-0.252963+0.005338j,-0.765171+2.996375j,-0.609142+3.265752j,0.005055
-0.252967+0.005345j,-0.765215+2.996272j,-0.609083+3.265827j,0.005065
-0.252971+0.005352j,-0.765258+2.996169j,-0.609024+3.265902j,0.005075
-0.252975+0.005359j,-0.765301+2.996066j,-0.608965+3.265977j,0.005085
-0.252979+0.005366j,-0.765344+2.995964j,-0.608906+3.266052j,0.005095
-0.252983+0.005374j,-0.765387+2.995861j,-0.608847+3.266127j,0.005105
-0.252986+0.005381j,-0.765430+2.995759j,-0.608788+3.266201j,0.005115
-0.252990+0.005388j,-0.765473+2.995656j,-0.608729+3.266275j,0.005125
-0.252994+0.005395j,-0.765516+2.995554j,-0.608671+3.266350j,0.005135
-0.252998+0.005402j,-0.765559+2.995452j,-0.608612+3.266424j,0.005145
-0.253002+0.005409j,-0.765601+2.995350j,-0.608554+3.266498j,0.005155
-0.253006+0.005416j,-0.765644+2.995249j,-0.608495+3.266572j,0.005165
-0.253009+0.005423j,-0.765687+2.995147j,-0.608437+3.266646j,0.005175
-0.253013+0.005430j,-0.765729+2.995046j,-0.608379+3.266720j,0.005185
-0.253017+0.005438j,-0.765772+2.994944j,-0.608320+3.266793j,0.005195
-0.253021+0.005445j,-0.765814+2.994843j,-0.608262+3.266867j,0.005205
-0.253025+0.005452j,-0.765856+2.994742j,-0.608204+3.266940j,0.005215
-0.253029+0.005459j,-0.765899+2.994641j,-0.608146+3.267014j,0.005225
-0.253032+0.005466j,-0.765941+2.994540j,-0.608088+3.267087j,0.005235
-0.253036+0.005473j,-0.765983+2.994439j,-0.608030+3.267160j,0.005245
-0.253040+0.005480j,-0.766025+2.994338j,-0.607973+3.267233j,0.005255
-0.253044+0.005487j,-0.766067+2.994238j,-0.607915+3.267306j,0.005265
-0.253048+0.005494j,-0.766109+2.994137j,-0.607857+3.267379j,0.005275
-0.253051+0.005501j,-0.766151+2.994037j,-0.607800+3.267452j,0.005285
-0.253055+0.005508j,-0.766193+2.993937j,-0.607742+3.267524j,0.005295
-0.253059+0.005515j,-0.766235+2.993837j,-0.607685+3.267597j,0.005305
-0.253063+0.005522j,-0.766277+2.993737j,-0.607627+3.267669j,0.005315
-0.253067+0.005529j,-0.766319+2.993637j,-0.607570+3.267742j,0.005325
-0.253070+0.005536j,-0.766360+2.993537j,-0.607513+3.267814j,0.005335
-0.253074+0.005543j,-0.766402+2.993438j,-0.607455+3.267886j,0.005345
-0.253078+0.005550j,-0.766443+2.993338j,-0.607398+3.267958j,0.005355
-0.253082+0.005557j,-0.766485+2.993239j,-0.607341+3.268030j,0.005365
-0.253086+0.005564j,-0.766526+2.993140j,-0.607284+3.268102j,0.005375
-0.253089+0.005571j,-0.766568+2.993041j,-0.607227+3.268174j,0.005385
-0.253093+0.005578j,-0.766609+2.992942j,-0.607170+3.268245j,0.005395
-0.253097+0.005585j,-0.766650+2.992843j,-0.607114+3.268317j,0.005405
-0.253101+0.005592j,-0.766691+2.992744j,-0.607057+3.268388j,0.005415
-0.253104+0.005599j,-0.766733+2.992645j,-0.607000+3.268460j,0.005425
-0.253108+0.005606j,-0.766774+2.992547j,-0.606944+3.268531j,0.005435
-0.253112+0.005613j,-0.766815+2.992448j,-0.606887+3.268602j,0.005445
-0.253116+0.005620j,-0.766856+2.992350j,-0.606831+3.268673j,0.005455
-0.253120+0.005627j,-0.766897+2.992252j,-0.606774+3.268744j,0.005465
-0.253123+0.005634j,-0.766937+2.992153j,-0.606718+3.268815j,0.005475
-0.253127+0.005641j,-0.766978+2.992055j,-0.606662+3.268886j,0.005485
-0.253131+0.005648j,-0.767019+2.991957j,-0.606605+3.268957j,0.005495
-0.253135+0.005655j,-0.767060+2.991860j,-0.606549+3.269027j,0.005505
-0.253138+0.005662j,-0.767100+2.991762j,-0.606493+3.269098j,0.005515
-0.253142+0.005669j,-0.767141+2.991664j,-0.606437+3.269168j,0.005525
-0.253146+0.005676j,-0.767181+2.991567j,-0.606381+3.269239j,0.005535
-0.253150+0.005683j,-0.767222+2.991470j,-0.606325+3.269309j,0.005545
-0.253153+0.005690j,-0.767262+2.991372j,-0.606270+3.269379j,0.005555
-0.253157+0.005697j,-0.767303+2.991275j,-0.606214+3.269449j,0.005565
-0.253161+0.005704j,-0.767343+2.991178j,-0.606158+3.269519j,0.005575
-0.253164+0.005711j,-0.767383+2.991081j,-0.606102+3.269589j,0.005585
-0.253168+0.005718j,-0.767424+2.990985j,-0.606047+3.269659j,0.005595
-0.253172+0.005725j,-0.767464+2.990888j,-0.605991+3.269728j,0.005605
-0.253176+0.005732j,-0.767504+2.990791j,-0.605936+3.269798j,0.005615
-0.253179+0.005738j,-0.767544+2.990695j,-0.605881+3.269867j,0.005625
-0.253183+0.005745j,-0.767584+2.990598j,-0.605825+3.269937j,0.005635
-0.253187+0.005752j,-0.767624+2.990502j,-0.605770+3.270006j,0.005645
-0.253191+0.005759j,-0.767664+2.990406j,-0.605715+3.270075j,0.005655
-0.253194+0.005766j,-0.767704+2.990310j,-0.605660+3.270144j,0.005665
-0.253198+0.005773j,-0.767743+2.990214j,-0.605605+3.270214j,0.005675
-0.253202+0.005780j,-0.767783+2.990118j,-0.605550+3.270282j,0.005685
-0.253205+0.005787j,-0.767823+2.990022j,-0.605495+3.270351j,0.005695
-0.253209+0.005794j,-0.767862+2.989927j,-0.605440+3.270420j,0.005705
-0.253213+0.005801j,-0.767902+2.989831j,-0.605385+3.270489j,0.005715
-0.253216+0.005807j,-0.767942+2.989736j,-0.605330+3.270557j,0.005725
-0.253220+0.005814j,-0.767981+2.989640j,-0.605275+3.270626j,0.005735
-0.253224+0.005821j,-0.768021+2.989545j,-0.605221+3.270694j,0.005745
-0.253228+0.005828j,-0.768060+2.989450j,-0.605166+3.270763j,0.005755
-0.253231+0.005835j,-0.768099+2.989355j,-0.605112+3.270831j,0.005765
-0.253235+0.005842j,-0.768139+2.989260j,-0.605057+3.270899j,0.005775
-0.253239+0.005849j,-0.768178+2.989165j,-0.605003+3.270967j,0.005785
-0.253242+0.005855j,-0.768217+2.989071j,-0.604948+3.271035j,0.005795
-0.253246+0.005862j,-0.768256+2.988976j,-0.604894+3.271103j,0.005805
-0.253250+0.005869j,-0.768295+2.988881j,-0.604840+3.271171j,0.005815
-0.253253+0.005876j,-0.768334+2.988787j,-0.604786+3.271239j,0.005825
-0.253257+0.005883j,-0.768373+2.988693j,-0.604732+3.271306j,0.005835
-0.253261+0.005890j,-0.768412+2.988598j,-0.604677+3.271374j,0.005845
-0.253264+0.005896j,-0.768451+2.988504j,-0.604623+3.271441j,0.005855
-0.253268+0.005903j,-0.768490+2.988410j,-0.604569+3.271509j,0.005865
-0.253272+0.005910j,-0.768529+2.988316j,-0.604516+3.271576j,0.005875
-0.253275+0.005917j,-0.768567+2.988223j,-0.604462+3.271643j,0.005885
-0.253279+0.005924j,-0.768606+2.988129j,-0.604408+3.271710j,0.005895
-0.253283+0.005931j,-0.768645+2.988035j,-0.604354+3.271778j,0.005905
-0.253286+0.005937j,-0.768683+2.987942j,-0.604301+3.271845j,0.005915
-0.253290+0.005944j,-0.768722+2.987848j,-0.604247+3.271911j,0.005925
-0.253294+0.005951j,-0.768760+2.987755j,-0.604193+3.271978j,0.005935
-0.253297+0.005958j,-0.768799+2.987662j,-0.604140+3.272045j,0.005945
-0.253301+0.005965j,-0.768837+2.987569j,-0.604087+3.272112j,0.005955
-0.253305+0.005971j,-0.768875+2.987476j,-0.604033+3.272178j,0.005965
-0.253308+0.005978j,-0.768914+2.987383j,-0.603980+3.272245j,0.005975
-0.253312+0.005985j,-0.768952+2.987290j,-0.603927+3.272311j,0.005985
-0.253315+0.005992j,-0.768990+2.987197j,-0.603873+3.272377j,0.005995
-0.253319+0.005998j,-0.769028+2.987104j,-0.603820+3.272444j,0.006005
-0.253323+0.006005j,-0.769067+2.987012j,-0.603767+3.272510j,0.006015
-0.253326+0.006012j,-0.769105+2.986919j,-0.603714+3.272576j,0.006025
-0.253330+0.006019j,-0.769143+2.986827j,-0.603661+3.272642j,0.006035
-0.253334+0.006025j,-0.769181+2.986735j,-0.603608+3.272708j,0.006045
-0.253337+0.006032j,-0.769219+2.986643j,-0.603555+3.272774j,0.006055
-0.253341+0.006039j,-0.769256+2.986551j,-0.603502+3.272839j,0.006066
-0.253345+0.006046j,-0.769294+2.986459j,-0.603450+3.272905j,0.006076
-0.253348+0.006052j,-0.769332+2.986367j,-0.603397+3.272971j,0.006086
-0.253352+0.006059j,-0.769370+2.986275j,-0.603344+3.273036j,0.006096
-0.253355+0.006066j,-0.769407+2.986183j,-0.603292+3.273102j,0.006106
-0.253359+0.006073j,-0.769445+2.986092j,-0.603239+3.273167j,0.006116
-0.253363+0.006079j,-0.769483+2.986000j,-0.603187+3.273232j,0.006126
-0.253366+0.006086j,-0.769520+2.985909j,-0.603134+3.273297j,0.006136
-0.253370+0.006093j,-0.769558+2.985817j,-0.603082+3.273363j,0.006146
-0.253373+0.006100j,-0.769595+2.985726j,-0.603029+3.273428j,0.006156
-0.253377+0.006106j,-0.769633+2.985635j,-0.602977+3.273493j,0.006166
-0.253381+0.006113j,-0.769670+2.985544j,-0.602925+3.273558j,0.006176
-0.253384+0.006120j,-0.769707+2.985453j,-0.602873+3.273622j,0.006186
-0.253388+0.006126j,-0.769745+2.985362j,-0.602821+3.273687j,0.006196
-0.253391+0.006133j,-0.769782+2.985271j,-0.602769+3.273752j,0.006206
-0.253395+0.006140j,-0.769819+2.985181j,-0.602717+3.273816j,0.006216
-0.253399+0.006147j,-0.769856+2.985090j,-0.602665+3.273881j,0.006226
-0.253402+0.006153j,-0.769893+2.985000j,-0.602613+3.273945j,0.006236
-0.253406+0.006160j,-0.769930+2.984909j,-0.602561+3.274010j,0.006246
-0.253409+0.006167j,-0.769967+2.984819j,-0.602509+3.274074j,0.006256
-0.253413+0.006173j,-0.770004+2.984729j,-0.602457+3.274138j,0.006266
-0.253417+0.006180j,-0.770041+2.984638j,-0.602406+3.274202j,0.006276
-0.253420+0.006187j,-0.770078+2.984548j,-0.602354+3.274266j,0.006286
-0.253424+0.006193j,-0.770115+2.984458j,-0.602302+3.274330j,0.006296
-0.253427+0.006200j,-0.770152+2.984369j,-0.602251+3.274394j,0.006306
-0.253431+0.006207j,-0.770189+2.984279j,-0.602199+3.274458j,0.006316
-0.253434+0.006213j,-0.770225+2.984189j,-0.602148+3.274522j,0.006326
-0.253438+0.006220j,-0.770262+2.984099j,-0.602096+3.274585j,0.006336
-0.253442+0.006227j,-0.770299+2.984010j,-0.602045+3.274649j,0.006346
-0.253445+0.006233j,-0.770335+2.983920j,-0.601994+3.274713j,0.006356
-0.253449+0.006240j,-0.770372+2.983831j,-0.601943+3.274776j,0.006366
-0.253452+0.006247j,-0.770408+2.983742j,-0.601891+3.274839j,0.006376
-0.253456+0.006253j,-0.770445+2.983653j,-0.601840+3.274903j,0.006386
-0.253459+0.006260j,-0.770481+2.983564j,-0.601789+3.274966j,0.006396
-0.253463+0.006266j,-0.770518+2.983475j,-0.601738+3.275029j,0.006406
-0.253466+0.006273j,-0.770554+2.983386j,-0.601687+3.275092j,0.006416
-0.253470+0.006280j,-0.770590+2.983297j,-0.601636+3.275155j,0.006426
-0.253474+0.006286j,-0.770626+2.983208j,-0.601585+3.275218j,0.006436
-0.253477+0.006293j,-0.770663+2.983119j,-0.601534+3.275281j,0.006446
-0.253481+0.006300j,-0.770699+2.983031j,-0.601484+3.275344j,0.006456
-0.253484+0.006306j,-0.770735+2.982942j,-0.601433+3.275407j,0.006466
-0.253488+0.006313j,-0.770771+2.982854j,-0.601382+3.275469j,0.006476
-0.253491+0.006319j,-0.770807+2.982766j,-0.601332+3.275532j,0.006486
-0.253495+0.006326j,-0.770843+2.982677j,-0.601281+3.275594j,0.006496
-0.253498+0.006333j,-0.770879+2.982589j,-0.601230+3.275657j,0.006506
-0.253502+0.006339j,-0.770915+2.982501j,-0.601180+3.275719j,0.006516
-0.253505+0.006346j,-0.770951+2.982413j,-0.601129+3.275782j,0.006526
-0.253509+0.006352j,-0.770987+2.982325j,-0.601079+3.275844j,0.006536
-0.253512+0.006359j,-0.771022+2.982237j,-0.601029+3.275906j,0.006546
-0.253516+0.006366j,-0.771058+2.982150j,-0.600978+3.275968j,0.006556
-0.253519+0.006372j,-0.771094+2.982062j,-0.600928+3.276030j,0.006566
-0.253523+0.006379j,-0.771129+2.981974j,-0.600878+3.276092j,0.006576
-0.253527+0.006385j,-0.771165+2.981887j,-0.600828+3.276154j,0.006586
-0.253530+0.006392j,-0.771201+2.981799j,-0.600778+3.276216j,0.006596
-0.253534+0.006399j,-0.771236+2.981712j,-0.600728+3.276277j,0.006606
-0.253537+0.006405j,-0.771272+2.981625j,-0.600677+3.276339j,0.006616
-0.253541+0.006412j,-0.771307+2.981538j,-0.600628+3.276401j,0.006626
-0.253544+0.006418j,-0.771343+2.981451j,-0.600578+3.276462j,0.006636
-0.253548+0.006425j,-0.771378+2.981364j,-0.600528+3.276524j,0.006646
-0.253551+0.006431j,-0.771413+2.981277j,-0.600478+3.276585j,0.006656
-0.253555+0.006438j,-0.771449+2.981190j,-0.600428+3.276647j,0.006666
-0.253558+0.006444j,-0.771484+2.981103j,-0.600378+3.276708j,0.006676
-0.253562+0.006451j,-0.771519+2.981016j,-0.600329+3.276769j,0.006686
-0.253565+0.006458j,-0.771554+2.980930j,-0.600279+3.276830j,0.006696
-0.253569+0.006464j,-0.771590+2.980843j,-0.600229+3.276891j,0.006706
-0.253572+0.006471j,-0.771625+2.980757j,-0.600180+3.276952j,0.006716
-0.253576+0.006477j,-0.771660+2.980671j,-0.600130+3.277013j,0.006726
-0.253579+0.006484j,-0.771695+2.980584j,-0.600081+3.277074j,0.006736
-0.253583+0.006490j,-0.771730+2.980498j,-0.600031+3.277135j,0.006746
-0.253586+0.006497j,-0.771765+2.980412j,-0.599982+3.277196j,0.006756
-0.253590+0.006503j,-0.771800+2.980326j,-0.599933+3.277256j,0.006766
-0.253593+0.006510j,-0.771835+2.980240j,-0.599884+3.277317j,0.006776
-0.253597+0.006516j,-0.771869+2.980154j,-0.599834+3.277377j,0.006786
-0.253600+0.006523j,-0.771904+2.980068j,-0.599785+3.277438j,0.006796
-0.253603+0.006529j,-0.771939+2.979983j,-0.599736+3.277498j,0.006806
-0.253607+0.006536j,-0.771974+2.979897j,-0.599687+3.277559j,0.006816
-0.253610+0.006542j,-0.772008+2.979811j,-0.599638+3.277619j,0.006826
-0.253614+0.006549j,-0.772043+2.979726j,-0.599589+3.277679j,0.006836
-0.253617+0.006555j,-0.772078+2.979640j,-0.599540+3.277739j,0.006846
-0.253621+0.006562j,-0.772112+2.979555j,-0.599491+3.277799j,0.006856
-0.253624+0.006568j,-0.772147+2.979470j,-0.599442+3.277859j,0.006866
-0.253628+0.006575j,-0.772181+2.979385j,-0.599393+3.277919j,0.006876
-0.253631+0.006581j,-0.772216+2.979299j,-0.599344+3.277979j,0.006886
-0.253635+0.006588j,-0.772250+2.979214j,-0.599296+3.278039j,0.006896
-0.253638+0.006594j,-0.772285+2.979129j,-0.599247+3.278099j,0.006906
-0.253642+0.006601j,-0.772319+2.979045j,-0.599198+3.278158j,0.006916
-0.253645+0.006607j,-0.772353+2.978960j,-0.599150+3.278218j,0.006926
-0.253649+0.006614j,-0.772387+2.978875j,-0.599101+3.278278j,0.006936
-0.253652+0.006620j,-0.772422+2.978790j,-0.599053+3.278337j,0.006946
-0.253655+0.006627j,-0.772456+2.978706j,-0.599004+3.278397j,0.006956
-0.253659+0.006633j,-0.772490+2.978621j,-0.598956+3.278456j,0.006966
-0.253662+0.006640j,-0.772524+2.978537j,-0.598907+3.278515j,0.006976
-0.253666+0.006646j,-0.772558+2.978453j,-0.598859+3.278575j,0.006986
-0.253669+0.006652j,-0.772592+2.978368j,-0.598811+3.278634j,0.006996
-0.253673+0.006659j,-0.772626+2.978284j,-0.598762+3.278693j,0.007006
-0.253676+0.006665j,-0.772660+2.978200j,-0.598714+3.278752j,0.007016
-0.253680+0.006672j,-0.772694+2.978116j,-0.598666+3.278811j,0.007026
-0.253683+0.006678j,-0.772728+2.978032j,-0.598618+3.278870j,0.007036
-0.253686+0.006685j,-0.772762+2.977948j,-0.598570+3.278929j,0.007046
-0.253690+0.006691j,-0.772796+2.977864j,-0.598522+3.278988j,0.007056
-0.253693+0.006698j,-0.772830+2.977780j,-0.598474+3.279046j,0.007066
-0.253697+0.006704j,-0.772864+2.977697j,-0.598426+3.279105j,0.007076
-0.253700+0.006710j,-0.772897+2.977613j,-0.598378+3.279164j,0.007086
-0.253704+0.006717j,-0.772931+2.977530j,-0.598330+3.279222j,0.007096
-0.253707+0.006723j,-0.772965+2.977446j,-0.598282+3.279281j,0.007106
-0.253710+0.006730j,-0.772998+2.977363j,-0.598234+3.279339j,0.007116
-0.253714+0.006736j,-0.773032+2.977279j,-0.598187+3.279398j,0.007126
-0.253717+0.006743j,-0.773065+2.977196j,-0.598139+3.279456j,0.007136
-0.253721+0.006749j,-0.773099+2.977113j,-0.598091+3.279514j,0.007146
-0.253724+0.006755j,-0.773132+2.977030j,-0.598044+3.279572j,0.007156
-0.253727+0.006762j,-0.773166+2.976947j,-0.597996+3.279631j,0.007166
-0.253731+0.006768j,-0.773199+2.976864j,-0.597949+3.279689j,0.007176
-0.253734+0.006775j,-0.773233+2.976781j,-0.597901+3.279747j,0.007186
-0.253738+0.006781j,-0.773266+2.976698j,-0.597854+3.279805j,0.007196
-0.253741+0.006787j,-0.773299+2.976615j,-0.597806+3.279862j,0.007206
-0.253745+0.006794j,-0.773333+2.976533j,-0.597759+3.279920j,0.007216
-0.253748+0.006800j,-0.773366+2.976450j,-0.597712+3.279978j,0.007226
-0.253751+0.006807j,-0.773399+2.976367j,-0.597664+3.280036j,0.007236
-0.253755+0.006813j,-0.773432+2.976285j,-0.597617+3.280094j,0.007246
-0.253758+0.006819j,-0.773465+2.976203j,-0.597570+3.280151j,0.007256
-0.253762+0.006826j,-0.773498+2.976120j,-0.597523+3.280209j,0.007266
-0.253765+0.006832j,-0.773532+2.976038j,-0.597476+3.280266j,0.007276
-0.253768+0.006838j,-0.773565+2.975956j,-0.597428+3.280324j,0.007286
-0.253772+0.006845j,-0.773598+2.975874j,-0.597381+3.280381j,0.007296
-0.253775+0.006851j,-0.773631+2.975792j,-0.597334+3.280438j,0.007306
-0.253778+0.006858j,-0.773663+2.975710j,-0.597287+3.280496j,0.007316
-0.253782+0.006864j,-0.773696+2.975628j,-0.597240+3.280553j,0.007326
-0.253785+0.006870j,-0.773729+2.975546j,-0.597194+3.280610j,0.007336
-0.253789+0.006877j,-0.773762+2.975464j,-0.597147+3.280667j,0.007346
-0.253792+0.006883j,-0.773795+2.975382j,-0.597100+3.280724j,0.007356
-0.253795+0.006889j,-0.773828+2.975301j,-0.597053+3.280781j,0.007366
-0.253799+0.006896j,-0.773860+2.975219j,-0.597006+3.280838j,0.007376
-0.253802+0.006902j,-0.773893+2.975138j,-0.596960+3.280895j,0.007386
-0.253806+0.006908j,-0.773926+2.975056j,-0.596913+3.280952j,0.007396
-0.253809+0.006915j,-0.773958+2.974975j,-0.596867+3.281008j,0.007406
-0.253812+0.006921j,-0.773991+2.974894j,-0.596820+3.281065j,0.007416
-0.253816+0.006927j,-0.774024+2.974812j,-0.596773+3.281122j,0.007426
-0.253819+0.006934j,-0.774056+2.974731j,-0.596727+3.281178j,0.007436
-0.253822+0.006940j,-0.774089+2.974650j,-0.596680+3.281235j,0.007446
-0.253826+0.006946j,-0.774121+2.974569j,-0.596634+3.281291j,0.007456
-0.253829+0.006953j,-0.774154+2.974488j,-0.596588+3.281348j,0.007466
-0.253832+0.006959j,-0.774186+2.974407j,-0.596541+3.281404j,0.007476
-0.253836+0.006965j,-0.774218+2.974326j,-0.596495+3.281460j,0.007486
-0.253839+0.006972j,-0.774251+2.974246j,-0.596449+3.281517j,0.007496
-0.253843+0.006978j,-0.774283+2.974165j,-0.596403+3.281573j,0.007506
-0.253846+0.006984j,-0.774315+2.974084j,-0.596356+3.281629j,0.007516
-0.253849+0.006991j,-0.774347+2.974004j,-0.596310+3.281685j,0.007526
-0.253853+0.006997j,-0.774380+2.973923j,-0.596264+3.281741j,0.007536
-0.253856+0.007003j,-0.774412+2.973843j,-0.596218+3.281797j,0.007546
-0.253859+0.007009j,-0.774444+2.973762j,-0.596172+3.281853j,0.007556
-0.253863+0.007016j,-0.774476+2.973682j,-0.596126+3.281909j,0.007566
-0.253866+0.007022j,-0.774508+2.973602j,-0.596080+3.281964j,0.007576
-0.253869+0.007028j,-0.774540+2.973522j,-0.596034+3.282020j,0.007586
-0.253873+0.007035j,-0.774572+2.973442j,-0.595988+3.282076j,0.007596
-0.253876+0.007041j,-0.774604+2.973362j,-0.595943+3.282132j,0.007606
-0.253879+0.007047j,-0.774636+2.973282j,-0.595897+3.282187j,0.007616
-0.253883+0.007054j,-0.774668+2.973202j,-0.595851+3.282243j,0.007626
-0.253886+0.007060j,-0.774700+2.973122j,-0.595805+3.282298j,0.007636
-0.253889+0.007066j,-0.774732+2.973042j,-0.595760+3.282353j,0.007646
-0.253893+0.007072j,-0.774764+2.972962j,-0.595714+3.282409j,0.007656
-0.253896+0.007079j,-0.774796+2.972883j,-0.595668+3.282464j,0.007666
-0.253899+0.007085j,-0.774827+2.972803j,-0.595623+3.282519j,0.007676
-0.253903+0.007091j,-0.774859+2.972724j,-0.595577+3.282575j,0.007686
-0.253906+0.007097j,-0.774891+2.972644j,-0.595532+3.282630j,0.007696
-0.253909+0.007104j,-0.774922+2.972565j,-0.595486+3.282685j,0.007706
-0.253913+0.007110j,-0.774954+2.972486j,-0.595441+3.282740j,0.007716
-0.253916+0.007116j,-0.774986+2.972406j,-0.595395+3.282795j,0.007726
-0.253919+0.007122j,-0.775017+2.972327j,-0.595350+3.282850j,0.007736
-0.253923+0.007129j,-0.775049+2.972248j,-0.595305+3.282905j,0.007746
-0.253926+0.007135j,-0.775080+2.972169j,-0.595259+3.282960j,0.007756
-0.253929+0.007141j,-0.775112+2.972090j,-0.595214+3.283014j,0.007766
-0.253933+0.007147j,-0.775143+2.972011j,-0.595169+3.283069j,0.007776
-0.253936+0.007154j,-0.775175+2.971932j,-0.595124+3.283124j,0.007786
-0.253939+0.007160j,-0.775206+2.971853j,-0.595079+3.283178j,0.007796
-0.253943+0.007166j,-0.775238+2.971774j,-0.595034+3.283233j,0.007806
-0.253946+0.007172j,-0.775269+2.971696j,-0.594988+3.283287j,0.007816
-0.253949+0.007179j,-0.775300+2.971617j,-0.594943+3.283342j,0.007826
-0.253952+0.007185j,-0.775331+2.971538j,-0.594898+3.283396j,0.007836
-0.253956+0.007191j,-0.775363+2.971460j,-0.594854+3.283451j,0.007846
-0.253959+0.007197j,-0.775394+2.971381j,-0.594809+3.283505j,0.007856
-0.253962+0.007204j,-0.775425+2.971303j,-0.594764+3.283559j,0.007866
-0.253966+0.007210j,-0.775456+2.971225j,-0.594719+3.283614j,0.007876
-0.253969+0.007216j,-0.775487+2.971146j,-0.594674+3.283668j,0.007886
-0.253972+0.007222j,-0.775519+2.971068j,-0.594629+3.283722j,0.007896
-0.253976+0.007228j,-0.775550+2.970990j,-0.594585+3.283776j,0.007906
-0.253979+0.007235j,-0.775581+2.970912j,-0.594540+3.283830j,0.007916
-0.253982+0.007241j,-0.775612+2.970834j,-0.594495+3.283884j,0.007926
-0.253985+0.007247j,-0.775643+2.970756j,-0.594451+3.283938j,0.007936
-0.253989+0.007253j,-0.775674+2.970678j,-0.594406+3.283992j,0.007946
-0.253992+0.007259j,-0.775705+2.970600j,-0.594361+3.284045j,0.007956
-0.253995+0.007266j,-0.775735+2.970523j,-0.594317+3.284099j,0.007966
-0.253999+0.007272j,-0.775766+2.970445j,-0.594272+3.284153j,0.007976
-0.254002+0.007278j,-0.775797+2.970367j,-0.594228+3.284207j,0.007986
-0.254005+0.007284j,-0.775828+2.970290j,-0.594183+3.284260j,0.007996
-0.254008+0.007290j,-0.775859+2.970212j,-0.594139+3.284314j,0.008006
-0.254012+0.007297j,-0.775889+2.970134j,-0.594095+3.284367j,0.008016
-0.254015+0.007303j,-0.775920+2.970057j,-0.594050+3.284421j,0.008026
-0.254018+0.007309j,-0.775951+2.969980j,-0.594006+3.284474j,0.008036
-0.254022+0.007315j,-0.775982+2.969902j,-0.593962+3.284527j,0.008046
-0.254025+0.007321j,-0.776012+2.969825j,-0.593918+3.284581j,0.008056
-0.254028+0.007327j,-0.776043+2.969748j,-0.593873+3.284634j,0.008066
-0.254031+0.007334j,-0.776073+2.969671j,-0.593829+3.284687j,0.008076
-0.254035+0.007340j,-0.776104+2.969594j,-0.593785+3.284740j,0.008086
-0.254038+0.007346j,-0.776134+2.969517j,-0.593741+3.284793j,0.008096
-0.254041+0.007352j,-0.776165+2.969440j,-0.593697+3.284847j,0.008106
-0.254044+0.007358j,-0.776195+2.969363j,-0.593653+3.284900j,0.008116
-0.254048+0.007364j,-0.776226+2.969286j,-0.593609+3.284953j,0.008126
-0.254051+0.007371j,-0.776256+2.969209j,-0.593565+3.285005j,0.008136
-0.254054+0.007377j,-0.776287+2.969133j,-0.593521+3.285058j,0.008146
-0.254057+0.007383j,-0.776317+2.969056j,-0.593477+3.285111j,0.008156
-0.254061+0.007389j,-0.776347+2.968979j,-0.593433+3.285164j,0.008166
-0.254064+0.007395j,-0.776378+2.968903j,-0.593390+3.285217j,0.008176
-0.254067+0.007401j,-0.776408+2.968826j,-0.593346+3.285269j,0.008186
-0.254070+0.007408j,-0.776438+2.968750j,-0.593302+3.285322j,0.008196
-0.254074+0.007414j,-0.776468+2.968673j,-0.593258+3.285375j,0.008206
-0.254077+0.007420j,-0.776499+2.968597j,-0.593215+3.285427j,0.008216
-0.254080+0.007426j,-0.776529+2.968521j,-0.593171+3.285480j,0.008226
-0.254083+0.007432j,-0.776559+2.968445j,-0.593127+3.285532j,0.008236
-0.254087+0.007438j,-0.776589+2.968369j,-0.593084+3.285584j,0.008246
-0.254090+0.007444j,-0.776619+2.968292j,-0.593040+3.285637j,0.008256
-0.254093+0.007450j,-0.776649+2.968216j,-0.592997+3.285689j,0.008266
-0.254096+0.007457j,-0.776679+2.968140j,-0.592953+3.285741j,0.008276
-0.254100+0.007463j,-0.776709+2.968064j,-0.592910+3.285793j,0.008286
-0.254103+0.007469j,-0.776739+2.967989j,-0.592866+3.285846j,0.008296
-0.254106+0.007475j,-0.776769+2.967913j,-0.592823+3.285898j,0.008306
-0.254109+0.007481j,-0.776799+2.967837j,-0.592780+3.285950j,0.008316
-0.254113+0.007487j,-0.776829+2.967761j,-0.592736+3.286002j,0.008326
-0.254116+0.007493j,-0.776859+2.967686j,-0.592693+3.286054j,0.008336
-0.254119+0.007499j,-0.776888+2.967610j,-0.592650+3.286106j,0.008346
-0.254122+0.007506j,-0.776918+2.967535j,-0.592607+3.286158j,0.008356
-0.254126+0.007512j,-0.776948+2.967459j,-0.592563+3.286209j,0.008366
-0.254129+0.007518j,-0.776978+2.967384j,-0.592520+3.286261j,0.008376
-0.254132+0.007524j,-0.777008+2.967308j,-0.592477+3.286313j,0.008386
-0.254135+0.007530j,-0.777037+2.967233j,-0.592434+3.286365j,0.008396
-0.254138+0.007536j,-0.777067+2.967158j,-0.592391+3.286416j,0.008406
-0.254142+0.007542j,-0.777097+2.967083j,-0.592348+3.286468j,0.008416
-0.254145+0.007548j,-0.777126+2.967007j,-0.592305+3.286519j,0.008426
-0.254148+0.007554j,-0.777156+2.966932j,-0.592262+3.286571j,0.008436
-0.254151+0.007560j,-0.777185+2.966857j,-0.592219+3.286622j,0.008446
-0.254155+0.007566j,-0.777215+2.966782j,-0.592176+3.286674j,0.008456
-0.254158+0.007573j,-0.777244+2.966707j,-0.592133+3.286725j,0.008466
-0.254161+0.007579j,-0.777274+2.966633j,-0.592091+3.286777j,0.008476
-0.254164+0.007585j,-0.777303+2.966558j,-0.592048+3.286828j,0.008486
-0.254167+0.007591j,-0.777333+2.966483j,-0.592005+3.286879j,0.008496
-0.254171+0.007597j,-0.777362+2.966408j,-0.591962+3.286930j,0.008506
-0.254174+0.007603j,-0.777392+2.966334j,-0.591920+3.286981j,0.008516
-0.254177+0.007609j,-0.777421+2.966259j,-0.591877+3.287033j,0.008526
-0.254180+0.007615j,-0.777450+2.966185j,-0.591834+3.287084j,0.008536
-0.254183+0.007621j,-0.777479+2.966110j,-0.591792+3.287135j,0.008546
-0.254187+0.007627j,-0.777509+2.966036j,-0.591749+3.287186j,0.008556
-0.254190+0.007633j,-0.777538+2.965961j,-0.591706+3.287237j,0.008566
-0.254193+0.007639j,-0.777567+2.965887j,-0.591664+3.287287j,0.008576
-0.254196+0.007645j,-0.777596+2.965813j,-0.591621+3.287338j,0.008586
-0.254199+0.007651j,-0.777626+2.965738j,-0.591579+3.287389j,0.008596
-0.254203+0.007657j,-0.777655+2.965664j,-0.591537+3.287440j,0.008606
-0.254206+0.007663j,-0.777684+2.965590j,-0.591494+3.287491j,0.008616
-0.254209+0.007670j,-0.777713+2.965516j,-0.591452+3.287541j,0.008626
-0.254212+0.007676j,-0.777742+2.965442j,-0.591409+3.287592j,0.008636
-0.254215+0.007682j,-0.777771+2.965368j,-0.591367+3.287642j,0.008646
-0.254219+0.007688j,-0.777800+2.965294j,-0.591325+3.287693j,0.008656
-0.254222+0.007694j,-0.777829+2.965220j,-0.591283+3.287743j,0.008666
-0.254225+0.007700j,-0.777858+2.965147j,-0.591240+3.287794j,0.008676
-0.254228+0.007706j,-0.777887+2.965073j,-0.591198+3.287844j,0.008686
-0.254231+0.007712j,-0.777916+2.964999j,-0.591156+3.287895j,0.008696
-0.254235+0.007718j,-0.777945+2.964925j,-0.591114+3.287945j,0.008706
-0.254238+0.007724j,-0.777974+2.964852j,-0.591072+3.287995j,0.008716
-0.254241+0.007730j,-0.778003+2.964778j,-0.591030+3.288045j,0.008726
-0.254244+0.007736j,-0.778031+2.964705j,-0.590988+3.288096j,0.008736
-0.254247+0.007742j,-0.778060+2.964631j,-0.590946+3.288146j,0.008746
-0.254250+0.007748j,-0.778089+2.964558j,-0.590904+3.288196j,0.008756
-0.254254+0.007754j,-0.778118+2.964485j,-0.590862+3.288246j,0.008766
-0.254257+0.007760j,-0.778146+2.964411j,-0.590820+3.288296j,0.008776
-0.254260+0.007766j,-0.778175+2.964338j,-0.590778+3.288346j,0.008786
-0.254263+0.007772j,-0.778204+2.964265j,-0.590736+3.288396j,0.008796
-0.254266+0.007778j,-0.778232+2.964192j,-0.590694+3.288446j,0.008806
-0.254269+0.007784j,-0.778261+2.964119j,-0.590652+3.288496j,0.008816
-0.254273+0.007790j,-0.778290+2.964046j,-0.590611+3.288545j,0.008826
-0.254276+0.007796j,-0.778318+2.963973j,-0.590569+3.288595j,0.008836
-0.254279+0.007802j,-0.778347+2.963900j,-0.590527+3.288645j,0.008846
-0.254282+0.007808j,-0.778375+2.963827j,-0.590486+3.288695j,0.008856
-0.254285+0.007814j,-0.778404+2.963754j,-0.590444+3.288744j,0.008866
-0.254288+0.007820j,-0.778432+2.963681j,-0.590402+3.288794j,0.008876
-0.254292+0.007826j,-0.778461+2.963609j,-0.590361+3.288843j,0.008886
-0.254295+0.007832j,-0.778489+2.963536j,-0.590319+3.288893j,0.008896
-0.254298+0.007838j,-0.778518+2.963463j,-0.590278+3.288942j,0.008906
-0.254301+0.007844j,-0.778546+2.963391j,-0.590236+3.288992j,0.008916
-0.254304+0.007850j,-0.778574+2.963318j,-0.590195+3.289041j,0.008926
-0.254307+0.007856j,-0.778603+2.963246j,-0.590153+3.289090j,0.008936
-0.254311+0.007862j,-0.778631+2.963173j,-0.590112+3.289140j,0.008946
-0.254314+0.007868j,-0.778659+2.963101j,-0.590070+3.289189j,0.008956
-0.254317+0.007874j,-0.778687+2.963029j,-0.590029+3.289238j,0.008966
-0.254320+0.007880j,-0.778716+2.962956j,-0.589988+3.289287j,0.008976
-0.254323+0.007886j,-0.778744+2.962884j,-0.589946+3.289337j,0.008986
-0.254326+0.007892j,-0.778772+2.962812j,-0.589905+3.289386j,0.008996
-0.254329+0.007898j,-0.778800+2.962740j,-0.589864+3.289435j,0.009006
-0.254333+0.007904j,-0.778828+2.962668j,-0.589823+3.289484j,0.009016
-0.254336+0.007910j,-0.778857+2.962596j,-0.589781+3.289533j,0.009026
-0.254339+0.007916j,-0.778885+2.962524j,-0.589740+3.289582j,0.009036
-0.254342+0.007922j,-0.778913+2.962452j,-0.589699+3.289631j,0.009046
-0.254345+0.007928j,-0.778941+2.962380j,-0.589658+3.289679j,0.009056
-0.254348+0.007933j,-0.778969+2.962308j,-0.589617+3.289728j,0.009066
-0.254351+0.007939j,-0.778997+2.962236j,-0.589576+3.289777j,0.009076
-0.254355+0.007945j,-0.779025+2.962165j,-0.589535+3.289826j,0.009086
-0.254358+0.007951j,-0.779053+2.962093j,-0.589494+3.289874j,0.009096
-0.254361+0.007957j,-0.779081+2.962021j,-0.589453+3.289923j,0.009106
-0.254364+0.007963j,-0.779108+2.961950j,-0.589412+3.289972j,0.009116
-0.254367+0.007969j,-0.779136+2.961878j,-0.589371+3.290020j,0.009126
-0.254370+0.007975j,-0.779164+2.961807j,-0.589330+3.290069j,0.009136
-0.254373+0.007981j,-0.779192+2.961735j,-0.589289+3.290117j,0.009146
-0.254376+0.007987j,-0.779220+2.961664j,-0.589249+3.290166j,0.009156
-0.254380+0.007993j,-0.779248+2.961593j,-0.589208+3.290214j,0.009166
-0.254383+0.007999j,-0.779275+2.961521j,-0.589167+3.290263j,0.009176
-0.254386+0.008005j,-0.779303+2.961450j,-0.589126+3.290311j,0.009186
-0.254389+0.008011j,-0.779331+2.961379j,-0.589086+3.290359j,0.009196
-0.254392+0.008017j,-0.779359+2.961308j,-0.589045+3.290408j,0.009206
-0.254395+0.008023j,-0.779386+2.961236j,-0.589004+3.290456j,0.009216
-0.254398+0.008028j,-0.779414+2.961165j,-0.588964+3.290504j,0.009226
-0.254401+0.008034j,-0.779442+2.961094j,-0.588923+3.290552j,0.009236
-0.254404+0.008040j,-0.779469+2.961023j,-0.588882+3.290600j,0.009246
-0.254408+0.008046j,-0.779497+2.960952j,-0.588842+3.290648j,0.009256
-0.254411+0.008052j,-0.779524+2.960882j,-0.588801+3.290696j,0.009266
-0.254414+0.008058j,-0.779552+2.960811j,-0.588761+3.290744j,0.009276
-0.254417+0.008064j,-0.779579+2.960740j,-0.588720+3.290792j,0.009286
-0.254420+0.008070j,-0.779607+2.960669j,-0.588680+3.290840j,0.009296
-0.254423+0.008076j,-0.779634+2.960599j,-0.588639+3.290888j,0.009306
-0.254426+0.008082j,-0.779662+2.960528j,-0.588599+3.290936j,0.009316
-0.254429+0.008088j,-0.779689+2.960457j,-0.588559+3.290984j,0.009326
-0.254432+0.008093j,-0.779717+2.960387j,-0.588518+3.291031j,0.009336
-0.254436+0.008099j,-0.779744+2.960316j,-0.588478+3.291079j,0.009346
-0.254439+0.008105j,-0.779771+2.960246j,-0.588438+3.291127j,0.009356
-0.254442+0.008111j,-0.779799+2.960175j,-0.588398+3.291174j,0.009366
-0.254445+0.008117j,-0.779826+2.960105j,-0.588357+3.291222j,0.009376
-0.254448+0.008123j,-0.779853+2.960035j,-0.588317+3.291270j,0.009386
-0.254451+0.008129j,-0.779881+2.959964j,-0.588277+3.291317j,0.009396
-0.254454+0.008135j,-0.779908+2.959894j,-0.588237+3.291365j,0.009406
-0.254457+0.008141j,-0.779935+2.959824j,-0.588197+3.291412j,0.009416
-0.254460+0.008146j,-0.779962+2.959754j,-0.588157+3.291459j,0.009426
-0.254463+0.008152j,-0.779989+2.959684j,-0.588117+3.291507j,0.009436
-0.254466+0.008158j,-0.780017+2.959614j,-0.588077+3.291554j,0.009446
-0.254470+0.008164j,-0.780044+2.959544j,-0.588037+3.291601j,0.009456
-0.254473+0.008170j,-0.780071+2.959474j,-0.587997+3.291649j,0.009466
-0.254476+0.008176j,-0.780098+2.959404j,-0.587957+3.291696j,0.009476
-0.254479+0.008182j,-0.780125+2.959334j,-0.587917+3.291743j,0.009486
-0.254482+0.008188j,-0.780152+2.959264j,-0.587877+3.291790j,0.009496
-0.254485+0.008193j,-0.780179+2.959195j,-0.587837+3.291837j,0.009506
-0.254488+0.008199j,-0.780206+2.959125j,-0.587797+3.291885j,0.009516
-0.254491+0.008205j,-0.780233+2.959055j,-0.587757+3.291932j,0.009526
-0.254494+0.008211j,-0.780260+2.958985j,-0.587717+3.291979j,0.009536
-0.254497+0.008217j,-0.780287+2.958916j,-0.587678+3.292026j,0.009546
-0.254500+0.008223j,-0.780314+2.958846j,-0.587638+3.292072j,0.009556
-0.254503+0.008229j,-0.780341+2.958777j,-0.587598+3.292119j,0.009566
-0.254507+0.008234j,-0.780368+2.958707j,-0.587558+3.292166j,0.009576
-0.254510+0.008240j,-0.780395+2.958638j,-0.587519+3.292213j,0.009586
-0.254513+0.008246j,-0.780421+2.958569j,-0.587479+3.292260j,0.009596
-0.254516+0.008252j,-0.780448+2.958499j,-0.587439+3.292307j,0.009606
-0.254519+0.008258j,-0.780475+2.958430j,-0.587400+3.292353j,0.009616
-0.254522+0.008264j,-0.780502+2.958361j,-0.587360+3.292400j,0.009626
-0.254525+0.008270j,-0.780529+2.958292j,-0.587321+3.292447j,0.009636
-0.254528+0.008275j,-0.780555+2.958222j,-0.587281+3.292493j,0.009646
-0.254531+0.008281j,-0.780582+2.958153j,-0.587242+3.292540j,0.009656
-0.254534+0.008287j,-0.780609+2.958084j,-0.587202+3.292586j,0.009666
-0.254537+0.008293j,-0.780635+2.958015j,-0.587163+3.292633j,0.009676
-0.254540+0.008299j,-0.780662+2.957946j,-0.587123+3.292679j,0.009686
-0.254543+0.008305j,-0.780689+2.957877j,-0.587084+3.292726j,0.009696
-0.254546+0.008310j,-0.780715+2.957808j,-0.587045+3.292772j,0.009706
-0.254549+0.008316j,-0.780742+2.957740j,-0.587005+3.292818j,0.009716
-0.254553+0.008322j,-0.780769+2.957671j,-0.586966+3.292865j,0.009726
-0.254556+0.008328j,-0.780795+2.957602j,-0.586927+3.292911j,0.009736
-0.254559+0.008334j,-0.780822+2.957533j,-0.586887+3.292957j,0.009746
-0.254562+0.008340j,-0.780848+2.957465j,-0.586848+3.293004j,0.009756
-0.254565+0.008345j,-0.780875+2.957396j,-0.586809+3.293050j,0.009766
-0.254568+0.008351j,-0.780901+2.957327j,-0.586770+3.293096j,0.009776
-0.254571+0.008357j,-0.780927+2.957259j,-0.586731+3.293142j,0.009786
-0.254574+0.008363j,-0.780954+2.957190j,-0.586692+3.293188j,0.009796
-0.254577+0.008369j,-0.780980+2.957122j,-0.586652+3.293234j,0.009806
-0.254580+0.008374j,-0.781007+2.957054j,-0.586613+3.293280j,0.009816
-0.254583+0.008380j,-0.781033+2.956985j,-0.586574+3.293326j,0.009826
-0.254586+0.008386j,-0.781059+2.956917j,-0.586535+3.293372j,0.009836
-0.254589+0.008392j,-0.781086+2.956849j,-0.586496+3.293418j,0.009846
-0.254592+0.008398j,-0.781112+2.956780j,-0.586457+3.293464j,0.009856
-0.254595+0.008403j,-0.781138+2.956712j,-0.586418+3.293509j,0.009866
-0.254598+0.008409j,-0.781165+2.956644j,-0.586379+3.293555j,0.009876
-0.254601+0.008415j,-0.781191+2.956576j,-0.586340+3.293601j,0.009886
-0.254604+0.008421j,-0.781217+2.956508j,-0.586301+3.293647j,0.009896
-0.254607+0.008427j,-0.781243+2.956440j,-0.586263+3.293692j,0.009906
-0.254610+0.008432j,-0.781269+2.956372j,-0.586224+3.293738j,0.009916
-0.254613+0.008438j,-0.781296+2.956304j,-0.586185+3.293784j,0.009926
-0.254616+0.008444j,-0.781322+2.956236j,-0.586146+3.293829j,0.009936
-0.254619+0.008450j,-0.781348+2.956168j,-0.586107+3.293875j,0.009946
-0.254623+0.008456j,-0.781374+2.956100j,-0.586069+3.293920j,0.009956
-0.254626+0.008461j,-0.781400+2.956032j,-0.586030+3.293966j,0.009966
-0.254629+0.008467j,-0.781426+2.955965j,-0.585991+3.294011j,0.009976
-0.254632+0.008473j,-0.781452+2.955897j,-0.585953+3.294057j,0.009986
-0.254635+0.008479j,-0.781478+2.955829j,-0.585914+3.294102j,0.009996
-0.254638+0.008484j,-0.781504+2.955762j,-0.585875+3.294147j,0.010006
-0.254641+0.008490j,-0.781530+2.955694j,-0.585837+3.294193j,0.010016
-0.254644+0.008496j,-0.781556+2.955627j,-0.585798+3.294238j,0.010026
-0.254644+0.008496j,-0.781556+2.955627j,-0.585798+3.294238j,0.010026
-0.254647+0.008502j,-0.781582+2.955559j,-0.585760+3.294283j,0.010036
-0.254660+0.008528j,-0.781698+2.955256j,-0.585586+3.294486j,0.010081
-0.254721+0.008644j,-0.782218+2.953902j,-0.584813+3.295392j,0.010284
-0.254868+0.008924j,-0.783451+2.950670j,-0.582968+3.297544j,0.010781
-0.255012+0.009201j,-0.784641+2.947528j,-0.581174+3.299622j,0.011278
-0.255163+0.009493j,-0.785874+2.944252j,-0.579305+3.301776j,0.011811
-0.255319+0.009793j,-0.787112+2.940938j,-0.577415+3.303940j,0.012364
-0.255477+0.010100j,-0.788356+2.937584j,-0.575504+3.306114j,0.012941
-0.255640+0.010416j,-0.789604+2.934191j,-0.573571+3.308300j,0.013540
-0.255806+0.010740j,-0.790859+2.930758j,-0.571617+3.310496j,0.014163
-0.255975+0.011072j,-0.792118+2.927284j,-0.569640+3.312703j,0.014810
-0.256149+0.011412j,-0.793382+2.923769j,-0.567641+3.314920j,0.015483
-0.256326+0.011761j,-0.794651+2.920214j,-0.565620+3.317147j,0.016182
-0.256507+0.012119j,-0.795925+2.916617j,-0.563577+3.319383j,0.016909
-0.256692+0.012486j,-0.797203+2.912978j,-0.561511+3.321629j,0.017663
-0.256881+0.012862j,-0.798485+2.909297j,-0.559422+3.323885j,0.018446
-0.257074+0.013247j,-0.799772+2.905574j,-0.557311+3.326150j,0.019259
-0.257271+0.013643j,-0.801063+2.901808j,-0.555176+3.328423j,0.020103
-0.257472+0.014047j,-0.802357+2.897999j,-0.553019+3.330705j,0.020978
-0.257677+0.014462j,-0.803655+2.894146j,-0.550838+3.332996j,0.021886
-0.257886+0.014887j,-0.804957+2.890249j,-0.548634+3.335294j,0.022828
-0.258099+0.015323j,-0.806261+2.886309j,-0.546406+3.337601j,0.023805
-0.258317+0.015769j,-0.807569+2.882324j,-0.544155+3.339915j,0.024817
-0.258539+0.016226j,-0.808880+2.878294j,-0.541880+3.342237j,0.025867
-0.258765+0.016694j,-0.810193+2.874218j,-0.539581+3.344565j,0.026954
-0.258995+0.017173j,-0.811509+2.870097j,-0.537258+3.346901j,0.028081
-0.259230+0.017663j,-0.812827+2.865931j,-0.534911+3.349243j,0.029248
-0.259470+0.018166j,-0.814147+2.861717j,-0.532539+3.351591j,0.030457
-0.259713+0.018680j,-0.815469+2.857458j,-0.530143+3.353945j,0.031709
-0.259961+0.019206j,-0.816791+2.853154j,-0.527725+3.356304j,0.033003
-0.260205+0.019727j,-0.818071+2.848949j,-0.525363+3.358589j,0.034298
-0.260461+0.020276j,-0.819394+2.844561j,-0.522901+3.360952j,0.035680
-0.260713+0.020820j,-0.820673+2.840272j,-0.520496+3.363243j,0.037062
-0.260978+0.021394j,-0.821994+2.835802j,-0.517991+3.365610j,0.038535
-0.261238+0.021961j,-0.823272+2.831430j,-0.515544+3.367904j,0.040009
-0.261511+0.022560j,-0.824590+2.826876j,-0.512997+3.370272j,0.041578
-0.261779+0.023152j,-0.825866+2.822422j,-0.510508+3.372568j,0.043147
-0.262059+0.023776j,-0.827180+2.817784j,-0.507918+3.374937j,0.044817
-0.262336+0.024394j,-0.828453+2.813247j,-0.505387+3.377234j,0.046487
-0.262624+0.025045j,-0.829762+2.808525j,-0.502755+3.379601j,0.048262
-0.262908+0.025689j,-0.831030+2.803903j,-0.500181+3.381897j,0.050037
-0.263205+0.026367j,-0.832334+2.799097j,-0.497507+3.384263j,0.051923
-0.263497+0.027038j,-0.833597+2.794390j,-0.494891+3.386557j,0.053808
-0.263802+0.027744j,-0.834895+2.789499j,-0.492175+3.388919j,0.055809
-0.264102+0.028443j,-0.836151+2.784708j,-0.489517+3.391209j,0.057810
-0.264414+0.029178j,-0.837441+2.779731j,-0.486758+3.393566j,0.059932
-0.264722+0.029906j,-0.838690+2.774854j,-0.484058+3.395852j,0.062053
-0.265042+0.030670j,-0.839971+2.769791j,-0.481258+3.398202j,0.064301
-0.265356+0.031428j,-0.841212+2.764829j,-0.478516+3.400482j,0.066549
-0.265684+0.032223j,-0.842484+2.759680j,-0.475674+3.402824j,0.068928
-0.266006+0.033012j,-0.843715+2.754632j,-0.472891+3.405096j,0.071307
-0.266341+0.033839j,-0.844976+2.749396j,-0.470007+3.407429j,0.073824
-0.266670+0.034659j,-0.846197+2.744262j,-0.467182+3.409693j,0.076340
-0.267012+0.035518j,-0.847447+2.738939j,-0.464257+3.412014j,0.078999
-0.267348+0.036371j,-0.848657+2.733718j,-0.461390+3.414268j,0.081658
-0.267696+0.037264j,-0.849894+2.728308j,-0.458424+3.416577j,0.084467
-0.268039+0.038149j,-0.851091+2.723000j,-0.455517+3.418819j,0.087274
-0.268394+0.039077j,-0.852314+2.717503j,-0.452510+3.421115j,0.090237
-0.268742+0.039997j,-0.853498+2.712107j,-0.449561+3.423344j,0.093199
-0.269103+0.040960j,-0.854707+2.706523j,-0.446513+3.425625j,0.096323
-0.269457+0.041915j,-0.855877+2.701040j,-0.443525+3.427839j,0.099446
-0.269824+0.042915j,-0.857069+2.695367j,-0.440437+3.430104j,0.102736
-0.270184+0.043906j,-0.858224+2.689797j,-0.437408+3.432302j,0.106026
-0.270555+0.044943j,-0.859400+2.684037j,-0.434280+3.434549j,0.109489
-0.270920+0.045972j,-0.860538+2.678378j,-0.431211+3.436730j,0.112952
-0.271296+0.047047j,-0.861696+2.672530j,-0.428043+3.438957j,0.116594
-0.271666+0.048115j,-0.862816+2.666783j,-0.424935+3.441120j,0.120236
-0.272046+0.049229j,-0.863955+2.660848j,-0.421728+3.443326j,0.124065
-0.272419+0.050336j,-0.865057+2.655013j,-0.418581+3.445469j,0.127892
-0.272803+0.051491j,-0.866177+2.648989j,-0.415336+3.447653j,0.131913
-0.273179+0.052638j,-0.867259+2.643067j,-0.412149+3.449774j,0.135933
-0.273566+0.053834j,-0.868358+2.636955j,-0.408866+3.451935j,0.140152
-0.273945+0.055023j,-0.869420+2.630945j,-0.405642+3.454033j,0.144370
-0.274334+0.056262j,-0.870496+2.624745j,-0.402321+3.456169j,0.148795
-0.274715+0.057493j,-0.871537+2.618647j,-0.399059+3.458242j,0.153218
-0.275106+0.058776j,-0.872590+2.612360j,-0.395701+3.460352j,0.157854
-0.275488+0.060050j,-0.873608+2.606174j,-0.392402+3.462400j,0.162490
-0.275879+0.061377j,-0.874638+2.599799j,-0.389008+3.464482j,0.167344
-0.276262+0.062696j,-0.875632+2.593525j,-0.385673+3.466503j,0.172198
-0.276653+0.064069j,-0.876637+2.587064j,-0.382243+3.468556j,0.177277
-0.277035+0.065434j,-0.877607+2.580703j,-0.378871+3.470548j,0.182356
-0.277425+0.066853j,-0.878586+2.574155j,-0.375406+3.472570j,0.187667
-0.277805+0.068264j,-0.879530+2.567707j,-0.372000+3.474533j,0.192977
-0.278193+0.069731j,-0.880482+2.561072j,-0.368501+3.476523j,0.198526
-0.278571+0.071190j,-0.881400+2.554538j,-0.365060+3.478455j,0.204074
-0.278956+0.072706j,-0.882324+2.547817j,-0.361527+3.480412j,0.209868
-0.279330+0.074213j,-0.883214+2.541197j,-0.358052+3.482311j,0.215661
-0.279710+0.075779j,-0.884109+2.534391j,-0.354487+3.484234j,0.221705
-0.280080+0.077336j,-0.884971+2.527685j,-0.350979+3.486099j,0.227750
-0.280455+0.078952j,-0.885836+2.520794j,-0.347382+3.487986j,0.234052
-0.280819+0.080560j,-0.886669+2.514003j,-0.343842+3.489817j,0.240353
-0.281187+0.082227j,-0.887504+2.507028j,-0.340214+3.491666j,0.246920
-0.281543+0.083887j,-0.888306+2.500152j,-0.336643+3.493460j,0.253485
-0.281903+0.085607j,-0.889109+2.493094j,-0.332985+3.495272j,0.260321
-0.282252+0.087319j,-0.889881+2.486135j,-0.329384+3.497028j,0.267157
-0.282602+0.089093j,-0.890651+2.478995j,-0.325697+3.498800j,0.274270
-0.282940+0.090858j,-0.891391+2.471953j,-0.322067+3.500518j,0.281381
-0.283279+0.092686j,-0.892128+2.464731j,-0.318351+3.502249j,0.288776
-0.283606+0.094506j,-0.892835+2.457607j,-0.314693+3.503926j,0.296170
-0.283933+0.096389j,-0.893538+2.450304j,-0.310950+3.505616j,0.303853
-0.284247+0.098264j,-0.894211+2.443099j,-0.307265+3.507252j,0.311536
-0.284559+0.100203j,-0.894880+2.435717j,-0.303497+3.508898j,0.319512
-0.284858+0.102134j,-0.895518+2.428432j,-0.299786+3.510492j,0.327488
-0.285155+0.104130j,-0.896151+2.420972j,-0.295993+3.512094j,0.335764
-0.285437+0.106117j,-0.896754+2.413609j,-0.292256+3.513645j,0.344039
-0.285716+0.108170j,-0.897351+2.406072j,-0.288440+3.515201j,0.352619
-0.285981+0.110215j,-0.897918+2.398630j,-0.284680+3.516708j,0.361199
-0.286240+0.112326j,-0.898478+2.391018j,-0.280841+3.518218j,0.370089
-0.286484+0.114429j,-0.899009+2.383500j,-0.277059+3.519679j,0.378978
-0.286722+0.116598j,-0.899530+2.375814j,-0.273199+3.521141j,0.388182
-0.286944+0.118760j,-0.900024+2.368221j,-0.269395+3.522556j,0.397385
-0.287159+0.120988j,-0.900507+2.360462j,-0.265516+3.523970j,0.406908
-0.287357+0.123209j,-0.900963+2.352796j,-0.261693+3.525337j,0.416430
-0.287546+0.125496j,-0.901408+2.344966j,-0.257795+3.526703j,0.426276
-0.287718+0.127776j,-0.901825+2.337229j,-0.253953+3.528021j,0.436121
-0.287874+0.130048j,-0.902217+2.329582j,-0.250164+3.529295j,0.445966
-0.288021+0.132425j,-0.902603+2.321648j,-0.246241+3.530586j,0.456300
-0.288150+0.134794j,-0.902962+2.313806j,-0.242374+3.531831j,0.466634
-0.288262+0.137155j,-0.903297+2.306054j,-0.238559+3.533033j,0.476968
-0.288362+0.139622j,-0.903623+2.298021j,-0.234615+3.534247j,0.487798
-0.288443+0.142080j,-0.903923+2.290080j,-0.230725+3.535417j,0.498627
-0.288507+0.144531j,-0.904199+2.282227j,-0.226887+3.536545j,0.509456
-0.288555+0.147087j,-0.904464+2.274100j,-0.222925+3.537681j,0.520788
-0.288583+0.149635j,-0.904704+2.266064j,-0.219017+3.538774j,0.532120
-0.288593+0.152175j,-0.904921+2.258114j,-0.215160+3.539826j,0.543451
-0.288583+0.154820j,-0.905124+2.249897j,-0.211183+3.540883j,0.555291
-0.288553+0.157457j,-0.905303+2.241769j,-0.207259+3.541898j,0.567131
-0.288503+0.160086j,-0.905460+2.233727j,-0.203386+3.542873j,0.578969
-0.288430+0.162821j,-0.905601+2.225425j,-0.199397+3.543850j,0.591322
-0.288336+0.165547j,-0.905719+2.217211j,-0.195461+3.544786j,0.603673
-0.288222+0.168264j,-0.905815+2.209081j,-0.191575+3.545683j,0.616024
-0.288080+0.171087j,-0.905893+2.200699j,-0.187578+3.546577j,0.628891
-0.287917+0.173900j,-0.905949+2.192402j,-0.183633+3.547433j,0.641758
-0.287732+0.176705j,-0.905984+2.184190j,-0.179737+3.548251j,0.654624
-0.287516+0.179615j,-0.905999+2.175731j,-0.175736+3.549063j,0.668009
-0.287278+0.182515j,-0.905993+2.167358j,-0.171785+3.549838j,0.681393
-0.287016+0.185406j,-0.905967+2.159067j,-0.167883+3.550576j,0.694776
-0.286721+0.188401j,-0.905919+2.150538j,-0.163880+3.551306j,0.708679
-0.286401+0.191386j,-0.905851+2.142093j,-0.159927+3.551999j,0.722581
-0.286057+0.194362j,-0.905763+2.133729j,-0.156022+3.552656j,0.736483
-0.285676+0.197440j,-0.905652+2.125134j,-0.152021+3.553303j,0.750903
-0.285269+0.200508j,-0.905522+2.116622j,-0.148068+3.553914j,0.765323
-0.284838+0.203566j,-0.905373+2.108189j,-0.144164+3.554491j,0.779742
-0.284364+0.206724j,-0.905199+2.099534j,-0.140167+3.555054j,0.794679
-0.283865+0.209873j,-0.905006+2.090960j,-0.136219+3.555582j,0.809615
-0.283339+0.213011j,-0.904796+2.082464j,-0.132318+3.556078j,0.824551
-0.282768+0.216247j,-0.904560+2.073754j,-0.128330+3.556558j,0.840001
-0.282170+0.219473j,-0.904306+2.065122j,-0.124389+3.557005j,0.855452
-0.281545+0.222688j,-0.904034+2.056567j,-0.120494+3.557419j,0.870901
-0.280893+0.225894j,-0.903746+2.048086j,-0.116644+3.557804j,0.886350
-0.280183+0.229228j,-0.903428+2.039310j,-0.112671+3.558173j,0.902478
-0.279445+0.232552j,-0.903093+2.030610j,-0.108745+3.558511j,0.918606
-0.278679+0.235865j,-0.902741+2.021984j,-0.104863+3.558819j,0.934732
-0.277884+0.239166j,-0.902374+2.013431j,-0.101025+3.559098j,0.950858
-0.277026+0.242593j,-0.901975+2.004597j,-0.097072+3.559358j,0.967655
-0.276138+0.246008j,-0.901560+1.995838j,-0.093165+3.559588j,0.984451
-0.275219+0.249411j,-0.901130+1.987150j,-0.089301+3.559790j,1.001247
-0.274271+0.252803j,-0.900684+1.978533j,-0.085480+3.559963j,1.018042
-0.273255+0.256314j,-0.900206+1.969650j,-0.081553+3.560115j,1.035498
-0.272207+0.259813j,-0.899712+1.960838j,-0.077669+3.560239j,1.052953
-0.271127+0.263299j,-0.899204+1.952097j,-0.073828+3.560335j,1.070408
-0.270016+0.266773j,-0.898682+1.943425j,-0.070029+3.560405j,1.087863
-0.268831+0.270361j,-0.898126+1.934499j,-0.066131+3.560450j,1.105968
-0.267613+0.273936j,-0.897555+1.925644j,-0.062276+3.560468j,1.124072
-0.266363+0.277497j,-0.896971+1.916857j,-0.058462+3.560460j,1.142176
-0.265079+0.281044j,-0.896373+1.908136j,-0.054689+3.560427j,1.160279
-0.263717+0.284701j,-0.895741+1.899176j,-0.050825+3.560367j,1.179021
-0.262320+0.288342j,-0.895095+1.890283j,-0.047001+3.560282j,1.197763
-0.260889+0.291969j,-0.894437+1.881457j,-0.043219+3.560172j,1.216503
-0.259424+0.295580j,-0.893766+1.872695j,-0.039476+3.560038j,1.235244
-0.257925+0.299175j,-0.893083+1.863996j,-0.035771+3.559880j,1.253984
-0.256329+0.302904j,-0.892358+1.855002j,-0.031953+3.559692j,1.273501
-0.254697+0.306615j,-0.891622+1.846072j,-0.028175+3.559481j,1.293018
-0.253029+0.310310j,-0.890873+1.837207j,-0.024436+3.559246j,1.312534
-0.251325+0.313987j,-0.890113+1.828403j,-0.020735+3.558989j,1.332050
-0.249587+0.317648j,-0.889342+1.819660j,-0.017071+3.558710j,1.351566
-0.247744+0.321431j,-0.888529+1.810641j,-0.013305+3.558397j,1.371837
-0.245863+0.325196j,-0.887705+1.801684j,-0.009576+3.558063j,1.392108
-0.243945+0.328942j,-0.886870+1.792788j,-0.005886+3.557706j,1.412379
-0.241991+0.332670j,-0.886024+1.783952j,-0.002232+3.557329j,1.432649
-0.240000+0.336377j,-0.885168+1.775175j,0.001385+3.556931j,1.452919
-0.237898+0.340199j,-0.884270+1.766139j,0.005096+3.556498j,1.473923
-0.235757+0.344000j,-0.883361+1.757163j,0.008770+3.556044j,1.494926
-0.233578+0.347780j,-0.882443+1.748246j,0.012408+3.555570j,1.515929
-0.231361+0.351539j,-0.881514+1.739386j,0.016010+3.555076j,1.536932
-0.229105+0.355276j,-0.880576+1.730583j,0.019577+3.554563j,1.557934
-0.226734+0.359117j,-0.879596+1.721538j,0.023229+3.554012j,1.579649
-0.224322+0.362935j,-0.878607+1.712551j,0.026845+3.553443j,1.601362
-0.221871+0.366730j,-0.877608+1.703620j,0.030426+3.552854j,1.623076
-0.219380+0.370501j,-0.876600+1.694744j,0.033973+3.552247j,1.644789
-0.216850+0.374248j,-0.875583+1.685921j,0.037486+3.551622j,1.666502
-0.214282+0.377972j,-0.874558+1.677152j,0.040966+3.550980j,1.688214
-0.211575+0.381811j,-0.873485+1.668105j,0.044543+3.550295j,1.710749
-0.208827+0.385623j,-0.872403+1.659112j,0.048087+3.549592j,1.733284
-0.206037+0.389410j,-0.871313+1.650173j,0.051596+3.548872j,1.755818
-0.203208+0.393169j,-0.870214+1.641286j,0.055073+3.548134j,1.778352
-0.200338+0.396902j,-0.869108+1.632451j,0.058517+3.547380j,1.800886
-0.197428+0.400607j,-0.867994+1.623666j,0.061929+3.546610j,1.823419
-0.194374+0.404414j,-0.866832+1.614624j,0.065429+3.545796j,1.846742
-0.191278+0.408191j,-0.865663+1.605635j,0.068895+3.544966j,1.870066
-0.188140+0.411938j,-0.864486+1.596696j,0.072329+3.544119j,1.893389
-0.184961+0.415655j,-0.863302+1.587807j,0.075732+3.543257j,1.916711
-0.181740+0.419342j,-0.862111+1.578967j,0.079104+3.542379j,1.940034
-0.178479+0.422998j,-0.860912+1.570174j,0.082445+3.541486j,1.963356
-0.175177+0.426624j,-0.859707+1.561429j,0.085756+3.540579j,1.986678
-0.171708+0.430353j,-0.858449+1.552403j,0.089161+3.539622j,2.010880
-0.168196+0.434049j,-0.857185+1.543425j,0.092535+3.538650j,2.035082
-0.164641+0.437711j,-0.855913+1.534495j,0.095878+3.537663j,2.059283
-0.161045+0.441339j,-0.854635+1.525612j,0.099191+3.536662j,2.083484
-0.157406+0.444931j,-0.853350+1.516775j,0.102475+3.535647j,2.107685
-0.153727+0.448490j,-0.852060+1.507984j,0.105729+3.534619j,2.131886
-0.150006+0.452012j,-0.850763+1.499237j,0.108955+3.533576j,2.156087
-0.146113+0.455620j,-0.849415+1.490233j,0.112263+3.532484j,2.181126
-0.142178+0.459190j,-0.848061+1.481274j,0.115541+3.531378j,2.206165
-0.138199+0.462721j,-0.846701+1.472361j,0.118790+3.530259j,2.231203
-0.134179+0.466213j,-0.845335+1.463493j,0.122011+3.529126j,2.256242
-0.130116+0.469666j,-0.843963+1.454668j,0.125203+3.527981j,2.281280
-0.126012+0.473080j,-0.842586+1.445886j,0.128367+3.526823j,2.306318
-0.121867+0.476454j,-0.841204+1.437146j,0.131504+3.525653j,2.331356
-0.117682+0.479788j,-0.839817+1.428447j,0.134614+3.524470j,2.356393
-0.113302+0.483200j,-0.838373+1.419476j,0.137809+3.523233j,2.382338
-0.108880+0.486569j,-0.836925+1.410548j,0.140976+3.521982j,2.408283
-0.104415+0.489894j,-0.835471+1.401662j,0.144115+3.520720j,2.434227
-0.099908+0.493174j,-0.834012+1.392818j,0.147227+3.519446j,2.460171
-0.095360+0.496410j,-0.832549+1.384015j,0.150313+3.518160j,2.486116
-0.090772+0.499601j,-0.831080+1.375252j,0.153372+3.516863j,2.512060
-0.086143+0.502746j,-0.829607+1.366528j,0.156405+3.515555j,2.538003
-0.081474+0.505847j,-0.828130+1.357843j,0.159412+3.514236j,2.563947
-0.076765+0.508901j,-0.826648+1.349197j,0.162394+3.512906j,2.589890
-0.071841+0.512019j,-0.825107+1.340271j,0.165460+3.511516j,2.616793
-0.066876+0.515088j,-0.823561+1.331384j,0.168500+3.510114j,2.643695
-0.061870+0.518106j,-0.822011+1.322537j,0.171513+3.508702j,2.670597
-0.056823+0.521073j,-0.820456+1.313729j,0.174501+3.507279j,2.697498
-0.051737+0.523990j,-0.818898+1.304959j,0.177464+3.505846j,2.724400
-0.046611+0.526855j,-0.817335+1.296226j,0.180402+3.504403j,2.751302
-0.041447+0.529668j,-0.815769+1.287530j,0.183315+3.502949j,2.778203
-0.036244+0.532429j,-0.814199+1.278870j,0.186204+3.501486j,2.805104
-0.031004+0.535139j,-0.812625+1.270246j,0.189069+3.500013j,2.832005
-0.025727+0.537795j,-0.811047+1.261658j,0.191911+3.498530j,2.858906
-0.020216+0.540494j,-0.809407+1.252788j,0.194833+3.496983j,2.886800
-0.014666+0.543135j,-0.807764+1.243956j,0.197730+3.495427j,2.914694
-0.009078+0.545719j,-0.806117+1.235160j,0.200603+3.493860j,2.942588
-0.003452+0.548245j,-0.804467+1.226399j,0.203451+3.492284j,2.970482
0.002210+0.550712j,-0.802813+1.217674j,0.206276+3.490699j,2.998375
0.007909+0.553121j,-0.801155+1.208984j,0.209078+3.489105j,3.026269
0.013644+0.555471j,-0.799495+1.200327j,0.211856+3.487502j,3.054162
0.019414+0.557761j,-0.797831+1.191705j,0.214612+3.485890j,3.082055
0.025218+0.559993j,-0.796165+1.183115j,0.217345+3.484269j,3.109948
0.031056+0.562164j,-0.794495+1.174558j,0.220056+3.482640j,3.137841
0.036928+0.564275j,-0.792822+1.166034j,0.222744+3.481003j,3.165734
0.043047+0.566398j,-0.791086+1.157234j,0.225508+3.479298j,3.194637
0.049200+0.568457j,-0.789347+1.148468j,0.228248+3.477584j,3.223540
0.055387+0.570450j,-0.787605+1.139736j,0.230965+3.475862j,3.252443
0.061606+0.572376j,-0.785860+1.131036j,0.233660+3.474131j,3.281345
0.067859+0.574237j,-0.784112+1.122368j,0.236332+3.472392j,3.310248
0.074142+0.576031j,-0.782362+1.113733j,0.238983+3.470645j,3.339150
0.080457+0.577758j,-0.780609+1.105129j,0.241612+3.468891j,3.368052
0.086802+0.579418j,-0.778853+1.096556j,0.244219+3.467128j,3.396955
0.093176+0.581011j,-0.777095+1.088013j,0.246805+3.465358j,3.425857
0.099580+0.582535j,-0.775335+1.079501j,0.249371+3.463581j,3.454759
0.106011+0.583992j,-0.773572+1.071019j,0.251915+3.461796j,3.483661
0.112470+0.585381j,-0.771807+1.062566j,0.254439+3.460003j,3.512563
0.119182+0.586746j,-0.769978+1.053848j,0.257030+3.458141j,3.542475
0.125923+0.588037j,-0.768147+1.045161j,0.259599+3.456271j,3.572387
0.132690+0.589254j,-0.766313+1.036505j,0.262147+3.454394j,3.602299
0.139484+0.590397j,-0.764478+1.027878j,0.264674+3.452509j,3.632211
0.146303+0.591466j,-0.762640+1.019281j,0.267181+3.450617j,3.662122
0.153146+0.592459j,-0.760800+1.010713j,0.269667+3.448718j,3.692034
0.160014+0.593378j,-0.758958+1.002174j,0.272132+3.446812j,3.721945
0.166904+0.594221j,-0.757114+0.993664j,0.274577+3.444900j,3.751857
0.173817+0.594989j,-0.755268+0.985181j,0.277003+3.442980j,3.781768
0.180751+0.595681j,-0.753420+0.976727j,0.279409+3.441054j,3.811680
0.187706+0.596297j,-0.751570+0.968299j,0.281795+3.439122j,3.841591
0.194680+0.596837j,-0.749719+0.959899j,0.284162+3.437183j,3.871503
0.201673+0.597300j,-0.747866+0.951526j,0.286510+3.435238j,3.901414
0.208685+0.597687j,-0.746011+0.943180j,0.288838+3.433286j,3.931326
0.215965+0.598006j,-0.744089+0.934563j,0.291231+3.431259j,3.962302
0.223262+0.598243j,-0.742164+0.925974j,0.293603+3.429225j,3.993278
0.230576+0.598397j,-0.740238+0.917413j,0.295956+3.427184j,4.024254
0.237907+0.598469j,-0.738311+0.908878j,0.298289+3.425137j,4.055230
0.245252+0.598457j,-0.736382+0.900371j,0.300603+3.423084j,4.086207
0.252611+0.598361j,-0.734451+0.891889j,0.302897+3.421025j,4.117183
0.259983+0.598183j,-0.732519+0.883434j,0.305173+3.418960j,4.148159
0.267368+0.597920j,-0.730586+0.875005j,0.307430+3.416889j,4.179135
0.274764+0.597574j,-0.728651+0.866602j,0.309669+3.414812j,4.210111
0.282171+0.597143j,-0.726715+0.858223j,0.311889+3.412730j,4.241087
0.289587+0.596629j,-0.724778+0.849870j,0.314091+3.410641j,4.272063
0.297011+0.596031j,-0.722839+0.841541j,0.316275+3.408547j,4.303040
0.304444+0.595348j,-0.720899+0.833237j,0.318441+3.406448j,4.334016
0.311883+0.594581j,-0.718958+0.824956j,0.320589+3.404343j,4.364992
0.319328+0.593729j,-0.717015+0.816700j,0.322720+3.402232j,4.395968
0.326778+0.592792j,-0.715072+0.808467j,0.324833+3.400117j,4.426944
0.334492+0.591734j,-0.713060+0.799972j,0.327002+3.397921j,4.459002
0.342210+0.590585j,-0.711046+0.791501j,0.329153+3.395721j,4.491059
0.349930+0.589345j,-0.709031+0.783054j,0.331285+3.393514j,4.523116
0.357651+0.588015j,-0.707015+0.774632j,0.333400+3.391303j,4.555174
0.365373+0.586593j,-0.704999+0.766233j,0.335496+3.389086j,4.587231
0.373094+0.585080j,-0.702981+0.757859j,0.337575+3.386863j,4.619289
0.380813+0.583477j,-0.700962+0.749508j,0.339637+3.384636j,4.651346
0.388529+0.581782j,-0.698942+0.741180j,0.341681+3.382403j,4.683404
0.396241+0.579996j,-0.696922+0.732875j,0.343708+3.380166j,4.715462
0.403949+0.578120j,-0.694900+0.724592j,0.345718+3.377923j,4.747519
0.411651+0.576152j,-0.692878+0.716333j,0.347710+3.375675j,4.779577
0.419346+0.574094j,-0.690854+0.708095j,0.349686+3.373423j,4.811634
0.427032+0.571944j,-0.688830+0.699880j,0.351646+3.371165j,4.843692
0.434711+0.569704j,-0.686806+0.691686j,0.353589+3.368903j,4.875750
0.442379+0.567373j,-0.684780+0.683514j,0.355515+3.366636j,4.907807
0.450036+0.564951j,-0.682754+0.675363j,0.357425+3.364365j,4.939865
0.457681+0.562438j,-0.680727+0.667233j,0.359319+3.362089j,4.971923
0.465313+0.559835j,-0.678699+0.659125j,0.361197+3.359808j,5.003981
0.466610+0.559384j,-0.678355+0.657748j,0.361515+3.359420j,5.009436
0.466610+0.559384j,-0.678356+0.657750j,0.361515+3.359419j,5.009436
0.466612+0.559383j,-0.678355+0.657748j,0.361516+3.359419j,5.009446
0.466623+0.559379j,-0.678352+0.657736j,0.361518+3.359415j,5.009491
0.466671+0.559362j,-0.678340+0.657685j,0.361530+3.359401j,5.009693
0.466887+0.559287j,-0.678282+0.657455j,0.361583+3.359336j,5.010605
0.467861+0.558945j,-0.678023+0.656421j,0.361822+3.359044j,5.014705
0.472241+0.557390j,-0.676857+0.651772j,0.362891+3.357730j,5.033147
0.480109+0.554516j,-0.674757+0.643423j,0.364803+3.355361j,5.066315
0.487960+0.551546j,-0.672657+0.635096j,0.366697+3.352988j,5.099484
0.495793+0.548480j,-0.670557+0.626791j,0.368575+3.350610j,5.132653
0.503607+0.545317j,-0.668456+0.618507j,0.370437+3.348227j,5.165822
0.511401+0.542057j,-0.666354+0.610244j,0.372282+3.345840j,5.198990
0.519172+0.538702j,-0.664252+0.602002j,0.374111+3.343448j,5.232159
0.526922+0.535252j,-0.662149+0.593781j,0.375924+3.341052j,5.265328
0.534647+0.531705j,-0.660046+0.585581j,0.377720+3.338651j,5.298497
0.542348+0.528064j,-0.657943+0.577401j,0.379501+3.336246j,5.331666
0.550023+0.524327j,-0.655838+0.569241j,0.381266+3.333837j,5.364836
0.557671+0.520495j,-0.653734+0.561101j,0.383015+3.331423j,5.398005
0.565290+0.516569j,-0.651629+0.552981j,0.384749+3.329005j,5.431174
0.572881+0.512548j,-0.649523+0.544880j,0.386467+3.326583j,5.464343
0.580441+0.508433j,-0.647417+0.536799j,0.388170+3.324157j,5.497512
0.587970+0.504225j,-0.645311+0.528738j,0.389858+3.321727j,5.530682
0.595467+0.499923j,-0.643204+0.520695j,0.391530+3.319292j,5.563851
0.602930+0.495527j,-0.641098+0.512671j,0.393188+3.316854j,5.597021
0.610358+0.491039j,-0.638990+0.504666j,0.394830+3.314412j,5.630190
0.617751+0.486459j,-0.636883+0.496680j,0.396458+3.311965j,5.663360
0.625106+0.481786j,-0.634775+0.488712j,0.398071+3.309515j,5.696530
0.632425+0.477021j,-0.632667+0.480762j,0.399669+3.307061j,5.729699
0.639704+0.472165j,-0.630558+0.472830j,0.401252+3.304603j,5.762869
0.646943+0.467218j,-0.628450+0.464917j,0.402822+3.302142j,5.796039
0.654390+0.462004j,-0.626268+0.456748j,0.404430+3.299591j,5.830355
0.661791+0.456694j,-0.624086+0.448598j,0.406023+3.297036j,5.864671
0.669147+0.451287j,-0.621903+0.440468j,0.407601+3.294477j,5.898987
0.676455+0.445785j,-0.619721+0.432355j,0.409164+3.291915j,5.933303
0.683714+0.440187j,-0.617538+0.424261j,0.410712+3.289348j,5.967619
0.690924+0.434495j,-0.615355+0.416185j,0.412244+3.286778j,6.001935
0.698084+0.428708j,-0.613172+0.408128j,0.413762+3.284204j,6.036252
0.705191+0.422828j,-0.610989+0.400088j,0.415266+3.281626j,6.070568
0.712245+0.416855j,-0.608806+0.392066j,0.416755+3.279044j,6.104885
0.719246+0.410789j,-0.606623+0.384062j,0.418229+3.276458j,6.139201
0.726191+0.404631j,-0.604439+0.376075j,0.419689+3.273869j,6.173518
0.733080+0.398381j,-0.602255+0.368105j,0.421134+3.271276j,6.207834
0.739911+0.392041j,-0.600072+0.360153j,0.422565+3.268680j,6.242151
0.746684+0.385610j,-0.597888+0.352218j,0.423982+3.266080j,6.276468
0.753397+0.379089j,-0.595704+0.344300j,0.425385+3.263476j,6.310785
0.760050+0.372480j,-0.593520+0.336398j,0.426773+3.260869j,6.345102
0.766641+0.365782j,-0.591336+0.328513j,0.428148+3.258258j,6.379419
0.773169+0.358996j,-0.589152+0.320645j,0.429509+3.255644j,6.413736
0.779633+0.352123j,-0.586968+0.312793j,0.430856+3.253026j,6.448054
0.786032+0.345163j,-0.584784+0.304958j,0.432190+3.250405j,6.482371
0.792366+0.338118j,-0.582600+0.297138j,0.433509+3.247781j,6.516688
0.798632+0.330987j,-0.580416+0.289335j,0.434816+3.245153j,6.551006
0.804830+0.323773j,-0.578232+0.281548j,0.436108+3.242521j,6.585323
0.810960+0.316474j,-0.576048+0.273776j,0.437387+3.239887j,6.619641
0.817019+0.309092j,-0.573864+0.266020j,0.438653+3.237249j,6.653959
0.823007+0.301629j,-0.571680+0.258279j,0.439906+3.234607j,6.688277
0.828924+0.294083j,-0.569496+0.250554j,0.441145+3.231963j,6.722595
0.834767+0.286457j,-0.567312+0.242845j,0.442371+3.229315j,6.756913
0.840733+0.278485j,-0.565053+0.234886j,0.443626+3.226572j,6.792410
0.846620+0.270427j,-0.562794+0.226943j,0.444867+3.223826j,6.827908
0.852425+0.262286j,-0.560535+0.219016j,0.446094+3.221077j,6.863406
0.858147+0.254062j,-0.558276+0.211105j,0.447307+3.218325j,6.898904
0.863786+0.245756j,-0.556018+0.203210j,0.448506+3.215568j,6.934403
0.869341+0.237369j,-0.553759+0.195331j,0.449692+3.212809j,6.969901
0.874810+0.228901j,-0.551501+0.187467j,0.450864+3.210046j,7.005399
0.880193+0.220354j,-0.549242+0.179619j,0.452022+3.207280j,7.040898
0.885488+0.211729j,-0.546984+0.171786j,0.453167+3.204511j,7.076397
0.890695+0.203027j,-0.544726+0.163968j,0.454299+3.201738j,7.111895
0.895812+0.194248j,-0.542468+0.156165j,0.455418+3.198962j,7.147394
0.900839+0.185394j,-0.540210+0.148378j,0.456523+3.196183j,7.182893
0.905775+0.176466j,-0.537953+0.140605j,0.457615+3.193400j,7.218392
0.910618+0.167464j,-0.535695+0.132847j,0.458694+3.190615j,7.253891
0.915368+0.158389j,-0.533438+0.125104j,0.459759+3.187826j,7.289390
0.920024+0.149244j,-0.531181+0.117375j,0.460812+3.185034j,7.324889
0.924584+0.140028j,-0.528924+0.109661j,0.461852+3.182238j,7.360389
0.929049+0.130742j,-0.526667+0.101962j,0.462879+3.179440j,7.395888
0.933417+0.121389j,-0.524410+0.094277j,0.463893+3.176638j,7.431388
0.937687+0.111968j,-0.522154+0.086605j,0.464894+3.173834j,7.466888
0.941859+0.102482j,-0.519897+0.078949j,0.465882+3.171026j,7.502387
0.945931+0.092930j,-0.517641+0.071306j,0.466858+3.168215j,7.537887
0.949903+0.083315j,-0.515385+0.063677j,0.467821+3.165401j,7.573387
0.953774+0.073637j,-0.513130+0.056062j,0.468772+3.162584j,7.608887
0.957542+0.063897j,-0.510874+0.048460j,0.469710+3.159764j,7.644388
0.961208+0.054097j,-0.508619+0.040873j,0.470636+3.156940j,7.679888
0.964771+0.044237j,-0.506364+0.033299j,0.471549+3.154114j,7.715388
0.968229+0.034319j,-0.504109+0.025738j,0.472450+3.151285j,7.750889
0.971582+0.024344j,-0.501854+0.018191j,0.473339+3.148453j,7.786389
0.974830+0.014313j,-0.499600+0.010657j,0.474215+3.145617j,7.821890
0.978075+0.003884j,-0.497269+0.002881j,0.475108+3.142682j,7.858597
0.981207-0.006603j,-0.494938-0.004881j,0.475988+3.139744j,7.895304
0.984222-0.017145j,-0.492608-0.012629j,0.476856+3.136803j,7.932012
0.987122-0.027742j,-0.490277-0.020363j,0.477710+3.133858j,7.968719
0.989904-0.038392j,-0.487947-0.028083j,0.478551+3.130911j,8.005427
0.992569-0.049095j,-0.485618-0.035789j,0.479380+3.127960j,8.042135
0.995115-0.059847j,-0.483288-0.043482j,0.480196+3.125006j,8.078843
0.997542-0.070649j,-0.480959-0.051161j,0.480999+3.122049j,8.115551
0.999849-0.081498j,-0.478630-0.058827j,0.481790+3.119089j,8.152259
1.002036-0.092394j,-0.476301-0.066479j,0.482568+3.116125j,8.188967
1.004101-0.103335j,-0.473973-0.074118j,0.483333+3.113159j,8.225675
1.006045-0.114319j,-0.471645-0.081744j,0.484086+3.110189j,8.262384
1.007866-0.125346j,-0.469317-0.089356j,0.484827+3.107217j,8.299092
1.009564-0.136413j,-0.466989-0.096956j,0.485555+3.104241j,8.335801
1.011139-0.147520j,-0.464662-0.104542j,0.486270+3.101262j,8.372510
1.012589-0.158665j,-0.462335-0.112116j,0.486973+3.098280j,8.409218
1.013915-0.169846j,-0.460008-0.119676j,0.487664+3.095295j,8.445927
1.015115-0.181062j,-0.457682-0.127224j,0.488343+3.092307j,8.482637
1.016190-0.192311j,-0.455355-0.134759j,0.489010+3.089316j,8.519346
1.017138-0.203593j,-0.453029-0.142281j,0.489664+3.086322j,8.556055
1.017959-0.214906j,-0.450704-0.149791j,0.490306+3.083325j,8.592765
1.018653-0.226247j,-0.448378-0.157288j,0.490936+3.080324j,8.629474
1.019220-0.237617j,-0.446053-0.164773j,0.491554+3.077321j,8.666184
1.019658-0.249012j,-0.443728-0.172245j,0.492160+3.074315j,8.702894
1.019968-0.260433j,-0.441404-0.179705j,0.492754+3.071305j,8.739604
1.020148-0.271876j,-0.439080-0.187153j,0.493336+3.068293j,8.776314
1.020199-0.283733j,-0.436676-0.194842j,0.493925+3.065174j,8.814274
1.020111-0.295611j,-0.434273-0.202517j,0.494502+3.062053j,8.852235
1.019884-0.307509j,-0.431871-0.210180j,0.495066+3.058928j,8.890196
1.019518-0.319426j,-0.429468-0.217830j,0.495618+3.055800j,8.928157
1.019011-0.331359j,-0.427066-0.225468j,0.496157+3.052668j,8.966118
1.018365-0.343307j,-0.424665-0.233092j,0.496683+3.049534j,9.004080
1.017578-0.355268j,-0.422263-0.240704j,0.497197+3.046396j,9.042041
1.016650-0.367241j,-0.419862-0.248303j,0.497698+3.043255j,9.080003
1.015581-0.379224j,-0.417461-0.255890j,0.498187+3.040111j,9.117964
1.014371-0.391215j,-0.415061-0.263465j,0.498664+3.036963j,9.155926
1.013020-0.403212j,-0.412661-0.271027j,0.499128+3.033813j,9.193888
1.011526-0.415214j,-0.410261-0.278576j,0.499580+3.030659j,9.231850
1.009891-0.427219j,-0.407861-0.286114j,0.500020+3.027502j,9.269813
1.008115-0.439225j,-0.405462-0.293639j,0.500447+3.024341j,9.307775
1.006195-0.451231j,-0.403063-0.301152j,0.500862+3.021178j,9.345737
1.004134-0.463235j,-0.400664-0.308652j,0.501265+3.018011j,9.383700
1.001930-0.475235j,-0.398266-0.316141j,0.501656+3.014841j,9.421663
0.999584-0.487230j,-0.395868-0.323618j,0.502035+3.011667j,9.459626
0.997095-0.499218j,-0.393470-0.331083j,0.502402+3.008491j,9.497589
0.994464-0.511196j,-0.391073-0.338536j,0.502757+3.005311j,9.535552
0.991691-0.523164j,-0.388676-0.345977j,0.503100+3.002128j,9.573515
0.988774-0.535119j,-0.386279-0.353407j,0.503430+2.998942j,9.611479
0.985607-0.547475j,-0.383799-0.361082j,0.503760+2.995641j,9.650760
0.982287-0.559814j,-0.381320-0.368744j,0.504077+2.992338j,9.690041
0.978814-0.572133j,-0.378841-0.376395j,0.504381+2.989030j,9.729322
0.975190-0.584432j,-0.376362-0.384032j,0.504673+2.985719j,9.768603
0.971413-0.596709j,-0.373883-0.391658j,0.504951+2.982405j,9.807885
0.967484-0.608960j,-0.371405-0.399271j,0.505218+2.979087j,9.847166
0.963403-0.621185j,-0.368927-0.406872j,0.505471+2.975766j,9.886448
0.959170-0.633382j,-0.366450-0.414461j,0.505712+2.972441j,9.925730
0.954786-0.645548j,-0.363973-0.422037j,0.505941+2.969113j,9.965012
0.950251-0.657682j,-0.361496-0.429602j,0.506157+2.965781j,10.004294
0.950215-0.657778j,-0.361476-0.429662j,0.506159+2.965755j,10.004605
0.950215-0.657778j,-0.361476-0.429662j,0.506159+2.965755j,10.004605
0.950213-0.657781j,-0.361476-0.429664j,0.506159+2.965754j,10.004615
0.950208-0.657794j,-0.361473-0.429672j,0.506159+2.965750j,10.004660
0.950184-0.657857j,-0.361460-0.429711j,0.506160+2.965733j,10.004863
0.950077-0.658138j,-0.361403-0.429886j,0.506165+2.965656j,10.005774
0.949595-0.659401j,-0.361144-0.430675j,0.506187+2.965308j,10.009874
0.947404-0.665082j,-0.359982-0.434220j,0.506283+2.963743j,10.028320
0.942536-0.677384j,-0.357460-0.441905j,0.506482+2.960343j,10.068330
0.937512-0.689647j,-0.354938-0.449578j,0.506669+2.956940j,10.108340
0.932332-0.701869j,-0.352416-0.457238j,0.506843+2.953533j,10.148350
0.926996-0.714049j,-0.349895-0.464886j,0.507004+2.950123j,10.188360
0.921506-0.726184j,-0.347374-0.472522j,0.507152+2.946709j,10.228371
0.915861-0.738272j,-0.344853-0.480146j,0.507287+2.943291j,10.268382
0.910062-0.750312j,-0.342333-0.487757j,0.507410+2.939870j,10.308393
0.904110-0.762302j,-0.339813-0.495356j,0.507520+2.936444j,10.348404
0.898005-0.774239j,-0.337293-0.502944j,0.507617+2.933015j,10.388415
0.891747-0.786121j,-0.334774-0.510519j,0.507701+2.929583j,10.428426
0.885337-0.797947j,-0.332255-0.518082j,0.507773+2.926146j,10.468438
0.878775-0.809715j,-0.329736-0.525634j,0.507833+2.922706j,10.508450
0.872063-0.821423j,-0.327217-0.533173j,0.507879+2.919262j,10.548462
0.865201-0.833068j,-0.324699-0.540701j,0.507914+2.915814j,10.588474
0.858189-0.844649j,-0.322181-0.548217j,0.507935+2.912363j,10.628486
0.851028-0.856164j,-0.319664-0.555721j,0.507945+2.908907j,10.668498
0.843719-0.867611j,-0.317147-0.563214j,0.507941+2.905448j,10.708511
0.836263-0.878988j,-0.314630-0.570695j,0.507926+2.901985j,10.748523
0.828660-0.890293j,-0.312113-0.578164j,0.507898+2.898518j,10.788536
0.820911-0.901525j,-0.309597-0.585621j,0.507857+2.895048j,10.828549
0.812734-0.913076j,-0.306992-0.593332j,0.507802+2.891450j,10.869983
0.804402-0.924544j,-0.304387-0.601030j,0.507734+2.887848j,10.911417
0.795917-0.935927j,-0.301782-0.608716j,0.507652+2.884241j,10.952852
0.787279-0.947223j,-0.299177-0.616389j,0.507558+2.880631j,10.994286
0.778489-0.958430j,-0.296573-0.624051j,0.507450+2.877016j,11.035721
0.769548-0.969545j,-0.293970-0.631700j,0.507329+2.873397j,11.077156
0.760458-0.980567j,-0.291366-0.639337j,0.507195+2.869774j,11.118591
0.751219-0.991494j,-0.288763-0.646962j,0.507048+2.866146j,11.160027
0.741833-1.002323j,-0.286160-0.654575j,0.506888+2.862514j,11.201462
0.732300-1.013054j,-0.283558-0.662175j,0.506715+2.858878j,11.242898
0.722623-1.023683j,-0.280956-0.669764j,0.506529+2.855238j,11.284334
0.712801-1.034209j,-0.278354-0.677341j,0.506329+2.851594j,11.325770
0.702836-1.044630j,-0.275752-0.684906j,0.506117+2.847945j,11.367206
0.692730-1.054944j,-0.273151-0.692458j,0.505892+2.844291j,11.408642
0.682484-1.065149j,-0.270550-0.700000j,0.505654+2.840634j,11.450079
0.672098-1.075244j,-0.267950-0.707529j,0.505403+2.836972j,11.491515
0.661575-1.085225j,-0.265349-0.715046j,0.505139+2.833305j,11.532952
0.650916-1.095093j,-0.262749-0.722552j,0.504863+2.829634j,11.574389
0.640121-1.104844j,-0.260150-0.730045j,0.504573+2.825959j,11.615827
0.628814-1.114807j,-0.257461-0.737785j,0.504260+2.822152j,11.658692
0.617365-1.124642j,-0.254772-0.745513j,0.503934+2.818341j,11.701557
0.605776-1.134346j,-0.252084-0.753228j,0.503594+2.814525j,11.744423
0.594050-1.143918j,-0.249396-0.760930j,0.503240+2.810703j,11.787289
0.582186-1.153356j,-0.246709-0.768620j,0.502872+2.806877j,11.830155
0.570188-1.162658j,-0.244021-0.776298j,0.502491+2.803046j,11.873021
0.558057-1.171822j,-0.241334-0.783963j,0.502097+2.799210j,11.915888
0.545793-1.180846j,-0.238648-0.791616j,0.501688+2.795370j,11.958755
0.533401-1.189728j,-0.235962-0.799256j,0.501267+2.791524j,12.001621
0.520880-1.198467j,-0.233276-0.806884j,0.500832+2.787673j,12.044489
0.508233-1.207060j,-0.230590-0.814500j,0.500383+2.783817j,12.087356
0.495462-1.215507j,-0.227905-0.822104j,0.499921+2.779956j,12.130223
0.482568-1.223804j,-0.225220-0.829696j,0.499445+2.776090j,12.173091
0.469554-1.231951j,-0.222536-0.837275j,0.498956+2.772219j,12.215959
0.456420-1.239946j,-0.219852-0.844842j,0.498454+2.768343j,12.258827
0.443170-1.247787j,-0.217168-0.852397j,0.497938+2.764462j,12.301695
0.429805-1.255472j,-0.214484-0.859940j,0.497409+2.760576j,12.344563
0.416327-1.263000j,-0.211801-0.867470j,0.496867+2.756684j,12.387432
0.402739-1.270370j,-0.209119-0.874989j,0.496311+2.752787j,12.430301
0.388570-1.277823j,-0.206344-0.882752j,0.495722+2.748751j,12.474635
0.374288-1.285102j,-0.203571-0.890502j,0.495119+2.744710j,12.518969
0.359893-1.292207j,-0.200797-0.898239j,0.494502+2.740663j,12.563304
0.345389-1.299135j,-0.198025-0.905964j,0.493871+2.736610j,12.607638
0.330778-1.305885j,-0.195252-0.913675j,0.493226+2.732551j,12.651973
0.316061-1.312456j,-0.192480-0.921374j,0.492567+2.728487j,12.696308
0.301241-1.318845j,-0.189708-0.929060j,0.491893+2.724417j,12.740644
0.286322-1.325052j,-0.186937-0.936733j,0.491206+2.720341j,12.784979
0.271304-1.331074j,-0.184166-0.944393j,0.490504+2.716259j,12.829315
0.256191-1.336910j,-0.181396-0.952041j,0.489789+2.712171j,12.873651
0.240985-1.342560j,-0.178626-0.959676j,0.489059+2.708077j,12.917987
0.225688-1.348021j,-0.175856-0.967298j,0.488316+2.703977j,12.962324
0.210303-1.353292j,-0.173087-0.974907j,0.487558+2.699871j,13.006660
0.194832-1.358372j,-0.170318-0.982504j,0.486787+2.695759j,13.050997
0.179279-1.363260j,-0.167550-0.990088j,0.486002+2.691641j,13.095334
0.163645-1.367954j,-0.164782-0.997659j,0.485203+2.687517j,13.139672
0.147933-1.372453j,-0.162015-1.005218j,0.484390+2.683387j,13.184009
0.132145-1.376756j,-0.159248-1.012764j,0.483563+2.679250j,13.228347
0.116285-1.380862j,-0.156481-1.020297j,0.482722+2.675107j,13.272685
0.100354-1.384769j,-0.153715-1.027818j,0.481868+2.670958j,13.317023
0.083788-1.388605j,-0.150852-1.035592j,0.480969+2.666655j,13.362933
0.067151-1.392226j,-0.147989-1.043353j,0.480055+2.662345j,13.408844
0.050448-1.395632j,-0.145126-1.051100j,0.479126+2.658028j,13.454754
0.033682-1.398820j,-0.142264-1.058833j,0.478183+2.653704j,13.500666
0.016855-1.401790j,-0.139403-1.066553j,0.477225+2.649373j,13.546577
-0.000030-1.404540j,-0.136542-1.074260j,0.476252+2.645035j,13.592488
-0.016969-1.407071j,-0.133682-1.081953j,0.475265+2.640690j,13.638400
-0.033959-1.409381j,-0.130822-1.089632j,0.474263+2.636338j,13.684312
-0.050999-1.411469j,-0.127963-1.097298j,0.473247+2.631979j,13.730224
-0.068083-1.413335j,-0.125105-1.104951j,0.472216+2.627612j,13.776137
-0.085210-1.414977j,-0.122247-1.112590j,0.471170+2.623239j,13.822049
-0.102377-1.416396j,-0.119390-1.120216j,0.470111+2.618858j,13.867962
-0.119579-1.417589j,-0.116533-1.127828j,0.469036+2.614469j,13.913875
-0.136815-1.418558j,-0.113677-1.135426j,0.467947+2.610073j,13.959789
-0.154081-1.419300j,-0.110822-1.143011j,0.466844+2.605670j,14.005702
-0.171373-1.419816j,-0.107968-1.150583j,0.465727+2.601259j,14.051616
-0.188690-1.420105j,-0.105114-1.158141j,0.464595+2.596841j,14.097530
-0.206027-1.420166j,-0.102261-1.165686j,0.463448+2.592415j,14.143445
-0.223381-1.420000j,-0.099409-1.173217j,0.462288+2.587981j,14.189359
-0.240750-1.419605j,-0.096557-1.180734j,0.461113+2.583540j,14.235274
-0.258741-1.418956j,-0.093606-1.188502j,0.459882+2.578934j,14.282802
-0.276740-1.418061j,-0.090656-1.196255j,0.458635+2.574320j,14.330330
-0.294744-1.416922j,-0.087707-1.203994j,0.457374+2.569698j,14.377858
-0.312750-1.415536j,-0.084758-1.211718j,0.456097+2.565067j,14.425387
-0.330754-1.413905j,-0.081811-1.219428j,0.454805+2.560427j,14.472915
-0.348752-1.412028j,-0.078864-1.227123j,0.453498+2.555779j,14.520444
-0.366741-1.409905j,-0.075919-1.234804j,0.452176+2.551122j,14.567974
-0.384718-1.407536j,-0.072974-1.242470j,0.450839+2.546456j,14.615503
-0.402678-1.404921j,-0.070030-1.250122j,0.449487+2.541782j,14.663033
-0.420618-1.402061j,-0.067088-1.257759j,0.448120+2.537099j,14.710563
-0.438536-1.398955j,-0.064146-1.265382j,0.446738+2.532407j,14.758094
-0.456426-1.395603j,-0.061206-1.272990j,0.445341+2.527705j,14.805624
-0.474287-1.392007j,-0.058266-1.280584j,0.443929+2.522995j,14.853155
-0.492113-1.388165j,-0.055328-1.288163j,0.442502+2.518276j,14.900686
-0.509902-1.384079j,-0.052391-1.295728j,0.441061+2.513547j,14.948217
-0.527651-1.379750j,-0.049455-1.303278j,0.439604+2.508810j,14.995749
-0.529714-1.379230j,-0.049113-1.304155j,0.439434+2.508258j,15.001283
-0.529714-1.379230j,-0.049113-1.304155j,0.439434+2.508258j,15.001283
-0.529717-1.379229j,-0.049113-1.304157j,0.439434+2.508257j,15.001293
-0.529734-1.379225j,-0.049110-1.304164j,0.439432+2.508252j,15.001338
-0.529810-1.379206j,-0.049097-1.304196j,0.439426+2.508232j,15.001540
-0.530149-1.379120j,-0.049041-1.304341j,0.439398+2.508141j,15.002451
-0.531677-1.378732j,-0.048788-1.304991j,0.439271+2.507732j,15.006552
-0.538549-1.376965j,-0.047649-1.307915j,0.438701+2.505890j,15.025001
-0.556756-1.372096j,-0.044627-1.315669j,0.437176+2.500994j,15.073966
-0.574910-1.366969j,-0.041605-1.323406j,0.435636+2.496088j,15.122931
-0.593008-1.361586j,-0.038586-1.331129j,0.434080+2.491171j,15.171896
-0.611045-1.355946j,-0.035567-1.338835j,0.432508+2.486245j,15.220862
-0.629017-1.350052j,-0.032550-1.346526j,0.430921+2.481308j,15.269828
-0.646921-1.343902j,-0.029535-1.354202j,0.429319+2.476361j,15.318794
-0.664753-1.337500j,-0.026521-1.361862j,0.427701+2.471404j,15.367760
-0.682509-1.330844j,-0.023508-1.369506j,0.426068+2.466437j,15.416726
-0.700185-1.323937j,-0.020497-1.377135j,0.424419+2.461458j,15.465693
-0.717779-1.316779j,-0.017488-1.384748j,0.422756+2.456470j,15.514660
-0.735285-1.309372j,-0.014480-1.392346j,0.421077+2.451471j,15.563628
-0.752701-1.301717j,-0.011474-1.399928j,0.419383+2.446461j,15.612595
-0.770022-1.293815j,-0.008470-1.407494j,0.417674+2.441440j,15.661563
-0.787246-1.285666j,-0.005467-1.415044j,0.415950+2.436408j,15.710532
-0.804367-1.277274j,-0.002466-1.422579j,0.414211+2.431366j,15.759500
-0.821384-1.268639j,0.000533-1.430098j,0.412457+2.426312j,15.808469
-0.838292-1.259762j,0.003530-1.437602j,0.410688+2.421248j,15.857438
-0.855087-1.250645j,0.006525-1.445090j,0.408904+2.416172j,15.906407
-0.871766-1.241289j,0.009518-1.452561j,0.407105+2.411085j,15.955377
-0.888326-1.231697j,0.012509-1.460017j,0.405292+2.405987j,16.004346
-0.905341-1.221518j,0.015603-1.467720j,0.403399+2.400697j,16.055045
-0.922221-1.211090j,0.018695-1.475406j,0.401491+2.395394j,16.105743
-0.938960-1.200413j,0.021785-1.483074j,0.399566+2.390079j,16.156442
-0.955557-1.189490j,0.024873-1.490726j,0.397627+2.384752j,16.207141
-0.972006-1.178323j,0.027958-1.498361j,0.395671+2.379413j,16.257840
-0.988305-1.166914j,0.031040-1.505978j,0.393701+2.374060j,16.308540
-1.004449-1.155265j,0.034120-1.513579j,0.391714+2.368695j,16.359240
-1.020435-1.143379j,0.037197-1.521162j,0.389713+2.363318j,16.409940
-1.036259-1.131258j,0.040272-1.528729j,0.387696+2.357927j,16.460641
-1.051918-1.118904j,0.043344-1.536278j,0.385664+2.352524j,16.511341
-1.067407-1.106320j,0.046413-1.543810j,0.383617+2.347107j,16.562043
-1.082725-1.093508j,0.049479-1.551325j,0.381555+2.341678j,16.612744
-1.097866-1.080471j,0.052542-1.558822j,0.379478+2.336235j,16.663446
-1.112828-1.067211j,0.055602-1.566302j,0.377386+2.330779j,16.714148
-1.127607-1.053732j,0.058659-1.573766j,0.375279+2.325310j,16.764850
-1.142200-1.040035j,0.061713-1.581211j,0.373157+2.319827j,16.815553
-1.156603-1.026123j,0.064764-1.588640j,0.371021+2.314331j,16.866255
-1.170814-1.012000j,0.067812-1.596051j,0.368870+2.308821j,16.916959
-1.185300-0.997179j,0.070959-1.603696j,0.366630+2.303110j,16.969381
-1.199574-0.982138j,0.074102-1.611321j,0.364375+2.297385j,17.021803
-1.213630-0.966880j,0.077242-1.618929j,0.362105+2.291644j,17.074226
-1.227467-0.951408j,0.080378-1.626517j,0.359820+2.285889j,17.126649
-1.241081-0.935727j,0.083510-1.634087j,0.357519+2.280119j,17.179073
-1.254468-0.919839j,0.086638-1.641639j,0.355203+2.274334j,17.231496
-1.267625-0.903748j,0.089762-1.649171j,0.352872+2.268533j,17.283920
-1.280549-0.887458j,0.092882-1.656686j,0.350526+2.262718j,17.336345
-1.293237-0.870972j,0.095998-1.664181j,0.348165+2.256887j,17.388770
-1.305686-0.854294j,0.099109-1.671658j,0.345789+2.251041j,17.441195
-1.317892-0.837427j,0.102215-1.679116j,0.343399+2.245179j,17.493620
-1.329854-0.820375j,0.105318-1.686555j,0.340994+2.239302j,17.546046
-1.341567-0.803142j,0.108415-1.693975j,0.338575+2.233409j,17.598472
-1.353029-0.785733j,0.111508-1.701377j,0.336141+2.227500j,17.650898
-1.364237-0.768150j,0.114596-1.708760j,0.333692+2.221576j,17.703325
-1.375189-0.750398j,0.117679-1.716124j,0.331230+2.215636j,17.755751
-1.385881-0.732480j,0.120757-1.723469j,0.328753+2.209680j,17.808179
-1.396312-0.714401j,0.123830-1.730796j,0.326263+2.203707j,17.860606
-1.406838-0.695509j,0.127007-1.738365j,0.323668+2.197504j,17.914911
-1.417078-0.676453j,0.130179-1.745913j,0.321059+2.191284j,17.969216
-1.427029-0.657238j,0.133344-1.753442j,0.318435+2.185046j,18.023521
-1.436688-0.637868j,0.136504-1.760950j,0.315796+2.178790j,18.077827
-1.446053-0.618347j,0.139658-1.768438j,0.313143+2.172517j,18.132133
-1.455122-0.598681j,0.142806-1.775905j,0.310476+2.166226j,18.186439
-1.463892-0.578874j,0.145947-1.783353j,0.307794+2.159918j,18.240746
-1.472361-0.558932j,0.149082-1.790780j,0.305098+2.153591j,18.295053
-1.480528-0.538858j,0.152211-1.798187j,0.302388+2.147247j,18.349360
-1.488388-0.518659j,0.155332-1.805573j,0.299664+2.140884j,18.403668
-1.495942-0.498338j,0.158447-1.812939j,0.296927+2.134503j,18.457976
-1.503186-0.477900j,0.161555-1.820285j,0.294176+2.128105j,18.512285
-1.510119-0.457352j,0.164656-1.827611j,0.291411+2.121687j,18.566593
-1.516740-0.436697j,0.167750-1.834916j,0.288633+2.115252j,18.620903
-1.523046-0.415941j,0.170837-1.842201j,0.285841+2.108798j,18.675212
-1.529036-0.395088j,0.173916-1.849466j,0.283037+2.102326j,18.729522
-1.534708-0.374145j,0.176988-1.856710j,0.280219+2.095835j,18.783832
-1.540246-0.352362j,0.180161-1.864192j,0.277287+2.089092j,18.840084
-1.545441-0.330493j,0.183327-1.871653j,0.274341+2.082329j,18.896337
-1.550291-0.308542j,0.186483-1.879091j,0.271382+2.075547j,18.952590
-1.554794-0.286517j,0.189631-1.886508j,0.268409+2.068744j,19.008843
-1.558949-0.264423j,0.192770-1.893903j,0.265423+2.061920j,19.065097
-1.562756-0.242265j,0.195901-1.901277j,0.262424+2.055077j,19.121351
-1.566212-0.220049j,0.199022-1.908629j,0.259412+2.048213j,19.177606
-1.569318-0.197782j,0.202134-1.915959j,0.256387+2.041328j,19.233861
-1.572073-0.175468j,0.205236-1.923267j,0.253349+2.034423j,19.290116
-1.574476-0.153114j,0.208329-1.930554j,0.250299+2.027497j,19.346372
-1.576525-0.130727j,0.211413-1.937820j,0.247236+2.020551j,19.402628
-1.578222-0.108310j,0.214486-1.945063j,0.244162+2.013584j,19.458885
-1.579564-0.085872j,0.217550-1.952286j,0.241075+2.006596j,19.515142
-1.580553-0.063417j,0.220604-1.959486j,0.237976+1.999588j,19.571399
-1.581188-0.040951j,0.223647-1.966666j,0.234865+1.992558j,19.627656
-1.581468-0.018480j,0.226680-1.973824j,0.231742+1.985508j,19.683915
-1.581386+0.004780j,0.229808-1.981210j,0.228498+1.978188j,19.742150
-1.580923+0.028031j,0.232925-1.988574j,0.225242+1.970845j,19.800387
-1.580082+0.051269j,0.236030-1.995916j,0.221973+1.963480j,19.858624
-1.578862+0.074486j,0.239123-2.003234j,0.218693+1.956092j,19.916861
-1.577263+0.097675j,0.242204-2.010530j,0.215401+1.948682j,19.975098
-1.576454+0.107701j,0.243534-2.013680j,0.213972+1.945467j,20.000302
-1.576454+0.107701j,0.243534-2.013680j,0.213972+1.945467j,20.000302
-1.576454+0.107705j,0.243535-2.013681j,0.213972+1.945466j,20.000312
-1.576452+0.107723j,0.243537-2.013687j,0.213969+1.945460j,20.000357
-1.576446+0.107804j,0.243548-2.013712j,0.213958+1.945434j,20.000559
-1.576415+0.108166j,0.243596-2.013826j,0.213906+1.945318j,20.001471
-1.576276+0.109797j,0.243812-2.014338j,0.213673+1.944795j,20.005571
-1.575628+0.117132j,0.244784-2.016641j,0.212626+1.942438j,20.024025
-1.573349+0.140128j,0.247826-2.023856j,0.209331+1.935026j,20.081945
-1.570697+0.163080j,0.250856-2.031048j,0.206025+1.927592j,20.139867
-1.567674+0.185979j,0.253873-2.038217j,0.202708+1.920135j,20.197788
-1.564280+0.208821j,0.256878-2.045365j,0.199380+1.912656j,20.255710
-1.560518+0.231599j,0.259870-2.052490j,0.196041+1.905154j,20.313633
-1.556387+0.254306j,0.262849-2.059593j,0.192692+1.897630j,20.371556
-1.551890+0.276936j,0.265814-2.066674j,0.189333+1.890082j,20.429479
-1.547028+0.299483j,0.268767-2.073733j,0.185964+1.882512j,20.487403
-1.541802+0.321941j,0.271706-2.080771j,0.182584+1.874920j,20.545327
-1.536214+0.344304j,0.274631-2.087786j,0.179195+1.867304j,20.603252
-1.530266+0.366565j,0.277543-2.094779j,0.175796+1.859666j,20.661177
-1.523960+0.388719j,0.280441-2.101751j,0.172388+1.852005j,20.719102
-1.517298+0.410758j,0.283324-2.108701j,0.168970+1.844321j,20.777028
-1.510282+0.432678j,0.286193-2.115630j,0.165543+1.836615j,20.834954
-1.502914+0.454472j,0.289048-2.122537j,0.162107+1.828885j,20.892881
-1.495196+0.476134j,0.291889-2.129422j,0.158662+1.821133j,20.950808
-1.487132+0.497659j,0.294714-2.136287j,0.155209+1.813358j,21.008736
-1.478723+0.519039j,0.297525-2.143130j,0.151746+1.805560j,21.066664
-1.469972+0.540271j,0.300321-2.149952j,0.148276+1.797739j,21.124592
-1.460882+0.561347j,0.303101-2.156753j,0.144797+1.789895j,21.182521
-1.451455+0.582262j,0.305867-2.163532j,0.141310+1.782029j,21.240451
-1.441696+0.603011j,0.308616-2.170291j,0.137815+1.774139j,21.298380
-1.431605+0.623587j,0.311350-2.177030j,0.134312+1.766227j,21.356311
-1.421188+0.643986j,0.314069-2.183747j,0.130801+1.758292j,21.414241
-1.410447+0.664201j,0.316771-2.190444j,0.127283+1.750334j,21.472172
-1.399386+0.684228j,0.319457-2.197120j,0.123757+1.742353j,21.530104
-1.388007+0.704060j,0.322128-2.203776j,0.120224+1.734349j,21.588036
-1.376314+0.723693j,0.324781-2.210412j,0.116684+1.726322j,21.645968
-1.364312+0.743122j,0.327419-2.217027j,0.113136+1.718273j,21.703901
-1.352003+0.762340j,0.330039-2.223622j,0.109582+1.710201j,21.761834
-1.339392+0.781343j,0.332643-2.230198j,0.106021+1.702106j,21.819767
-1.326482+0.800127j,0.335230-2.236753j,0.102454+1.693988j,21.877702
-1.313278+0.818685j,0.337800-2.243288j,0.098880+1.685847j,21.935636
-1.299783+0.837013j,0.340353-2.249804j,0.095300+1.677684j,21.993571
-1.286002+0.855107j,0.342888-2.256301j,0.091713+1.669498j,22.051506
-1.271938+0.872961j,0.345406-2.262777j,0.088120+1.661289j,22.109442
-1.257597+0.890571j,0.347907-2.269235j,0.084522+1.653058j,22.167378
-1.242982+0.907932j,0.350390-2.275673j,0.080917+1.644804j,22.225315
-1.228098+0.925040j,0.352855-2.282092j,0.077307+1.636527j,22.283252
-1.212950+0.941890j,0.355302-2.288492j,0.073691+1.628227j,22.341190
-1.197541+0.958478j,0.357730-2.294873j,0.070069+1.619905j,22.399128
-1.181878+0.974800j,0.360141-2.301235j,0.066443+1.611561j,22.457066
-1.165964+0.990851j,0.362534-2.307578j,0.062811+1.603193j,22.515005
-1.149805+1.006627j,0.364908-2.313903j,0.059173+1.594804j,22.572944
-1.133405+1.022125j,0.367263-2.320210j,0.055531+1.586391j,22.630884
-1.116770+1.037340j,0.369600-2.326498j,0.051884+1.577957j,22.688824
-1.099904+1.052269j,0.371918-2.332768j,0.048232+1.569499j,22.746765
-1.082813+1.066908j,0.374217-2.339020j,0.044575+1.561020j,22.804706
-1.065501+1.081253j,0.376497-2.345253j,0.040913+1.552518j,22.862647
-1.049783+1.093873j,0.378527-2.350832j,0.037624+1.544869j,22.914641
-1.033895+1.106251j,0.380542-2.356397j,0.034330+1.537202j,22.966635
-1.017842+1.118385j,0.382541-2.361947j,0.031034+1.529518j,23.018629
-1.001628+1.130272j,0.384524-2.367483j,0.027733+1.521815j,23.070623
-0.985256+1.141910j,0.386491-2.373005j,0.024430+1.514095j,23.122618
-0.968730+1.153297j,0.388443-2.378513j,0.021123+1.506356j,23.174613
-0.952054+1.164430j,0.390379-2.384007j,0.017813+1.498600j,23.226608
-0.935233+1.175308j,0.392299-2.389488j,0.014500+1.490826j,23.278604
-0.918271+1.185929j,0.394204-2.394955j,0.011183+1.483034j,23.330599
-0.901171+1.196289j,0.396092-2.400408j,0.007864+1.475224j,23.382596
-0.883937+1.206388j,0.397964-2.405847j,0.004541+1.467397j,23.434592
-0.866575+1.216224j,0.399819-2.411273j,0.001216+1.459551j,23.486589
-0.849087+1.225795j,0.401659-2.416686j,-0.002112+1.451688j,23.538587
-0.831479+1.235099j,0.403482-2.422085j,-0.005443+1.443807j,23.590584
-0.813754+1.244135j,0.405289-2.427472j,-0.008777+1.435908j,23.642582
-0.795918+1.252900j,0.407079-2.432845j,-0.012114+1.427992j,23.694580
-0.777973+1.261394j,0.408853-2.438205j,-0.015453+1.420058j,23.746579
-0.759924+1.269615j,0.410610-2.443552j,-0.018795+1.412106j,23.798578
-0.741776+1.277562j,0.412351-2.448887j,-0.022139+1.404137j,23.850577
-0.723533+1.285233j,0.414075-2.454208j,-0.025486+1.396150j,23.902576
-0.705200+1.292627j,0.415782-2.459517j,-0.028835+1.388145j,23.954576
-0.686780+1.299743j,0.417473-2.464814j,-0.032187+1.380123j,24.006577
-0.668278+1.306581j,0.419146-2.470097j,-0.035541+1.372083j,24.058577
-0.649699+1.313138j,0.420803-2.475369j,-0.038898+1.364026j,24.110578
-0.631047+1.319414j,0.422442-2.480628j,-0.042256+1.355951j,24.162579
-0.612326+1.325408j,0.424065-2.485875j,-0.045617+1.347859j,24.214581
-0.593541+1.331119j,0.425671-2.491109j,-0.048980+1.339749j,24.266582
-0.574696+1.336547j,0.427259-2.496332j,-0.052346+1.331622j,24.318585
-0.555796+1.341691j,0.428830-2.501542j,-0.055713+1.323477j,24.370587
-0.536846+1.346550j,0.430384-2.506741j,-0.059082+1.315315j,24.422590
-0.517849+1.351124j,0.431921-2.511928j,-0.062454+1.307135j,24.474593
-0.498810+1.355412j,0.433440-2.517103j,-0.065827+1.298938j,24.526597
-0.479734+1.359414j,0.434942-2.522266j,-0.069202+1.290724j,24.578600
-0.460625+1.363130j,0.436426-2.527418j,-0.072580+1.282492j,24.630605
-0.441487+1.366559j,0.437893-2.532558j,-0.075959+1.274243j,24.682609
-0.422326+1.369702j,0.439342-2.537687j,-0.079340+1.265976j,24.734614
-0.403145+1.372558j,0.440774-2.542805j,-0.082723+1.257692j,24.786619
-0.383950+1.375128j,0.442188-2.547911j,-0.086107+1.249391j,24.838625
-0.364744+1.377410j,0.443585-2.553006j,-0.089493+1.241072j,24.890631
-0.345532+1.379406j,0.444963-2.558090j,-0.092882+1.232736j,24.942637
-0.326319+1.381116j,0.446324-2.563162j,-0.096271+1.224383j,24.994643
-0.323509+1.381342j,0.446522-2.563903j,-0.096767+1.223160j,25.002244
-0.323509+1.381342j,0.446522-2.563903j,-0.096767+1.223160j,25.002244
-0.323506+1.381342j,0.446522-2.563904j,-0.096768+1.223158j,25.002254
-0.323489+1.381344j,0.446523-2.563909j,-0.096771+1.223151j,25.002299
-0.323414+1.381350j,0.446528-2.563928j,-0.096784+1.223119j,25.002502
-0.323077+1.381376j,0.446552-2.564017j,-0.096843+1.222972j,25.003413
-0.321561+1.381495j,0.446658-2.564417j,-0.097111+1.222312j,25.007514
-0.314741+1.382008j,0.447136-2.566214j,-0.098315+1.219340j,25.025971
-0.296967+1.383176j,0.448369-2.570893j,-0.101454+1.211585j,25.074096
-0.279201+1.384100j,0.449587-2.575562j,-0.104595+1.203815j,25.122221
-0.261448+1.384779j,0.450790-2.580222j,-0.107737+1.196031j,25.170347
-0.243710+1.385215j,0.451978-2.584873j,-0.110880+1.188231j,25.218472
-0.225991+1.385407j,0.453150-2.589515j,-0.114025+1.180417j,25.266598
-0.208294+1.385357j,0.454306-2.594148j,-0.117171+1.172588j,25.314725
-0.190624+1.385064j,0.455447-2.598771j,-0.120319+1.164744j,25.362851
-0.172982+1.384530j,0.456573-2.603386j,-0.123467+1.156885j,25.410978
-0.155374+1.383755j,0.457683-2.607992j,-0.126617+1.149012j,25.459105
-0.137802+1.382741j,0.458777-2.612589j,-0.129768+1.141123j,25.507232
-0.120270+1.381486j,0.459856-2.617177j,-0.132921+1.133220j,25.555360
-0.102781+1.379993j,0.460919-2.621757j,-0.136074+1.125302j,25.603488
-0.085339+1.378263j,0.461966-2.626328j,-0.139229+1.117370j,25.651616
-0.067946+1.376296j,0.462998-2.630890j,-0.142385+1.109423j,25.699744
-0.050607+1.374093j,0.464014-2.635444j,-0.145542+1.101460j,25.747873
-0.033325+1.371655j,0.465014-2.639989j,-0.148701+1.093483j,25.796002
-0.016103+1.368984j,0.465999-2.644526j,-0.151860+1.085492j,25.844131
0.001056+1.366081j,0.466967-2.649054j,-0.155021+1.077485j,25.892260
0.018148+1.362946j,0.467920-2.653574j,-0.158183+1.069464j,25.940390
0.035170+1.359581j,0.468857-2.658086j,-0.161346+1.061428j,25.988520
0.052118+1.355987j,0.469777-2.662590j,-0.164510+1.053377j,26.036650
0.068990+1.352165j,0.470682-2.667085j,-0.167675+1.045311j,26.084781
0.085783+1.348118j,0.471571-2.671573j,-0.170842+1.037230j,26.132912
0.102492+1.343845j,0.472444-2.676052j,-0.174009+1.029135j,26.181043
0.119116+1.339350j,0.473301-2.680523j,-0.177177+1.021025j,26.229174
0.135650+1.334633j,0.474142-2.684986j,-0.180347+1.012900j,26.277306
0.152091+1.329695j,0.474966-2.689442j,-0.183518+1.004760j,26.325438
0.168437+1.324539j,0.475775-2.693889j,-0.186689+0.996605j,26.373570
0.184685+1.319166j,0.476567-2.698328j,-0.189862+0.988435j,26.421702
0.200831+1.313578j,0.477343-2.702760j,-0.193036+0.980250j,26.469835
0.216872+1.307776j,0.478103-2.707184j,-0.196211+0.972051j,26.517968
0.232806+1.301762j,0.478847-2.711601j,-0.199387+0.963836j,26.566101
0.248629+1.295539j,0.479574-2.716009j,-0.202564+0.955606j,26.614235
0.264339+1.289107j,0.480285-2.720410j,-0.205742+0.947362j,26.662369
0.279932+1.282469j,0.480980-2.724804j,-0.208921+0.939102j,26.710503
0.295406+1.275627j,0.481658-2.729190j,-0.212101+0.930828j,26.758637
0.310757+1.268583j,0.482320-2.733568j,-0.215282+0.922538j,26.806772
0.325984+1.261339j,0.482966-2.737939j,-0.218464+0.914234j,26.854907
0.341083+1.253896j,0.483595-2.742303j,-0.221647+0.905914j,26.903042
0.356052+1.246257j,0.484208-2.746659j,-0.224831+0.897579j,26.951178
0.370887+1.238425j,0.484804-2.751008j,-0.228017+0.889230j,26.999313
0.385586+1.230401j,0.485383-2.755350j,-0.231203+0.880865j,27.047449
0.400147+1.222187j,0.485946-2.759684j,-0.234390+0.872484j,27.095586
0.414567+1.213787j,0.486493-2.764012j,-0.237579+0.864089j,27.143722
0.428844+1.205201j,0.487022-2.768332j,-0.240768+0.855678j,27.191859
0.442974+1.196433j,0.487535-2.772645j,-0.243958+0.847253j,27.239996
0.456955+1.187485j,0.488032-2.776950j,-0.247150+0.838811j,27.288134
0.470785+1.178359j,0.488511-2.781249j,-0.250342+0.830355j,27.336272
0.484462+1.169057j,0.488974-2.785541j,-0.253536+0.821883j,27.384410
0.497983+1.159583j,0.489420-2.789826j,-0.256730+0.813396j,27.432548
0.511345+1.149939j,0.489850-2.794104j,-0.259926+0.804893j,27.480686
0.524547+1.140127j,0.490262-2.798375j,-0.263122+0.796375j,27.528825
0.537586+1.130149j,0.490658-2.802639j,-0.266320+0.787842j,27.576964
0.550460+1.120010j,0.491036-2.806896j,-0.269519+0.779293j,27.625104
0.563167+1.109710j,0.491398-2.811146j,-0.272718+0.770728j,27.673243
0.575704+1.099253j,0.491743-2.815390j,-0.275919+0.762148j,27.721383
0.588070+1.088641j,0.492071-2.819627j,-0.279121+0.753552j,27.769524
0.599048+1.078964j,0.492351-2.823433j,-0.282003+0.745805j,27.812832
0.609883+1.069166j,0.492617-2.827234j,-0.284885+0.738045j,27.856141
0.620576+1.059249j,0.492870-2.831029j,-0.287769+0.730273j,27.899450
0.631123+1.049215j,0.493109-2.834819j,-0.290653+0.722487j,27.942759
0.641525+1.039067j,0.493334-2.838604j,-0.293538+0.714689j,27.986069
0.651779+1.028806j,0.493545-2.842384j,-0.296424+0.706878j,28.029378
0.661884+1.018435j,0.493742-2.846158j,-0.299311+0.699054j,28.072688
0.671839+1.007955j,0.493925-2.849926j,-0.302199+0.691217j,28.115998
0.681642+0.997368j,0.494094-2.853690j,-0.305088+0.683367j,28.159308
0.691294+0.986678j,0.494249-2.857448j,-0.307978+0.675505j,28.202619
0.700791+0.975886j,0.494390-2.861201j,-0.310868+0.667629j,28.245929
0.710133+0.964993j,0.494517-2.864948j,-0.313760+0.659740j,28.289240
0.719319+0.954004j,0.494629-2.868691j,-0.316652+0.651838j,28.332551
0.728348+0.942918j,0.494728-2.872428j,-0.319545+0.643923j,28.375863
0.737219+0.931740j,0.494813-2.876160j,-0.322440+0.635994j,28.419174
0.745931+0.920471j,0.494883-2.879887j,-0.325335+0.628053j,28.462486
0.754482+0.909112j,0.494939-2.883609j,-0.328231+0.620098j,28.505798
0.762872+0.897668j,0.494981-2.887326j,-0.331128+0.612130j,28.549110
0.771099+0.886139j,0.495009-2.891037j,-0.334026+0.604148j,28.592422
0.779164+0.874529j,0.495022-2.894744j,-0.336925+0.596153j,28.635734
0.787064+0.862838j,0.495021-2.898445j,-0.339825+0.588145j,28.679047
0.794799+0.851071j,0.495005-2.902141j,-0.342726+0.580123j,28.722360
0.802369+0.839228j,0.494976-2.905833j,-0.345628+0.572088j,28.765673
0.809772+0.827313j,0.494932-2.909519j,-0.348531+0.564039j,28.808987
0.817007+0.815327j,0.494873-2.913200j,-0.351435+0.555976j,28.852300
0.824075+0.803274j,0.494800-2.916876j,-0.354340+0.547900j,28.895614
0.830974+0.791154j,0.494712-2.920547j,-0.357245+0.539810j,28.938928
0.837703+0.778972j,0.494610-2.924213j,-0.360152+0.531706j,28.982242
0.844263+0.766728j,0.494493-2.927874j,-0.363060+0.523588j,29.025556
0.850652+0.754426j,0.494362-2.931530j,-0.365969+0.515457j,29.068871
0.856869+0.742068j,0.494216-2.935181j,-0.368879+0.507311j,29.112186
0.862915+0.729656j,0.494055-2.938827j,-0.371790+0.499151j,29.155501
0.868789+0.717192j,0.493880-2.942468j,-0.374703+0.490978j,29.198816
0.874490+0.704679j,0.493690-2.946105j,-0.377616+0.482790j,29.242131
0.880018+0.692120j,0.493485-2.949736j,-0.380530+0.474588j,29.285447
0.885373+0.679516j,0.493265-2.953362j,-0.383445+0.466372j,29.328763
0.890553+0.666871j,0.493030-2.956983j,-0.386362+0.458141j,29.372079
0.895560+0.654186j,0.492781-2.960600j,-0.389279+0.449896j,29.415395
0.900391+0.641464j,0.492516-2.964211j,-0.392198+0.441637j,29.458711
0.905048+0.628707j,0.492237-2.967818j,-0.395118+0.433363j,29.502028
0.909531+0.615918j,0.491942-2.971420j,-0.398039+0.425074j,29.545345
0.913838+0.603100j,0.491633-2.975016j,-0.400961+0.416771j,29.588662
0.917969+0.590254j,0.491308-2.978608j,-0.403884+0.408454j,29.631979
0.921925+0.577383j,0.490969-2.982195j,-0.406808+0.400121j,29.675297
0.925706+0.564489j,0.490614-2.985777j,-0.409733+0.391774j,29.718615
0.929310+0.551575j,0.490244-2.989354j,-0.412660+0.383411j,29.761933
0.932740+0.538644j,0.489858-2.992926j,-0.415588+0.375034j,29.805251
0.935993+0.525697j,0.489458-2.996494j,-0.418517+0.366642j,29.848569
0.939071+0.512737j,0.489042-3.000056j,-0.421447+0.358234j,29.891888
0.941973+0.499767j,0.488610-3.003614j,-0.424378+0.349811j,29.935206
0.944700+0.486789j,0.488164-3.007166j,-0.427311+0.341373j,29.978525
0.946374+0.478374j,0.487866-3.009466j,-0.429212+0.335896j,30.006592
0.946374+0.478374j,0.487866-3.009466j,-0.429212+0.335896j,30.006592
