-0.25+0j,-0.693147169384073+3.1415925977104395j,-0.693147169384073+3.1415925977104395j,0
-0.2500103853071535-1.783348071108001e-05j,-0.6976752570063163+3.149469499717412j,-0.6886191041135743+3.133715807462174j,1.4999376869295762e-06
-0.2500164911440281-2.8307186313883004e-05j,-0.698834368185331+3.1515480069850423j,-0.6874269349806674+3.1316939527012058j,2.610276221992251e-06
-0.250021607863828-3.709284886473672e-05j,-0.6996470051215491+3.1530053261271984j,-0.686589657101727+3.130278924193699j,3.6761116799381343e-06
-0.250026173969019-4.493580457214276e-05j,-0.7002935462948046+3.15416646000947j,-0.6859222143531464+3.129153675976859j,4.7231998465426275e-06
-0.2500303701899013-5.2144776609430716e-05j,-0.7008391181706024+3.155147842191003j,-0.6853579781793595+3.128204342657759j,5.759879155318885e-06
-0.2500342934672938-5.888568247222289e-05j,-0.7013156483705445+3.1560063818032287j,-0.6848643185362397+3.127375218277945j,6.7899261702007e-06
-0.25003800343392757-6.526068823934366e-05j,-0.7017414554462114+3.1567746824989866j,-0.684422522355801+3.126634375560506j,7.815374965800096e-06
-0.25004154007345203-7.13383366005603e-05j,-0.702128139151025+3.157473373487956j,-0.6840207421897658+3.125961610173412j,8.837447343487474e-06
-0.25004493184330684-7.716742957268907e-05j,-0.7024835633672116+3.158116434146999j,-0.6836509464697245+3.125343230468898j,9.856934865854233e-06
-0.2500481999070483-8.278426992722186e-05j,-0.702813333780578+3.1587138274506286j,-0.6833074096343227+3.124769479208249j,1.0874379769559858e-05
-0.2500513605442384-8.821678756408193e-05j,-0.7031216034807419+3.159272934118726j,-0.6829858892914069+3.1242331289593923j,1.1890169781136097e-05
-0.2500544266174646-9.34870527924471e-05j,-0.7034115449705491+3.1597993922710206j,-0.682683144229018+3.123728659554438j,1.2904591753921924e-05
-0.25005740851333386-9.861288907220192e-05j,-0.703685642753099+3.160297617633699j,-0.6823966356893945+3.123251748412714j,1.3917863880263774e-05
-0.25006031477202456-0.00010360895231210541j,-0.7039458831184396+3.160771140844783j,-0.6821243336182853+3.1227989400360037j,1.4930155992124851e-05
-0.250063152523347-0.0001084874786248343j,-0.7041938819364569+3.1612228345180378j,-0.6818645862089158+3.1223674235143126j,1.5941602873289443e-05
-0.25006592779770215-0.00011325881765770792j,-0.7044309734459016+3.1616550709748465j,-0.6816160292636226+3.1219548779676947j,1.695231328479994e-05
-0.25006864575339255-0.00011793182251590325j,-0.704658273612002+3.16206983478345j,-0.6813775215155683+3.1215593622737012j,1.7962376260258276e-05
-0.2500713108463736-0.00012251414098523642j,-0.7048767263885853+3.1624688049256626j,-0.6811480974005646+3.1211792345588667j,1.8971865605666892e-05
-0.2500739269594014-0.0001270124371185651j,-0.7050871381810465+3.1628534160042876j,-0.6809269318725789+3.1208130922298576j,1.9980843185248035e-05
-0.25007649750191047-0.00013143256261498564j,-0.7052902039757244+3.163224904649085j,-0.6807133137255518+3.1204597265096363j,2.098936136622068e-05
-0.25007902548838207-0.00013577969130166358j,-0.70548652746252+3.16358434525497j,-0.6805066250465739+3.1201180874275307j,2.199746486832016e-05
-0.2500815136006372-0.00014005842603535587j,-0.705676636749023+3.16393267789137j,-0.68030632516914+3.119787256480937j,2.3005192183927417e-05
-0.25008396423792995-0.00014427288467245018j,-0.705860996786467+3.1642707303724786j,-0.6801119379830216+3.119466425018627j,2.401257668314004e-05
-0.25008637955765584-0.0001484267699348337j,-0.7060400193072223+3.1645992359085926j,-0.6799230417845321+3.1191548769538247j,2.5019647484106067e-05
-0.2500887615087495-0.00015252342673137423j,-0.7062140708541057+3.164918847368974j,-0.6797392610749063+3.118851974797206j,2.602643014602285e-05
-0.25009111185932414-0.00015656588959737618j,-0.7063834793288716+3.1652301489150974j,-0.6795602598705839+3.1185571482661447j,2.7032947226466685e-05
-0.2500934322197283-0.0001605569222689353j,-0.7065485393789138+3.1655336655707584j,-0.6793857361997494+3.118269884915085j,2.803921873372704e-05
-0.25009572406192004-0.00016449905093821076j,-0.7067095168633059+3.1658298711571913j,-0.6792154175389961+3.117989722367497j,2.904526249702148e-05
-0.2500979887358579-0.00016839459238752634j,-0.7068666525825015+3.1661191949204737j,-0.6790490570019475+3.117716241828723j,3.0051094471855825e-05
-0.2501002274834539-0.00017224567793976177j,-0.707020165414088+3.166402027104049j,-0.6788864301344778+3.1174490626319864j,3.105672899370259e-05
-0.25010244145052046-0.00017605427396544468j,-0.7071702549656524+3.1666787236635696j,-0.678727332203141+3.117187837624356j,3.206217899015104e-05
-0.25010463169705505-0.00017982219953632873j,-0.7073171038321736+3.166949610279275j,-0.6785715758875651+3.1169322492405946j,3.306745615942893e-05
-0.250106799206138-0.00018355114169899887j,-0.7074608795273082+3.1672149857890854j,-0.6784189893059805+3.116682006144226j,3.4072571121496126e-05
-0.250108944891667-0.00018724266875153164j,-0.7076017361440577+3.167475125140943j,-0.6782694143172243+3.1164368403392957j,3.507753354661668e-05
-0.25011106960511015-0.000190898241835173j,-0.7077398157895183+3.167730281943779j,-0.6781227050535727+3.1161965046750737j,3.6082352265321084e-05
-0.2501131741414261-0.00019451922509676473j,-0.7078752498299723+3.167980690681513j,-0.6779787266473702+3.1159607706806196j,3.7087035362900494e-05
-0.25011525924427447-0.00019810689463283174j,-0.7080081599759275+3.168226568642646j,-0.6778373541212201+3.115729426677724j,3.809159026097245e-05
-0.25011732561061867-0.0002016624463902748j,-0.7081386592314128+3.1684681176086436j,-0.6776984714169061+3.115502276129935j,3.909602378818429e-05
-0.2501193738948056-0.00020518700316956177j,-0.708266852727614+3.168705525336762j,-0.6775619705425302+3.1152791361927497j,4.0100342241745156e-05
-0.25012140471219385-0.0002086816208527031j,-0.708392838457523+3.1689389668669525j,-0.6774277508208352+3.115059836435951j,4.1104551441178234e-05
-0.25012341864239024-0.000212147293959003j,-0.7085167079255187+3.16916860567755j,-0.6772957182244913+3.1148442177139066j,4.210865677544436e-05
-0.25012541623214574-0.0002155849606157233j,-0.70863854672355+3.169394594710495j,-0.6771657847864252+3.11463213116351j,4.3112663244394474e-05
-0.25012739799795325-0.00021899550701770065j,-0.7087584350437521+3.1696170772835477j,-0.6770378680751435+3.1144234373126807j,4.4116575495350657e-05
-0.2501293644283849-0.00022237977143908975j,-0.7088764481358152+3.169836187904271j,-0.6769118907265523+3.114218005284943j,4.5120397855486906e-05
-0.25013131598619986-0.00022573854785134034j,-0.7089926567161707+3.170052052998349j,-0.6767877800250507+3.1140157120878045j,4.61241343605755e-05
-0.25013325311024953-0.00022907258919392561j,-0.7091071273350238+3.1702647915629405j,-0.6766654675277386+3.1138164419744454j,4.712778878057766e-05
-0.25013517621720427-0.0002323826103379546j,-0.709219922706389+3.1704745157542398j,-0.676544888726467+3.1136200858697474j,4.8131364642485325e-05
-0.25013708570312126-0.00023566929077741003j,-0.7093311020055626+3.1706813314171223j,-0.6764259827431987+3.113426540852957j,4.913486525076092e-05
-0.2501389819448713-0.0002389332770781826j,-0.709440721137851+3.170885338563664j,-0.6763086920547755+3.1132357096903363j,5.0138293705672034e-05
-0.2501408653014396-0.00024217518511118473j,-0.7095488329818596+3.1710866318064053j,-0.6761929622437147+3.113047500412057j,5.114165291977582e-05
-0.25014273611511467-0.00024539560209250756j,-0.7096554876102076+3.171285300751458j,-0.676078741772103+3.112861825928352j,5.2144945632772886e-05
-0.25014459471257594-0.00024859508845074076j,-0.7097607324901622+3.171481430355883j,-0.6759659817760401+3.1126786036805902j,5.314817442492036e-05
-0.2501464414058915-0.0002517741795391317j,-0.7098646126663685+3.171675101253212j,-0.6758546358784057+3.112497755323488j,5.415134172916871e-05
-0.2501482764934341-0.00025493338720815377j,-0.7099671709275774+3.1718663900504946j,-0.6757446600180051+3.1123192064351506j,5.515444984216527e-05
-0.25015010026072404-0.00025807320125223297j,-0.7100684479590438+3.17205536959984j,-0.6756360122933832+3.1121428862520344j,5.615750093424921e-05
-0.25015191298120604-0.0002611940907428019j,-0.7101684824820601+3.1722421092470667j,-0.6755286528198065+3.1119687274262797j,5.716049705854683e-05
-0.2501537149169657-0.0002642965052584787j,-0.7102673113819234+3.1724266750597616j,-0.6754225435980884+3.111796665803163j,5.8163440159262566e-05
-0.25015550631939204-0.00026738087602197133j,-0.7103649698254779+3.172609130036783j,-0.6753176483940876+3.1116266402166737j,5.9166332079249796e-05
-0.25015728742979054-0.0002704476169522622j,-0.7104614913692465+3.17278953430101j,-0.6752139326278421+3.1114585923014615j,6.0169174566934976e-05
-0.2501590584799511-0.00027349712563971146j,-0.7105569080590517+3.1729679452769384j,-0.6751113632714203+3.1112924663195827j,6.117196928266047e-05
-0.2501608196926755-0.00027652978425091396j,-0.7106512505219242+3.1731444178545454j,-0.6750099087546688+3.1111282090006576j,6.217471780450353e-05
-0.250162571282267-0.0002795459603694364j,-0.7107445480510141+3.1733190045406925j,-0.6749095388781294+3.110965769394202j,6.317742163362265e-05
-0.2501643134549862-0.00028254600777793677j,-0.7108368286841384+3.1734917555991973j,-0.6748102247324722+3.1108050987330182j,6.418008219917647e-05
-0.2501660464094754-0.00028553026718661695j,-0.7109281192765384+3.1736627191805904j,-0.6747119386238625+3.1106461503066636j,6.518270086285573e-05
-0.25016777033715437-0.0002884990669124696j,-0.7110184455683533+3.1738319414424634j,-0.6746146540047392+3.110488879344102j,6.618527892306409e-05
-0.25016948542258993-0.00029145272351334785j,-0.7111078322472714+3.173999466661225j,-0.674518345409535+3.110333242904745j,6.718781761878013e-05
-0.250171191843841-0.00029439154238049996j,-0.7111963030067702+3.174165337335999j,-0.6744229883949172+3.110179199777164j,6.819031813312912e-05
-0.2501728897727817-0.00029731581829286775j,-0.7112838806003163+3.174329594285325j,-0.674328559484167+3.1100267103848283j,6.919278159669046e-05
-0.2501745793754036-0.00030022583593614094j,-0.7113705868918617+3.1744922767372588j,-0.6742350361153566+3.1098757366982834j,7.019520909056386e-05
-0.25017626081209954-0.00030312187038928576j,-0.7114564429029377+3.1746534224134093j,-0.6741423965930117+3.1097262421532488j,7.119760164921506e-05
-0.25017793423792933-0.00030600418758102056j,-0.7115414688566221+3.174813067607407j,-0.67405062004298+3.1095781915741507j,7.219996026311987e-05
-0.2501795998028697-0.0003088730447184911j,-0.7116256842186275+3.174971247258238j,-0.6739596863702506+3.109431551102663j,7.320228588122347e-05
-0.25018125765204896-0.00031172869069020045j,-0.711709107735737+3.1751279950188507j,-0.6738695762194931+3.109286288130861j,7.420457941323024e-05
-0.250182907925968-0.00031457136644507045j,-0.7117917574717915+3.175283343320398j,-0.6737802709381063+3.1091423712386344j,7.520684173173782e-05
-0.2501845507607081-0.0003174013053493518j,-0.7118736508414156+3.175437323432453j,-0.6736917525415864+3.10899977013503j,7.620907367422814e-05
-0.2501861862881271-0.00032021873352295417j,-0.7119548046416541+3.175589965519489j,-0.6736040036810376+3.108858455603232j,7.721127604492667e-05
-0.2501878146360441-0.0003230238701566383j,-0.7120352350816704+3.1757412986939157j,-0.6735170076126694+3.1087183994489105j,7.821344961654013e-05
-0.250189435928414-0.0003258169278113925j,-0.7121149578106539+3.175891351065914j,-0.6734307481691328+3.1085795744516846j,7.921559513188233e-05
-0.2501910502854921-0.00032859811270120984j,-0.7121939879440611+3.1760401497903037j,-0.6733452097325631+3.1084419543194852j,8.021771330539635e-05
-0.2501926578239902-0.00033136762496038406j,-0.7122723400883133+3.1761877211106544j,-0.6732603772092075+3.1083055136456004j,8.121980482458116e-05
-0.2501942586572236-0.0003341256588963546j,-0.712350028364058+3.17633409040084j,-0.673176236005526+3.108170227868219j,8.222187035132962e-05
-0.25019585289525076-0.00033687240322905024j,-0.7124270664280944+3.176479282204206j,-0.6730927720056625+3.1080360732322982j,8.322391052318448e-05
-0.2501974406450053-0.00033960804131760833j,-0.712503467494055+3.176623320270519j,-0.673009971550192+3.1079030267535948j,8.422592595451829e-05
-0.25019902201042143-0.00034233275137527834j,-0.7125792443519285+3.1767662275908526j,-0.6729278214160573+3.107771066184709j,8.522791723764268e-05
-0.25020059709255255-0.00034504670667325984j,-0.712654409386501+3.1769080264305365j,-0.6728463087976151+3.107640169983012j,8.622988494385212e-05
-0.250202165989684-0.00034775007573416706j,-0.712728974594788+3.1770487383603125j,-0.6727654212887181+3.1075103172803296j,8.723182962440653e-05
-0.2502037287974402-0.0003504430225157623j,-0.7128029516025234+3.177188384285802j,-0.6726851468657653+3.1073814878542616j,8.82337518114573e-05
-0.25020528560888644-0.00035312570658555437j,-0.7128763516797665+3.177326984475403j,-0.6726054738716568+3.1072536621010394j,8.923565201892024e-05
-0.2502068365146256-0.00035579828328681366j,-0.712949185755684+3.1774645585867125j,-0.672526391000596+3.107126821009816j,9.023753074329944e-05
-0.2502083816028901-0.0003584609038965183j,-0.713021464432559+3.177601125691573j,-0.6724478872836853+3.107000946138302j,9.123938846446495e-05
-0.25020992095962963-0.00036111371577570816j,-0.7130931979990754+3.1777367042998192j,-0.6723699520752656+3.1068760195896603j,9.22412256463876e-05
-0.25021145466859457-0.0003637568625126912j,-0.7131643964429237+3.1778713123818205j,-0.6722925750399525+3.106752023990582j,9.324304273783371e-05
-0.25021298281141546-0.00036639048405951553j,-0.7132350694627679+3.1780049673898785j,-0.6722157461403283+3.1066289424704725j,9.424484017302222e-05
-0.25021450546767904-0.0003690147168620932j,-0.713305226479615+3.178137686278558j,-0.6721394556252481+3.1065067586416775j,9.52466183722467e-05
-0.2502160227150004-0.00037162969398433484j,-0.7133748766476203+3.1782694855240132j,-0.6720636940187249+3.1063854565806897j,9.62483777424645e-05
-0.25021753462909196-0.00037423554522663126j,-0.7134440288643641+3.1784003811423687j,-0.6719884521093572+3.106265020810276j,9.725011867785507e-05
-0.25021904128382977-0.0003768323972389952j,-0.7135126917806295+3.178530388707208j,-0.6719137209402698+3.10614543628247j,9.82518415603493e-05
-0.2502205427513161-0.00037942037362915664j,-0.7135808738097117+3.1786595233662287j,-0.6718394917995353+3.1060266883623817j,9.925354676013182e-05
-0.25022203910193996-0.0003819995950658857j,-0.7136485831362845+3.178787799857103j,-0.6717657562110506+3.1059087628127764j,0.00010025523463611775
-0.2502235304044345-0.0003845701793778001j,-0.7137158277248502+3.178915232522598j,-0.6716925059258416+3.105791645779377j,0.00010125690553640555
-0.2502250167259322-0.000387132241647897j,-0.713782615327796+3.1790418353249894j,-0.6716197329137716+3.1056753237768535j,0.00010225855979870728
-0.2502264981320175-0.0003896858943040358j,-0.713848953493079+3.1791676218598157j,-0.671547429355632+3.1055597836754547j,0.00010326019775075778
-0.25022797468677754-0.00039223124720558184j,-0.7139148495715605+3.179292605369002j,-0.6714755876355928+3.105445012688253j,0.00010426181971070381
-0.25022944645285017-0.0003947684077264109j,-0.7139803107240089+3.1794167987533934j,-0.671404200333994+3.105330998358965j,0.00010526342598747442
-0.25023091349147064-0.0003972974808344596j,-0.7140453439277891+3.17954021458473j,-0.671333260220459+3.105217728550316j,0.00010626501688113366
-0.25023237586251595-0.0003998185691679982j,-0.7141099559832544+3.1796628651170864j,-0.6712627602473138+3.105105191432922j,0.00010726659268321651
-0.2502338336245475-0.000402331773108789j,-0.7141741535198595+3.179784762297817j,-0.6711926935432933+3.104993375474658j,0.0001082681536770491
-0.2502352868348518-0.0004048371908522867j,-0.714237943002005+3.179905917778019j,-0.671123053407522+3.1048822694304934j,0.00010926970013805399
-0.25023673554948017-0.0004073349184750257j,-0.7143013307346324+3.1800263429225484j,-0.6710538333037538+3.10477186233276j,0.00011027123233404144
-0.25023817982328606-0.00040982504999933237j,-0.714364322868578+3.180146048819608j,-0.6709850268548572+3.1046621434818396j,0.00011127275052548735
-0.2502396197099615-0.0004123076774554911j,-0.7144269254057015+3.1802650462899322j,-0.6709166278375334+3.1045531024372446j,0.00011227425496579868
-0.2502410552620719-0.00041478289094148724j,-0.7144891442037988+3.1803833458955832j,-0.670848630177256+3.104444729009073j,0.00011327574590156689
-0.25024248653108944-0.00041725077868044134j,-0.7145509849813108+3.1805009579483854j,-0.6707810279434211+3.1043370132498183j,0.00011427722357281017
-0.2502439135674253-0.00041971142707584395j,-0.7146124533218375+3.180617892518011j,-0.6707138153446954+3.1042299454465163j,0.00011527868821320507
-0.25024533642046076-0.00042216492076469354j,-0.714673554678469+3.1807341594397363j,-0.6706469867245562+3.104123516113216j,0.00011628014005030784
-0.2502467551385768-0.00042461134266863476j,-0.7147342943779396+3.1808497683218864j,-0.6705805365570099+3.104017715983751j,0.00011728157930576638
-0.25024816976918296-0.000427050774043189j,-0.7147946776246156+3.1809647285529774j,-0.6705144594424829+3.1039125360048043j,0.00011828300619552302
-0.2502495803587449-0.00042948329452516357j,-0.7148547095043253+3.181079049308578j,-0.670448750103876+3.103807967329247j,0.00011928442093000864
-0.250250986952811-0.00043190898217832256j,-0.7149143949880363+3.1811927395578996j,-0.6703834033827736+3.103704001309743j,0.00012028582371432864
-0.25025238959603807-0.0004343279135373962j,-0.7149737389353901+3.1813058080701295j,-0.670318414235802+3.1036006294925995j,0.00012128721474844116
-0.2502537883322161-0.00043674016365050333j,-0.7150327460980982+3.181418263420518j,-0.6702537777311275+3.1034978436118608j,0.00012228859422732784
-0.250255183204292-0.0004391458061200564j,-0.715091421123209+3.181530113996232j,-0.6701894890450905+3.1033956355836265j,0.00012328996234115764
-0.25025657425439274-0.00044154491314221515j,-0.7151497685562489+3.181641368001984j,-0.6701255434589665+3.1032939975005878j,0.00012429131927544384
-0.2502579615238473-0.0004439375555449524j,-0.7152077928442445+3.181752033465452j,-0.6700619363558507+3.1031929216267704j,0.0001252926652111949
-0.2502593450532085-0.0004463238028247909j,-0.7152654983386316+3.181862118242493j,-0.669998663217659+3.1030924003924754j,0.00012629400032505907
-0.2502607248822732-0.0004487037231822679j,-0.7153228892980559+3.181971630022161j,-0.6699357196222404+3.1029924263894078j,0.00012729532478946323
-0.2502621010501025-0.00045107738355618234j,-0.7153799698910692+3.1820805763315456j,-0.6698731012405961+3.102892992365986j,0.00012829663877274652
-0.25026347359504114-0.0004534448496566738j,-0.7154367441987283+3.182188964540428j,-0.6698108038342006+3.102794091222823j,0.00012929794243928837
-0.25026484255473597-0.0004558061859971837j,-0.7154932162170975+3.1822968018657702j,-0.6697488232524198+3.102695716008372j,0.00013029923594963175
-0.25026620796615384-0.00045816145592534376j,-0.7155493898596621+3.1824040953760417j,-0.6696871554300227+3.10259785991473j,0.00013130051946060164
-0.25026756986559934-0.0004605107216528361j,-0.7156052689596547+3.1825108519953917j,-0.6696257963847814+3.1025005162735897j,0.00013230179312541903
-0.2502689282887313-0.00046285404428426653j,-0.715660857272299+3.182617078507674j,-0.6695647422151569+3.102403678552339j,0.00013330305709381035
-0.2502702832705794-0.0004651914838450915j,-0.7157161584769743+3.1827227815603285j,-0.6695039890980665+3.102307340350294j,0.00013430431151211308
-0.2502716348455595-0.0004675230993086355j,-0.7157711761793042+3.182827967668127j,-0.6694435332867285+3.102211495395067j,0.0001353055565233772
-0.2502729830474892-0.0004698489486222365j,-0.7158259139131725+3.1829326432167915j,-0.6693833711085824+3.10211613753906j,0.00013630679226746284
-0.25027432790960263-0.0004721690887325524j,-0.7158803751426701+3.183036814466484j,-0.6693234989632807+3.1020212607560778j,0.00013730801888113458
-0.25027566946456453-0.0004744835756100622j,-0.7159345632639743+3.1831404875551805j,-0.6692639133207494+3.101926859138061j,0.00013830923649815201
-0.25027700774448414-0.0004767924642727935j,-0.715988481607165+3.1832436685019285j,-0.6692046107193137+3.1018329268919245j,0.00013931044524935715
-0.25027834278092864-0.00047909580880930514j,-0.7160421334379791+3.1833463632099948j,-0.6691455877638878+3.101739458336507j,0.0001403116452627587
-0.25027967460493616-0.0004813936624009541j,-0.716095521959506+3.1834485774699086j,-0.6690868411242246+3.101646447899623j,0.00014131283666361325
-0.2502810032470283-0.00048368607734347455j,-0.7161486503138271+3.1835503169624038j,-0.6690283675332239+3.1015538901152078j,0.0001423140195745036
-0.2502823287372223-0.0004859731050678937j,-0.716201521583601+3.183651587261262j,-0.6689701637852966+3.1014617796205646j,0.00014331519411541434
-0.2502836511050429-0.0004882547961608103j,-0.7162541387935959+3.183752393836066j,-0.6689122267347816+3.1013701111536953j,0.0001443163604038047
-0.25028497037953396-0.0004905312003840597j,-0.7163065049121735+3.1838527420548606j,-0.6688545532944151+3.1012788795507222j,0.00014531751855467896
-0.25028628658926927-0.0004928023666937867j,-0.7163586228527237+3.1839526371867284j,-0.6687971404338493+3.1011880797433906j,0.00014631866868065449
-0.2502875997623636-0.0004950683432589502j,-0.7164104954750531+3.1840520844042843j,-0.668739985178218+3.1010977067566534j,0.00014731981089202714
-0.25028890992648295-0.0004973291774792783j,-0.7164621255867305+3.184151088786088j,-0.6686830846067481+3.101007755706333j,0.00014832094529683475
-0.25029021710885496-0.0004995849160026948j,-0.7165135159443883+3.1842496553189834j,-0.6686264358514158+3.1009182217968556j,0.00014932207200091835
-0.2502915213362786-0.0005018356047422364j,-0.7165646692549834+3.1843477889003604j,-0.668570036095644+3.1008291003190585j,0.00015032319110798128
-0.25029282263513364-0.0005040812888924778j,-0.7166155881770192+3.1844454943403497j,-0.6685138825730409+3.1007403866480643j,0.0001513243027196464
-0.25029412103139037-0.0005063220129454835j,-0.7166662753217288+3.1845427763639482j,-0.6684579725661776+3.100652076241224j,0.00015232540693551136
-0.25029541655061815-0.000508557820706301j,-0.716716733254222+3.1846396396130783j,-0.6684023034054034+3.1005641646361206j,0.00015332650385320201
-0.2502967092179945-0.0005107887553080142j,-0.7167669644945975+3.184736088648585j,-0.6683468724676975+3.100476647448635j,0.0001543275935684242
-0.25029799905831346-0.0005130148592263702j,-0.7168169715190205+3.1848321279521716j,-0.6682916771755553+3.100389520371072j,0.00015532867617501373
-0.250299286095994-0.0005152361742939942j,-0.716866756760768+3.1849277619282788j,-0.6682367149959083+3.10030277917034j,0.00015632975176498476
-0.250300570355088-0.0005174527417142091j,-0.7169163226112434+3.1850229949059035j,-0.6681819834390772+3.1002164196861894j,0.00015733082042857665
-0.2503018518592881-0.0005196646020744695j,-0.7169656714209591+3.1851178311403685j,-0.6681274800577551+3.1001304378295016j,0.00015833188225429935
-0.2503031306319354-0.0005218717953594269j,-0.7170148055004919+3.1852122748150347j,-0.6680732024460216+3.1000448295806278j,0.00015933293732897725
-0.2503044066960266-0.0005240743609636363j,-0.7170637271214084+3.185306330042967j,-0.6680191482383858+3.0999595909877775j,0.0001603339857377918
-0.2503056800742216-0.0005262723377039164j,-0.7171124385171647+3.185400000868549j,-0.667965315108857+3.0998747181654562j,0.00016133502756432254
-0.25030695078885024-0.0005284657638313762j,-0.7171609418839788+3.1854932912690503j,-0.6679117007700427+3.099790207292946j,0.0001623360628905872
-0.2503082188619192-0.0005306546770431174j,-0.7172092393816788+3.1855862051561528j,-0.6678583029722727+3.099706054612831j,0.00016333709179708024
-0.25030948431511857-0.0005328391144936246j,-0.7172573331345256+3.1856787463774263j,-0.667805119502748+3.0996222564295666j,0.00016433811436281038
-0.2503107471698285-0.0005350191128058525j,-0.7173052252320127+3.1857709187177683j,-0.6677521481847147+3.0995388091080875j,0.00016533913066533697
-0.2503120074471253-0.0005371947080820211j,-0.7173529177296433+3.1858627259007997j,-0.6676993868766604+3.099455709072456j,0.00016634014078080515
-0.2503132651677876-0.0005393659359141267j,-0.7174004126496852+3.185954171590221j,-0.6676468334715341+3.0993729528045497j,0.0001673411447839801
-0.25031452035230256-0.0005415328313941795j,-0.7174477119819047+3.186045259391132j,-0.6675944858959871+3.099290536842784j,0.00016834214274828014
-0.25031577302087127-0.0005436954291241755j,-0.7174948176842795+3.186135992851315j,-0.6675423421096364+3.0992084577808723j,0.00016934313474580888
-0.2503170231934147-0.0005458537632258113j,-0.7175417316836925+3.186226375462479j,-0.6674904001043468+3.0991267122666195j,0.00017034412084738647
-0.25031827088957925-0.0005480078673499504j,-0.7175884558766065+3.1863164106614743j,-0.6674386579035341+3.0990452970007487j,0.0001713451011225798
-0.2503195161287419-0.0005501577746858478j,-0.7176349921297192+3.186406101831471j,-0.6673871135614867+3.0989642087357603j,0.000172346075639732
-0.2503207589300157-0.0005523035179701417j,-0.717681342280602+3.186495452303106j,-0.6673357651627062+3.0988834442748225j,0.00017334704446599083
-0.2503219993122547-0.0005544451294956182j,-0.7177275081383204+3.1865844653555992j,-0.6672846108212649+3.0988030004706917j,0.00017434800766733658
-0.250323237294059-0.0005565826411197573j,-0.717773491484038+3.1866731442178398j,-0.6672336486801815+3.0987228742246615j,0.0001753489653086088
-0.2503244728937796-0.0005587160842730657j,-0.7178192940716039+3.1867614920694423j,-0.6671828769108136+3.0986430624855403j,0.00017634991745353257
-0.2503257061295233-0.0005608454899672039j,-0.7178649176281255+3.1868495120417775j,-0.6671322937122649+3.0985635622486574j,0.0001773508641647438
-0.250326937019157-0.0005629708888029124j,-0.717910363854525+3.1869372072189717j,-0.66708189731081+3.0984843705548917j,0.00017835180550381403
-0.25032816558031235-0.0005650923109777457j,-0.7179556344260816+3.1870245806388846j,-0.667031685959333+3.0984054844897306j,0.00017935274153127426
-0.2503293918303903-0.0005672097862936165j,-0.7180007309929599+3.187111635294057j,-0.6669816579367814+3.0983269011823507j,0.00018035367230663838
-0.25033061578656535-0.0005693233441641583j,-0.7180456551807242+3.1871983741326377j,-0.6669318115476337+3.098248617804723j,0.00018135459788842575
-0.2503318374657894-0.0005714330136219104j,-0.7180904085908391+3.187284800059283j,-0.6668821451213812+3.0981706315707416j,0.0001823555183341833
-0.2503330568847964-0.000573538823325332j,-0.718134992801158+3.1873709159360364j,-0.6668326570120232+3.0980929397353747j,0.00018335643370050696
-0.25033427406010583-0.0005756408015656479j,-0.7181794093663987+3.187456724583184j,-0.6667833455975745+3.098015539593837j,0.0001843573440430624
-0.25033548900802693-0.0005777389762735335j,-0.7182236598186064+3.1875422287800883j,-0.6667342092795859+3.0979384284807834j,0.00018535824941660537
-0.2503367017446623-0.0005798333750256419j,-0.7182677456676059+3.1876274312660002j,-0.666685246482677+3.0978616037695246j,0.0001863591498750015
-0.2503379122859119-0.0005819240250509784j,-0.7183116684014417+3.187712334740852j,-0.6666364556540803+3.0977850628712598j,0.00018736004547124536
-0.2503391206474762-0.0005840109532371264j,-0.7183554294868074+3.18779694186603j,-0.6665878352631964+3.09770880323433j,0.0001883609362574792
-0.2503403268448603-0.0005860941861363296j,-0.7183990303694642+3.1878812552651286j,-0.6665393838011618+3.09763282234349j,0.0001893618222850111
-0.25034153089337696-0.0005881737499714334j,-0.718442472474649+3.1879652775246825j,-0.6664910997804255+3.0975571177191994j,0.00019036270360433275
-0.25034273280815017-0.0005902496706416908j,-0.7184857572074727+3.1880490111948867j,-0.6664429817343371+3.097481686916929j,0.00019136358026513654
-0.2503439326041184-0.0005923219737284359j,-0.7185288859533084+3.1881324587902924j,-0.666395028216745+3.097406527526484j,0.00019236445231633246
-0.25034513029603794-0.0005943906845006284j,-0.7185718600781706+3.188215622790491j,-0.6663472378016039+3.0973316371713486j,0.00019336531980606442
-0.2503463258984859-0.0005964558279202731j,-0.7186146809290845+3.188298505640779j,-0.666299609082592+3.0972570135080395j,0.0001943661827817261
-0.25034751942586336-0.0005985174286477187j,-0.7186573498344467+3.188381109752807j,-0.666252140672738+3.0971826542254797j,0.0001953670412899765
-0.2503487108923986-0.0006005755110468368j,-0.7186998681043777+3.1884634375052143j,-0.6662048312040557+3.0971085570443866j,0.00019636789537675508
-0.25034990031214965-0.0006026300991900873j,-0.7187422370310649+3.1885454912442466j,-0.6661576793271893+3.097034719716673j,0.0001973687450872964
-0.2503510876990075-0.0006046812168634709j,-0.7187844578890987+3.1886272732843612j,-0.6661106837110647+3.0969611400248653j,0.00019836959046614454
-0.2503522730666988-0.0006067288875713733j,-0.7188265319357997+3.1887087859088163j,-0.6660638430425516+3.0968878157815314j,0.00019937043155716702
-0.2503534564287887-0.0006087731345413035j,-0.7188684604115384+3.1887900313702464j,-0.6660171560261313+3.0968147448287264j,0.0002003712684035685
-0.2503546377986834-0.0006108139807285284j,-0.7189102445400478+3.1888710118912256j,-0.6659706213835737+3.096741925037449j,0.00020137210104790397
-0.2503558171896329-0.0006128514488206077j,-0.7189518855287281+3.188951729664816j,-0.6659242378536211+3.0966693543071107j,0.00020237292953209185
-0.25035699461473365-0.0006148855612418307j,-0.718993384568945+3.189032186855105j,-0.66587800419168+3.0965970305650163j,0.00020337375389742647
-0.250358170086931-0.0006169163401575582j,-0.7190347428363204+3.1891123855977295j,-0.6658319191695191+3.0965249517658595j,0.0002043745741845905
-0.2503593436190216-0.0006189438074784715j,-0.7190759614910172+3.189192328000388j,-0.6657859815749751+3.096453115891227j,0.00020537539043366694
-0.2503605152236561-0.0006209679848647319j,-0.7191170416780165+3.189272016143341j,-0.6657401902116645+3.096381520949116j,0.00020637620268415085
-0.25036168491334115-0.0006229888937300513j,-0.7191579845273901+3.189351452079901j,-0.6656945438987024+3.0963101649734606j,0.00020737701097496078
-0.250362852700442-0.0006250065552456781j,-0.7191987911545651+3.189430637836909j,-0.6656490414704276+3.0962390460236717j,0.00020837781534444993
-0.2503640185971847-0.000627020990344299j,-0.7192394626605837+3.189509575415203j,-0.6656036817761335+3.0961681621841843j,0.00020937861583041707
-0.2503651826156583-0.0006290322197238605j,-0.7192800001323566+3.1895882667900763j,-0.6655584636798056+3.0960975115640172j,0.00021037941247011718
-0.25036634476781705-0.0006310402638513101j,-0.7193204046429112+3.189666713911721j,-0.6655133860598645+3.096027092296341j,0.0002113802053002718
-0.25036750506548255-0.0006330451429662613j,-0.7193606772516339+3.189744918705668j,-0.6654684478089147+3.0959569025380573j,0.00021238099435707915
-0.25036866352034587-0.0006350468770845827j,-0.7194008190045069+3.189822883073212j,-0.6654236478334984+3.0958869404693856j,0.0002133817796762241
-0.25036982014396947-0.0006370454860019144j,-0.7194408309343407+3.1899006088918305j,-0.665378985053856+3.0958172042934597j,0.0002143825612928878
-0.25037097494778937-0.0006390409892971123j,-0.7194807140610004+3.189978098015592j,-0.6653344584036904+3.0957476922359346j,0.00021538333924175704
-0.2503721279431171-0.0006410334063356232j,-0.7195204693916276+3.190055352275557j,-0.6652900668299376+3.095678402544599j,0.00021638411355703356
-0.25037327914114144-0.0006430227562727913j,-0.7195600979208574+3.1901323734801665j,-0.6652458092925411+3.0956093334889987j,0.00021738488427244305
-0.2503744285529306-0.0006450090580570994j,-0.7195996006310309+3.190209163415628j,-0.665201684764232+3.095540483360067j,0.00021838565142124388
-0.2503755761894338-0.0006469923304333443j,-0.719638978492403+3.190285723846288j,-0.6651576922303142+3.095471850469762j,0.00021938641503623576
-0.2503767220614833-0.0006489725919457498j,-0.7196782324633454+3.190362056514999j,-0.6651138306884526+3.0954034331507163j,0.00022038717514976806
-0.25037786617979607-0.0006509498609410183j,-0.7197173634905458+3.1904381631434773j,-0.6650700991484677+3.095335229755887j,0.0002213879317937481
-0.2503790085549755-0.0006529241555713214j,-0.719756372509203+3.190514045432657j,-0.6650264966321328+3.0952672386582196j,0.00022238868499964908
-0.2503801491975133-0.000654895493797233j,-0.719795260443217+3.1905897050630303j,-0.6649830221729769+3.0951994582503146j,0.00022338943479851802
-0.2503812881177908-0.0006568638933906045j,-0.7198340282053758+3.1906651436949867j,-0.6649396748160912+3.0951318869441033j,0.00022439018122098333
-0.2503824253260811-0.0006588293719373842j,-0.7198726766975385+3.1907403629691404j,-0.6648964536179389+3.0950645231705307j,0.00022539092429726235
-0.2503835608325503-0.0006607919468403826j,-0.7199112068108139+3.1908153645066553j,-0.6648533576461704+3.094997365379243j,0.00022639166405716868
-0.25038469464725915-0.0006627516353219841j,-0.7199496194257357+3.190890149909558j,-0.664810385979441+3.094930412038284j,0.00022739240053011928
-0.25038582678016474-0.0006647084544268068j,-0.7199879154124343+3.190964720761051j,-0.6647675377072333+3.0948636616337954j,0.00022839313374514153
-0.2503869572411219-0.0006666624210243117j,-0.7200260956308052+3.1910390786258125j,-0.6647248119296827+3.0947971126697253j,0.00022939386373088005
-0.25038808603988477-0.0006686135518113621j,-0.7200641609306728+3.191113225050295j,-0.6646822077574064+3.094730763667541j,0.00023039459051560343
-0.25038921318610813-0.0006705618633147349j,-0.7201021121519524+3.1911871615630165j,-0.6646397243113363+3.0946646131659485j,0.00023139531412721078
-0.25039033868934896-0.0006725073718935842j,-0.7201399501248079+3.1912608896748442j,-0.6645973607225553+3.094598659720619j,0.0002323960345932381
-0.2503914625590679-0.0006744500937418593j,-0.720177675669807+3.1913344108792754j,-0.664555116132136+3.0945329019039174j,0.00023339675194086458
-0.2503925848046305-0.0006763900448906769j,-0.7202152895980722+3.19140772665271j,-0.664512989690984+3.0944673383046397j,0.00023439746619691876
-0.2503937054353086-0.0006783272412106498j,-0.7202527927114305+3.191480838454719j,-0.6644709805596835+3.0944019675277548j,0.00023539817738788446
-0.2503948244602817-0.0006802616984141719j,-0.7202901858025581+3.1915537477283076j,-0.6644290879083453+3.0943367881941493j,0.00023639888553990678
-0.2503959418886384-0.0006821934320576618j,-0.720327469655124+3.191626455900173j,-0.66438731091646+3.0942717989403805j,0.0002373995906787977
-0.25039705772937737-0.0006841224575437644j,-0.7203646450439293+3.1916989643809566j,-0.6643456487727516+3.0942069984184326j,0.00023840029283004192
-0.2503981719914089-0.0006860487901235132j,-0.720401712735045+3.191771274565492j,-0.6643041006750355+3.0941423852954775j,0.00023940099201880214
-0.25039928468355593-0.0006879724448984525j,-0.7204386734859467+3.1918433878330474j,-0.6642626658300789+3.0940779582536413j,0.0002404016882699246
-0.2504003958145555-0.0006898934368227211j,-0.7204755280456455+3.191915305547564j,-0.6642213434534636+3.094013715989774j,0.00024140238160794434
-0.25040150539305966-0.0006918117807050994j,-0.7205122771548187+3.191987029057889j,-0.6641801327694523+3.0939496572152256j,0.00024240307205709041
-0.2504026134276369-0.0006937274912110184j,-0.7205489215459355+3.1920585596980056j,-0.6641390330108563+3.0938857806556244j,0.00024340375964129082
-0.2504037199267732-0.0006956405828645335j,-0.7205854619433824+3.192129898787256j,-0.6640980434189068+3.0938220850506615j,0.0002444044443841776
-0.25040482489887306-0.0006975510700502633j,-0.7206218990635842+3.1922010476305633j,-0.6640571632431279+3.093758569153877j,0.0002454051263090917
-0.2504059283522607-0.0006994589670152932j,-0.7206582336151246+3.192272007518646j,-0.6640163917412127+3.093695231732454j,0.0002464058054390876
-0.25040703029518135-0.0007013642878710461j,-0.7206944662988631+3.192342779728231j,-0.6639757281789013+3.0936320715670123j,0.0002474064817969382
-0.25040813073580187-0.00070326704659512j,-0.7207305978080504+3.1924133655222606j,-0.6639351718298608+3.0935690874514097j,0.00024840715540513914
-0.2504092296822122-0.0007051672570330925j,-0.7207666288284411+3.1924837661500978j,-0.663894721975569+3.0935062781925438j,0.00024940782628591344
-0.25041032714242617-0.0007070649329002958j,-0.720802560038405+3.192553982847725j,-0.663854377905198+3.0934436426101604j,0.0002504084944612159
-0.25041142312438275-0.0007089600877835583j,-0.7208383921090356+3.192624016837942j,-0.6638141389155022+3.0933811795366637j,0.0002514091599527372
-0.2504125176359468-0.0007108527351429182j,-0.7208741257042569+3.192693869330557j,-0.6637740043107071+3.0933188878169307j,0.00025240982278190846
-0.2504136106849101-0.000712742888313306j,-0.7209097614809283+3.1927635415225772j,-0.6637339734024003+3.0932567663081287j,0.00025341048296990504
-0.25041470227899243-0.000714630560506199j,-0.7209453000889475+3.1928330345983937j,-0.6636940455094249+3.0931948138795367j,0.0002544111405376507
-0.25041579242584255-0.0007165157648112474j,-0.7209807421713512+3.1929023497299642j,-0.6636542199577748+3.0931330294123693j,0.00025541179550582174
-0.25041688113303884-0.0007183985141978719j,-0.7210160883644142+3.192971488076992j,-0.6636144960804916+3.0930714117996057j,0.00025641244789485063
-0.2504179684080906-0.0007202788215168352j,-0.7210513392977471+3.1930404507871017j,-0.6635748732175635+3.093009959945818j,0.00025741309772492994
-0.25041905425843863-0.0007221566995017862j,-0.7210864955943913+3.193109238996011j,-0.6635353507158261+3.092948672767007j,0.0002584137450160161
-0.25042013869145635-0.0007240321607707784j,-0.7211215578709129+3.1931778538277014j,-0.6634959279288655+3.0928875491904386j,0.00025941438978783305
-0.25042122171445047-0.000725905217827763j,-0.7211565267374952+3.1932462963945825j,-0.6634566042169218+3.0928265881544843j,0.00026041503205987586
-0.25042230333466203-0.0007277758830640565j,-0.7211914027980284+3.193314567797657j,-0.6634173789467959+3.0927657886084625j,0.0002614156718514142
-0.2504233835592672-0.0007296441687597845j,-0.7212261866501989+3.193382669126681j,-0.6633782514917568+3.0927051495124847j,0.00026241630918149585
-0.2504244623953779-0.0007315100870853011j,-0.7212608788855764+3.1934506014603206j,-0.6633392212314513+3.0926446698373034j,0.00026341694406895
-0.250425539850043-0.0007333736501025851j,-0.7212954800896997+3.1935183658663076j,-0.6633002875518148+3.0925843485641646j,0.00026441757653239076
-0.2504266159302488-0.000735234869766613j,-0.7213299908421602+3.19358596340159j,-0.6632614498449843+3.0925241846846596j,0.00026541820659022026
-0.25042769064291986-0.0007370937579267092j,-0.7213644117166853+3.193653395112484j,-0.6632227075092116+3.0924641772005823j,0.00026641883426063197
-0.25042876399492-0.0007389503263278752j,-0.7213987432812193+3.1937206620348175j,-0.6631840599487803+3.092404325123787j,0.0002674194595616137
-0.2504298359930527-0.000740804586612096j,-0.7214329860980031+3.1937877651940765j,-0.6631455065739214+3.0923446274760518j,0.00026842008251095093
-0.2504309066440622-0.0007426565503196255j,-0.7214671407236526+3.193854705605546j,-0.6631070468007331+3.092285083288939j,0.00026942070312622953
-0.250431975954634-0.000744506228890252j,-0.7215012077092356+3.193921484274449j,-0.6630686800511002+3.0922256916036637j,0.0002704213214248389
-0.2504330439313958-0.0007463536336645422j,-0.721535187600348+3.193988102196083j,-0.6630304057526155+3.0921664514709617j,0.00027142193742397497
-0.250434110580918-0.0007481987758850658j,-0.7215690809371873+3.1940545603559554j,-0.6629922233385026+3.0921073619509594j,0.00027242255114064286
-0.2504351759097145-0.0007500416666976007j,-0.7216028882546264+3.194120859729914j,-0.6629541322475399+3.0920484221130464j,0.0002734231625916599
-0.2504362399242433-0.0007518823171523186j,-0.7216366100822851+3.1941870012842792j,-0.6629161319239858+3.0919896310357524j,0.0002744237717936581
-0.25043730263090747-0.000753720738204952j,-0.7216702469446008+3.194252985975969j,-0.6628782218175057+3.091930987806623j,0.0002754243787630872
-0.25043836403605546-0.0007555569407179426j,-0.7217037993608979+3.1943188147526254j,-0.6628404013830993+3.0918724915220976j,0.0002764249835162172
-0.25043942414598197-0.000757390935461572j,-0.721737267845456+3.1943844885527386j,-0.6628026700810304+3.0918141412873945j,0.00027742558606914074
-0.2504404829669285-0.000759222733115074j,-0.7217706529075768+3.1944500083057674j,-0.6627650273767565+3.0917559362163907j,0.00027842618643777605
-0.2504415405050841-0.0007610523442677302j,-0.7218039550516503+3.194515374932258j,-0.6627274727408605+3.0916978754315085j,0.00027942678463786915
-0.25044259676658587-0.0007628797794199482j,-0.7218371747772194+3.1945805893439627j,-0.6626900056489835+3.0916399580636034j,0.00028042738068499647
-0.2504436517575197-0.0007647050489843229j,-0.721870312579044+3.194645652443953j,-0.6626526255817583+3.0915821832518517j,0.0002814279745945673
-0.2504447054839208-0.0007665281632866814j,-0.7219033689471632+3.1947105651267345j,-0.6626153320247442+3.0915245501436432j,0.00028242856638182614
-0.25044575795177426-0.0007683491325671127j,-0.7219363443669573+3.194775328278358j,-0.662578124468363+3.0914670578944725j,0.0002834291560618549
-0.2504468091670158-0.0007701679669809798j,-0.7219692393192083+3.1948399427765297j,-0.6625410024078359+3.0914097056678336j,0.0002844297436495755
-0.2504478591355322-0.0007719846765999182j,-0.7220020542801595+3.194904409490717j,-0.6625039653431217+3.0913524926351177j,0.00028543032915975185
-0.250448907863162-0.000773799271412818j,-0.7220347897215742+3.194968729282257j,-0.6624670127788556+3.0912954179755094j,0.00028643091260699215
-0.25044995535569586-0.0007756117613267913j,-0.7220674461107932+3.195032903004459j,-0.662430144224289+3.0912384808758877j,0.00028743149400575123
-0.25045100161887734-0.0007774221561681249j,-0.722100023910792+3.1950969315027082j,-0.6623933591932313+3.091181680530726j,0.0002884320733703324
-0.25045204665840337-0.0007792304656832194j,-0.7221325235802358+3.195160815614566j,-0.6623566572039907+3.091125016141997j,0.0002894326507148899
-0.25045309047992476-0.0007810366995395128j,-0.7221649455735355+3.19522455616987j,-0.6623200377793182+3.091068486919074j,0.00029043322605343063
-0.25045413308904674-0.0007828408673263915j,-0.7221972903409006+3.19528815399083j,-0.6622835004463505+3.0910120920786404j,0.0002914337993998164
-0.2504551744913295-0.0007846429785560867j,-0.7222295583283933+3.195351609892127j,-0.6622470447365554+3.0909558308445946j,0.0002924343707677658
-0.2504562146922886-0.0007864430426645586j,-0.7222617499779801+3.1954149246810055j,-0.6622106701856768+3.090899702447961j,0.00029343494017085645
-0.2504572536973958-0.0007882410690123661j,-0.7222938657275837+3.1954780991573672j,-0.6621743763336816+3.090843706126799j,0.0002944355076225265
-0.2504582915120791-0.000790037066885525j,-0.7223259060111336+3.1955411341138626j,-0.6621381627247069+3.0907878411261147j,0.0002954360731360768
-0.2504593281417236-0.0007918310454963523j,-0.7223578712586155+3.195604030335982j,-0.6621020289070081+3.090732106697776j,0.0002964366367246727
-0.25046036359167184-0.0007936230139842995j,-0.7223897618961211+3.195666788602143j,-0.6620659744329077+3.090676502100426j,0.00029743719840134587
-0.25046139786722427-0.0007954129814167722j,-0.7224215783458958+3.195729409683778j,-0.6620299988587454+3.0906210265993983j,0.00029843775817899623
-0.25046243097363974-0.0007972009567899387j,-0.7224533210263864+3.1957918943454215j,-0.6619941017448283+3.090565679466636j,0.0002994383160703935
-0.25046346291613597-0.000798986949029527j,-0.7224849903522877+3.1958542433447934j,-0.6619582826553826+3.0905104599806097j,0.0003004388720881791
-0.25046449369989005-0.0008007709669916093j,-0.7225165867345893+3.1959164574328827j,-0.6619225411585054+3.090455367426236j,0.0003014394262448679
-0.25046552333003874-0.0008025530194633762j,-0.7225481105806197+3.195978537354029j,-0.6618868768261175+3.090400401094801j,0.00030243997855284964
-0.25046655181167915-0.0008043331151638991j,-0.7225795622940919+3.196040483846005j,-0.6618512892339173+3.0903455602838816j,0.00030344052902439095
-0.250467579149869-0.0008061112627448817j,-0.7226109422751471+3.196102297640094j,-0.6618157779613347+3.0902908442972676j,0.0003044410776716368
-0.2504686053496271-0.0008078874707914014j,-0.7226422509203977+3.196163979461169j,-0.6617803425914862+3.0902362524448894j,0.00030544162450661194
-0.25046963041593384-0.0008096617478226391j,-0.7226734886229701+3.1962255300277698j,-0.6617449827111306+3.0901817840427412j,0.00030644216954122284
-0.25047065435373145-0.0008114341022925998j,-0.7227046557725467+3.1962869500521793j,-0.6617096979106252+3.0901274384128095j,0.00030744271278725896
-0.25047167716792457-0.000813204542590822j,-0.7227357527554071+3.196348240240498j,-0.6616744877838832+3.090073214883001j,0.0003084432542563944
-0.25047269886338064-0.0008149730770430773j,-0.7227667799544688+3.196409401292717j,-0.6616393519283308+3.090019112787072j,0.0003094437939601893
-0.2504737194449302-0.000816739713912061j,-0.7227977377493273+3.1964704339027907j,-0.6616042899448659+3.0899651314645573j,0.0003104443319100915
-0.2504747389173673-0.0008185044613980719j,-0.7228286265162955+3.1965313387587098j,-0.6615693014378169+3.089911270260704j,0.00031144486811743766
-0.2504757572854502-0.0008202673276396831j,-0.7228594466284425+3.196592116542569j,-0.6615343860149022+3.0898575285264016j,0.0003124454025934551
-0.2504767745539012-0.0008220283207144034j,-0.7228901984556321+3.1966527679306385j,-0.6614995432871905+3.0898039056181172j,0.000313445935349263
-0.2504777907274075-0.0008237874486393299j,-0.7229208823645602+3.1967132935934313j,-0.6614647728690614+3.0897504008978287j,0.0003144464663958737
-0.2504788058106213-0.0008255447193717905j,-0.7229514987187923+3.19677369419577j,-0.6614300743781665+3.0896970137329602j,0.0003154469957441942
-0.2504798198081604-0.0008273001408099792j,-0.7229820478787996+3.196833970396855j,-0.6613954474353919+3.0896437434963193j,0.0003164475234050275
-0.2504808327246083-0.000829053720793581j,-0.7230125302019957+3.196894122850327j,-0.6613608916648201+3.0895905895660336j,0.0003174480493890738
-0.2504818445645148-0.000830805467104389j,-0.7230429460427715+3.1969541522043334j,-0.6613264066936936+3.0895375513254892j,0.0003184485737069318
-0.25048285533239606-0.0008325553874669133j,-0.7230732957525307+3.197014059101591j,-0.6612919921523774+3.0894846281632695j,0.00031944909636910033
-0.2504838650327354-0.000834303489548981j,-0.7231035796797236+3.197073844179448j,-0.6612576476743246+3.0894318194730954j,0.00032044961738597903
-0.2504848736699832-0.0008360497809623288j,-0.723133798169882+3.1971335080699466j,-0.6612233728960396+3.089379124653767j,0.00032145013676787007
-0.2504858812485574-0.0008377942692631868j,-0.7231639515656518+3.197193051399882j,-0.6611891674570441+3.0893265431091037j,0.0003224506545249791
-0.2504868877728441-0.0008395369619528547j,-0.7231940402068266+3.197252474790864j,-0.6611550309998425+3.089274074247888j,0.00032345117066741655
-0.2504878932471974-0.0008412778664782706j,-0.7232240644303799+3.197311778859375j,-0.6611209631698879+3.089221717483809j,0.00032445168520519886
-0.25048889767594007-0.0008430169902325719j,-0.7232540245704971+3.1973709642168266j,-0.6610869636155488+3.089169472235406j,0.0003254521981482495
-0.2504899010633638-0.0008447543405556481j,-0.7232839209586076+3.1974300314696205j,-0.6610530319880763+3.0891173379260137j,0.00032645270950640016
-0.2504909034137295-0.0008464899247346878j,-0.7233137539234151+3.197488981219201j,-0.6610191679415717+3.089065313983709j,0.00032745321928939205
-0.2504919047312676-0.0008482237500047166j,-0.723343523790929+3.1975478140621125j,-0.6609853711329542+3.089013399841256j,0.00032845372750687677
-0.25049290502017835-0.0008499558235491291j,-0.7233732308844943+3.1976065305900545j,-0.66095164122193+3.088961594936055j,0.00032945423416841753
-0.25049390428463225-0.0008516861525002135j,-0.7234028755248214+3.1976651313899347j,-0.6609179778709604+3.0889098987100887j,0.00033045473928349016
-0.25049490252877016-0.000853414743939669j,-0.7234324580300157+3.197723617043923j,-0.660884380745232+3.088858310609873j,0.0003314552428614843
-0.25049589975670367-0.0008551416048991175j,-0.7234619787156062+3.197781988129503j,-0.6608508495126262+3.0888068300864058j,0.0003324557449117043
-0.25049689597251557-0.0008568667423606065j,-0.7234914378945747+3.197840245219525j,-0.660817383843689+3.088755456595117j,0.0003334562454433703
-0.25049789118025984-0.0008585901632571081j,-0.7235208358773831+3.1978983888822556j,-0.6607839834116026+3.0887041895958207j,0.00033445674446561926
-0.2504988853839621-0.0008603118744730093j,-0.7235501729720022+3.19795641968143j,-0.6607506478921554+3.088653028552665j,0.00033545724198750593
-0.25049987858761996-0.0008620318828445969j,-0.7235794494839379+3.1980143381763j,-0.6607173769637142+3.088601972934086j,0.0003364577380180039
-0.25050087079520317-0.0008637501951605362j,-0.7236086657162595+3.198072144921683j,-0.660684170307196+3.0885510222127595j,0.0003374582325660064
-0.25050186201065394-0.0008654668181623434j,-0.723637821969625+3.198129840468011j,-0.6606510276060397+3.0885001758655557j,0.00033845872564032753
-0.2505028522378872-0.0008671817585448517j,-0.7236669185423085+3.1981874253613776j,-0.6606179485461794+3.0884494333734938j,0.00033945921724970295
-0.2505038414807909-0.0008688950229566717j,-0.7236959557302253+3.1982449001435853j,-0.6605849328160172+3.0883987942216957j,0.00034045970740279085
-0.2505048297432263-0.0008706066180006458j,-0.7237249338269579+3.1983022653521918j,-0.6605519801063962+3.0883482578993426j,0.00034146019610817297
-0.2505058170290281-0.0008723165502342966j,-0.7237538531237809+3.1983595215205547j,-0.6605190901105749+3.0882978238996306j,0.0003424606833743555
-0.2505068033420048-0.0008740248261702705j,-0.7237827139096862+3.1984166691778784j,-0.6604862625242007+3.0882474917197276j,0.0003434611692097697
-0.2505077886859391-0.000875731452276774j,-0.7238115164714068+3.1984737088492565j,-0.660453497045285+3.0881972608607304j,0.0003444616536227732
-0.2505087730645878-0.0008774364349780065j,-0.723840261093442+3.198530641055717j,-0.6604207933741773+3.0881471308276245j,0.0003454621366216505
-0.25050975648168233-0.0008791397806545861j,-0.7238689480580803+3.198587466314265j,-0.6603881512135408+3.0880971011292395j,0.000346462618214614
-0.25051073894092896-0.0008808414956439706j,-0.7238975776454234+3.198644185137925j,-0.6603555702683278+3.0880471712782107j,0.0003474630984098048
-0.2505117204460089-0.0008825415862408734j,-0.7239261501334093+3.1987007980357833j,-0.6603230502457554+3.087997340790938j,0.00034846357721529344
-0.2505127010005787-0.0008842400586976741j,-0.7239546657978352+3.1987573055130305j,-0.6602905908552819+3.087947609187545j,0.00034946405463908087
-0.2505136806082704-0.0008859369192248238j,-0.7239831249123799+3.198813708071j,-0.6602581918085827+3.087897975991842j,0.0003504645306890991
-0.25051465927269173-0.0008876321739912453j,-0.7240115277486264+3.198870006207211j,-0.6602258528195278+3.0878484407312845j,0.00035146500537321204
-0.25051563699742646-0.0008893258291247291j,-0.7240398745760838+3.1989262004154067j,-0.6601935736041585+3.0877990029369378j,0.0003524654786992164
-0.25051661378603457-0.0008910178907123236j,-0.7240681656622087+3.198982291185594j,-0.6601613538806645+3.0877496621434366j,0.00035346595067484214
-0.25051758964205245-0.0008927083648007206j,-0.7240964012724268+3.1990382790040823j,-0.6601291933693623+3.0877004178889496j,0.00035446642130775366
-0.2505185645689931-0.0008943972573966369j,-0.7241245816701544+3.199094164353523j,-0.6600970917926723+3.0876512697151424j,0.00035546689060555017
-0.2505195385703464-0.0008960845744671903j,-0.7241527071168183+3.199149947712945j,-0.660065048875098+3.0876022171671402j,0.00035646735857576653
-0.25052051164957945-0.0008977703219402713j,-0.7241807778718775+3.1992056295577935j,-0.6600330643432037+3.0875532597934936j,0.00035746782522587416
-0.25052148381013645-0.0008994545057049107j,-0.7242087941928427+3.199261210359967j,-0.660001137925594+3.087504397146142j,0.0003584682905632815
-0.25052245505543924-0.000901137131611642j,-0.7242367563352964+3.199316690587853j,-0.6599692693528924+3.08745562878038j,0.00035946875459533483
-0.25052342538888733-0.0009028182054728602j,-0.724264664552913+3.1993720707063638j,-0.6599374583577208+3.0874069542548215j,0.00036046921732931896
-0.2505243948138582-0.0009044977330631752j,-0.7242925190974783+3.199427351176972j,-0.6599057046746796+3.0873583731313667j,0.0003614696787724579
-0.2505253633337074-0.0009061757201197625j,-0.7243203202189081+3.1994825324577456j,-0.659874008040327+3.0873098849751686j,0.00036247013893191555
-0.25052633095176885-0.000907852172342708j,-0.7243480681652684+3.1995376150033827j,-0.6598423681931596+3.0872614893545993j,0.0003634705978147964
-0.25052729767135506-0.0009095270953953502j,-0.724375763182793+3.199592599265245j,-0.6598107848735923+3.0872131858412186j,0.00036447105542814596
-0.2505282634957572-0.0009112004949046168j,-0.7244034055159025+3.1996474856913917j,-0.6597792578239399+3.08716497400974j,0.0003654715117789518
-0.2505292284282454-0.0009128723764613588j,-0.724430995407223+3.1997022747266124j,-0.6597477867883967+3.0871168534380007j,0.00036647196687414395
-0.2505301924720688-0.0009145427456206797j,-0.7244585330976033+3.1997569668124606j,-0.6597163715130191+3.0870688237069293j,0.0003674724207205954
-0.2505311556304561-0.0009162116079022609j,-0.7244860188261335+3.1998115623872847j,-0.6596850117457058+3.087020884400514j,0.000368472873325123
-0.25053211790661517-0.0009178789687906832j,-0.7245134528301619+3.199866061886262j,-0.6596537072361803+3.086973035105774j,0.0003694733246944879
-0.25053307930373386-0.0009195448337357453j,-0.724540835345313+3.1999204657414277j,-0.6596224577359723+3.0869252754127268j,0.0003704737748353963
-0.25053403982497974-0.0009212092081527774j,-0.7245681666055044+3.1999747743817077j,-0.6595912629983999+3.0868776049143607j,0.00037147422375449985
-0.2505349994735004-0.0009228720974229522j,-0.7245954468429635+3.200028988232949j,-0.6595601227785519+3.086830023206604j,0.0003724746714583963
-0.2505359582524237-0.0009245335068935912j,-0.7246226762882447+3.20008310771795j,-0.6595290368332707+3.0867825298882967j,0.0003734751179536302
-0.2505369161648579-0.0009261934418784682j,-0.7246498551702455+3.20013713325649j,-0.6594980049211344+3.08673512456116j,0.0003744755632466934
-0.25053787321389187-0.0009278519076581095j,-0.724676983716223+3.20019106526536j,-0.6594670268024404+3.0866878068297705j,0.00037547600734402553
-0.25053882940259514-0.0009295089094800896j,-0.72470406215181+3.20024490415839j,-0.6594361022391882+3.0866405763015305j,0.0003764764502520147
-0.2505397847340182-0.0009311644525593242j,-0.7247310907010308+3.20029865034648j,-0.6594052309950632+3.0865934325866404j,0.0003774768919769979
-0.25054073921119274-0.0009328185420783598j,-0.7247580695863169+3.2003523042376267j,-0.6593744128354198+3.086546375298072j,0.0003784773325252617
-0.25054169283713157-0.0009344711831876601j,-0.7247849990285228+3.2004058662369532j,-0.6593436475272656+3.0864994040515414j,0.0003794777719030427
-0.250542645614829-0.0009361223810058885j,-0.7248118792469409+3.2004593367467353j,-0.6593129348392452+3.086452518465482j,0.000380478210116528
-0.2505435975472608-0.0009377721406201878j,-0.7248387104593169+3.20051271616643j,-0.6592822745416248+3.0864057181610183j,0.00038147864717185575
-0.2505445486373847-0.0009394204670864569j,-0.7248654928818647+3.200566004892702j,-0.6592516664062759+3.08635900276194j,0.0003824790830751159
-0.2505454988881401-0.000941067365429624j,-0.7248922267292811+3.2006192033194516j,-0.6592211102066603+3.0863123718946763j,0.0003834795178323503
-0.25054644830244865-0.0009427128406439168j,-0.7249189122147603+3.2006723118378395j,-0.6591906057178152+3.0862658251882706j,0.00038447995144955355
-0.2505473968832142-0.0009443568976931296j,-0.7249455495500087+3.2007253308363146j,-0.6591601527163375+3.0862193622743557j,0.00038548038393267325
-0.2505483446333229-0.0009459995415108877j,-0.7249721389452585+3.200778260700638j,-0.6591297509803696+3.0861729827871276j,0.00038648081528761067
-0.25054929155564337-0.0009476407770009082j,-0.7249986806092823+3.200831101813911j,-0.6590994002895841+3.0861266863633237j,0.0003874812455202211
-0.2505502376530271-0.0009492806090372587j,-0.7250251747494068+3.200883854556597j,-0.6590691004251698+3.0860804726421955j,0.00038848167463631435
-0.2505511829283082-0.0009509190424646123j,-0.7250516215715263+3.20093651930655j,-0.6590388511698169+3.0860343412654876j,0.00038948210264165534
-0.25055212738430394-0.0009525560820985002j,-0.7250780212801166+3.200989096439037j,-0.6590086523077034+3.0859882918774124j,0.0003904825295419644
-0.2505530710238146-0.0009541917327255616j,-0.7251043740782482+3.2010415863267623j,-0.658978503624481+3.0859423241246273j,0.00039148295534291786
-0.2505540138496237-0.0009558259991037904j,-0.7251306801675996+3.201093989339892j,-0.6589484049072607+3.0858964376562117j,0.00039248338005014836
-0.25055495586449833-0.0009574588859627792j,-0.7251569397484704+3.201146305846078j,-0.6589183559445998+3.085850632123644j,0.0003934838036692454
-0.2505558970711889-0.0009590903980039612j,-0.7251831530197939+3.201198536210481j,-0.6588883565264884+3.0858049071807794j,0.00039448422620575575
-0.2505568374724297-0.0009607205399008488j,-0.7252093201791503+3.2012506807957952j,-0.6588584064443354+3.0857592624838284j,0.0003954846476651839
-0.2505577770709387-0.0009623493162992701j,-0.7252354414227792+3.2013027399622676j,-0.6588285054909562+3.085713697691333j,0.00039648506805299246
-0.2505587158694179-0.0009639767318176019j,-0.7252615169455917+3.2013547140677243j,-0.6587986534605591+3.0856682124641464j,0.0003974854873746027
-0.25055965387055346-0.0009656027910470012j,-0.7252875469411834+3.2014066034675914j,-0.6587688501487328+3.0856228064654116j,0.0003984859056353947
-0.25056059107701567-0.0009672274985516337j,-0.7253135316018456+3.201458408514917j,-0.6587390953524332+3.08557747936054j,0.00039948632284070805
-0.2505615274914592-0.0009688508588688996j,-0.7253394711185785+3.2015101295603934j,-0.6587093888699715+3.08553223081719j,0.0004004867389958421
-0.2505624631165233-0.0009704728765096575j,-0.7253653656811022+3.201561766952378j,-0.6586797305010013+3.0854870605052467j,0.0004014871541060564
-0.2505633979548317-0.0009720935559584456j,-0.7253912154778688+3.2016133210369153j,-0.6586501200465062+3.085441968096802j,0.0004024875681765711
-0.250564332008993-0.0009737129016737j,-0.7254170206960737+3.201664792157758j,-0.6586205573087884+3.085396953266134j,0.00040348798121256737
-0.25056526528160056-0.0009753309180879714j,-0.7254427815216676+3.201716180656388j,-0.6585910420914559+3.085352015689686j,0.00040448839321918773
-0.25056619777523287-0.0009769476096081395j,-0.7254684981393674+3.2017674868720354j,-0.6585615741994111+3.0853071550460482j,0.00040548880420153644
-0.25056712949245347-0.0009785629806156244j,-0.7254941707326676+3.201818711141702j,-0.6585321534388389+3.0852623710159386j,0.00040648921416467997
-0.25056806043581115-0.000980177035466596j,-0.7255197994838515+3.201869853800178j,-0.6585027796171953+3.085217663282181j,0.00040748962311364724
-0.25056899060784005-0.000981789778492182j,-0.7255453845740018+3.2019209151800645j,-0.6584734525431959+3.085173031529689j,0.00040849003105343
-0.2505699200110599-0.000983401213998672j,-0.7255709261830116+3.2019718956117913j,-0.6584441720268044+3.0851284754454453j,0.00040949043798898344
-0.25057084864797585-0.0009850113462677211j,-0.7255964244895954+3.202022795423638j,-0.6584149378792217+3.0850839947184845j,0.00041049084392522615
-0.250571776521079-0.0009866201795565507j,-0.7256218796712992+3.202073614941752j,-0.6583857499128745+3.085039589039873j,0.0004114912488670408
-0.25057270363284606-0.0009882277180981469j,-0.7256472919045113+3.2021243544901683j,-0.6583566079414047+3.0849952581026923j,0.00041249165281927435
-0.2505736299857399-0.0009898339661014567j,-0.7256726613644723+3.2021750143908276j,-0.6583275117796585+3.0849510016020196j,0.00041349205578673835
-0.2505745555822093-0.0009914389277515835j,-0.7256979882252859+3.202225594963595j,-0.6582984612436756+3.0849068192349116j,0.00041449245777420946
-0.25057548042468936-0.0009930426072099784j,-0.7257232726599284+3.2022760965262793j,-0.6582694561506788+3.0848627107003854j,0.00041549285878642966
-0.2505764045156013-0.000994645008614631j,-0.7257485148402592+3.2023265193946497j,-0.6582404963190631+3.0848186756994025j,0.00041649325882810656
-0.2505773278573529-0.0009962461360802585j,-0.72577371493703+3.202376863882455j,-0.6582115815683861+3.0847747139348503j,0.00041749365790391376
-0.25057825045233845-0.0009978459936984911j,-0.7257988731198955+3.202427130301441j,-0.6581827117193573+3.084730825111526j,0.0004184940560184912
-0.2505791723029387-0.0009994445855380574j,-0.7258239895574224+3.2024773189613676j,-0.658153886593828+3.08468700893612j,0.0004194944531764456
-0.2505800934115212-0.0010010419156449666j,-0.7258490644170992+3.2025274301700266j,-0.6581251060147817+3.0846432651171973j,0.0004204948493823505
-0.2505810137804404-0.0010026379880426891j,-0.7258740978653453+3.2025774642332587j,-0.6580963698063236+3.084599593365184j,0.0004214952446407468
-0.2505819334120376-0.001004232806732336j,-0.725899090067521+3.202627421454971j,-0.6580676777936713+3.0845559933923488j,0.00042249563895614304
-0.25058285230864125-0.0010058263756928354j,-0.7259240411879361+3.202677302137153j,-0.658039029803145+3.0845124649127875j,0.00042349603233301554
-0.25058377047256675-0.001007418698881108j,-0.7259489513898595+3.2027271065798937j,-0.6580104256621581+3.0844690076424084j,0.0004244964247758089
-0.25058468790611693-0.0010090097802322407j,-0.725973820835528+3.202776835081398j,-0.6579818651992074+3.084425621298914j,0.00042549681628893627
-0.25058560461158186-0.0010105996236596576j,-0.7259986496861551+3.202826487938002j,-0.6579533482438642+3.0843823056017885j,0.00042649720687677956
-0.2505865205912391-0.0010121882330552906j,-0.7260234381019404+3.2028760654441912j,-0.6579248746267646+3.084339060272279j,0.0004274975965436898
-0.25058743584735366-0.001013775612289747j,-0.7260481862420775+3.2029255678926147j,-0.6578964441796008+3.084295885033384j,0.0004284979852939874
-0.2505883503821783-0.0010153617652124767j,-0.7260728942647633+3.2029749955741016j,-0.6578680567351116+3.084252779609835j,0.0004294983731319625
-0.25058926419795347-0.001016946695651936j,-0.7260975623272066+3.2030243487776753j,-0.6578397121270738+3.0842097437280844j,0.0004304987600618751
-0.2505901772969074-0.0010185304074157512j,-0.726122190585636+3.2030736277905705j,-0.6578114101902934+3.0841667771162884j,0.00043149914608795554
-0.2505910896812564-0.0010201129042908806j,-0.7261467791953087+3.203122832898248j,-0.6577831507605966+3.084123879504294j,0.0004324995312144046
-0.2505920013532045-0.0010216941900437733j,-0.7261713283105187+3.20317196438441j,-0.6577549336748211+3.084081050623624j,0.00043349991544539387
-0.25059291231494407-0.0010232742684205284j,-0.726195838084605+3.2032210225310127j,-0.6577267587708079+3.084038290207463j,0.00043450029878506607
-0.2505938225686557-0.001024853143147051j,-0.7262203086699595+3.2032700076182845j,-0.6576986258873926+3.083995597990643j,0.00043550068123753515
-0.2505947321165082-0.0010264308179292073j,-0.7262447402180353+3.2033189199247385j,-0.657670534864397+3.0839529737096303j,0.0004365010628068867
-0.2505956409606586-0.0010280072964529788j,-0.7262691328793545+3.203367759727187j,-0.6576424855426207+3.0839104171025102j,0.0004375014434971782
-0.25059654910325274-0.0010295825823846136j,-0.7262934868035159+3.203416527300757j,-0.6576144777638333+3.0838679279089747j,0.0004385018233124391
-0.25059745654642474-0.0010311566793707776j,-0.726317802139203+3.2034652229189025j,-0.6575865113707658+3.0838255058703083j,0.0004395022022566714
-0.25059836329229745-0.0010327295910387026j,-0.7263420790341916+3.2035138468534194j,-0.6575585862071032+3.083783150729375j,0.0004405025803338496
-0.25059926934298243-0.0010343013209963348j,-0.7263663176353571+3.2035623993744595j,-0.6575307021174756+3.0837408622306053j,0.0004415029575479211
-0.2506001747005801-0.0010358718728324806j,-0.7263905180886826+3.2036108807505443j,-0.6575028589474513+3.0836986401199824j,0.00044250333390280635
-0.2506010793671798-0.0010374412501169509j,-0.7264146805392658+3.2036592912485777j,-0.6574750565435286+3.08365648414503j,0.00044350370940239933
-0.2506019833448597-0.0010390094564007046j,-0.7264388051313267+3.20370763113386j,-0.657447294753128+3.083614394054798j,0.0004445040840505674
-0.25060288663568725-0.0010405764952159907j,-0.7264628920082147+3.203755900670101j,-0.6574195734245849+3.0835723695998527j,0.00044550445785115195
-0.2506037892417189-0.0010421423700764884j,-0.7264869413124155+3.2038041001194326j,-0.6573918924071417+3.0835304105322616j,0.0004465048308079683
-0.25060469116500034-0.0010437070844774464j,-0.7265109531855591+3.2038522297424232j,-0.6573642515509406+3.083488516605582j,0.0004475052029248061
-0.2506055924075666-0.0010452706418958206j,-0.726534927768426+3.2039002897980886j,-0.6573366507070162+3.083446687574849j,0.0004485055742054296
-0.2506064929714421-0.0010468330457904106j,-0.7265588652009545+3.2039482805439063j,-0.6573090897272883+3.083404923196563j,0.00044950594465357775
-0.25060739285864075-0.0010483942996019945j,-0.7265827656222476+3.203996202235827j,-0.6572815684645543+3.083363223228678j,0.0004505063142729645
-0.250608292071166-0.0010499544067534628j,-0.7266066291705798+3.2040440551282874j,-0.6572540867724824+3.0833215874305893j,0.000451506683067279
-0.25060919061101083-0.0010515133706499515j,-0.726630455983404+3.204091839474223j,-0.6572266445056044+3.0832800155631217j,0.0004525070510401859
-0.2506100884801581-0.0010530711946789722j,-0.726654246197358+3.2041395555250793j,-0.6571992415193089+3.0832385073885185j,0.0004535074181953254
-0.2506109856805802-0.0010546278822105432j,-0.7266779999482711+3.2041872035308248j,-0.6571718776698338+3.083197062670429j,0.0004545077845363136
-0.25061188221423963-0.0010561834365973174j,-0.7267017173711708+3.204234783739962j,-0.6571445528142601+3.0831556811738983j,0.00045550815006674275
-0.2506127780830887-0.00105773786117471j,-0.7267253986002894+3.20428229639954j,-0.6571172668105049+3.0831143626653548j,0.00045650851479018124
-0.25061367328906964-0.0010592911592610256j,-0.72674904376907+3.204329741755166j,-0.6570900195173145+3.0830731069126j,0.0004575088787101741
-0.25061456783411484-0.0010608433341575815j,-0.7267726530101732+3.2043771200510167j,-0.6570628107942579+3.083031913684797j,0.0004585092418302429
-0.25061546172014687-0.0010623943891488335j,-0.7267962264554834+3.2044244315298496j,-0.6570356405017201+3.0829907827524594j,0.0004595096041538863
-0.2506163549490784-0.0010639443275024976j,-0.7268197642361146+3.204471676433014j,-0.657008508500896+3.0829497138874413j,0.0004605099656845799
-0.25061724752281256-0.0010654931524696715j,-0.7268432664824173+3.2045188550004635j,-0.6569814146537831+3.0829087068629253j,0.0004615103264257767
-0.2506181394432426-0.0010670408672849557j,-0.7268667333239838+3.2045659674707667j,-0.6569543588231762+3.0828677614534126j,0.0004625106863809072
-0.25061903071225244-0.0010685874751665719j,-0.7268901648896549+3.2046130140811164j,-0.6569273408726601+3.0828268774347127j,0.00046351104555337954
-0.25061992133171634-0.0010701329793164822j,-0.7269135613075255+3.204659995067343j,-0.6569003606666042+3.0827860545839325j,0.00046451140394657977
-0.25062081130349917-0.0010716773829205052j,-0.7269369227049505+3.2047069106639237j,-0.6568734180701553+3.082745292679467j,0.0004655117615638721
-0.25062170062945643-0.001073220689148433j,-0.7269602492085508+3.204753761103994j,-0.6568465129492326+3.0827045915009874j,0.0004665121184085989
-0.2506225893114344-0.0010747629011541445j,-0.7269835409442194+3.204800546619357j,-0.6568196451705207+3.0826639508294327j,0.000467512474484081
-0.25062347735126994-0.001076304022075721j,-0.7270067980371261+3.204847267440496j,-0.6567928146014643+3.0826233704469983j,0.000468512829793618
-0.2506243647507909-0.001077844055035558j,-0.7270300206117245+3.204893923796582j,-0.6567660211102617+3.0825828501371273j,0.0004695131843404882
-0.250625251511816-0.001079383003140477j,-0.7270532087917567+3.2049405159154873j,-0.6567392645658592+3.0825423896845003j,0.0004705135381279489
-0.25062613763615493-0.0010809208694818363j,-0.7270763627002593+3.204987044023792j,-0.6567125448379452+3.0825019888750256j,0.0004715138911592367
-0.2506270231256083-0.0010824576571356408j,-0.7270994824595687+3.2050335083467973j,-0.6566858617969443+3.0824616474958297j,0.0004725142434375674
-0.25062790798196793-0.0010839933691626504j,-0.7271225681913267+3.2050799091085334j,-0.656659215314012+3.0824213653352475j,0.0004735145949661365
-0.2506287922070167-0.001085528008608488j,-0.7271456200164859+3.2051262465317696j,-0.6566326052610284+3.082381142182813j,0.000474514945748119
-0.2506296758025288-0.0010870615785037454j,-0.7271686380553147+3.205172520838025j,-0.6566060315105933+3.0823409778292503j,0.00047551529578667004
-0.2506305587702697-0.0010885940818640904j,-0.7271916224274034+3.205218732247577j,-0.6565794939360201+3.082300872066465j,0.0004765156450849246
-0.25063144111199603-0.00109012552169037j,-0.7272145732516686+3.205264880979472j,-0.6565529924113306+3.082260824687533j,0.000477515993645998
-0.250632322829456-0.0010916559009687158j,-0.7272374906463588+3.2053109672515343j,-0.6565265268112493+3.082220835486694j,0.0004785163414729859
-0.2506332039243893-0.001093185222670645j,-0.7272603747290595+3.2053569912803748j,-0.6565000970111985+3.08218090425934j,0.00047951668856896447
-0.25063408439852697-0.0010947134897531634j,-0.7272832256166982+3.205402953281401j,-0.6564737028872922+3.082141030802009j,0.0004805170349369906
-0.2506349642535917-0.0010962407051588667j,-0.7273060434255498+3.2054488534688264j,-0.6564473443163318+3.082101214912374j,0.00048151738058010215
-0.2506358434912979-0.00109776687181604j,-0.727328828271241+3.2054946920556793j,-0.6564210211757998+3.0820614563892352j,0.0004825177255013179
-0.2506367221133516-0.0010992919926387569j,-0.7273515802687558+3.2055404692538114j,-0.6563947333438555+3.0820217550325126j,0.00048351806970363783
-0.25063760012145053-0.001100816070526978j,-0.7273742995324399+3.2055861852739076j,-0.6563684806993293+3.081982110643236j,0.00048451841319004335
-0.25063847751728435-0.0011023391083666487j,-0.7273969861760061+3.205631840325494j,-0.6563422631217181+3.0819425230235358j,0.00048551875596349725
-0.2506393543025345-0.0011038611090297948j,-0.7274196403125388+3.205677434616947j,-0.6563160804911797+3.0819029919766368j,0.0004865190980269441
-0.2506402304788743-0.001105382075374619j,-0.7274422620544986+3.205722968355502j,-0.6562899326885284+3.0818635173068483j,0.0004875194393833101
-0.25064110604796913-0.001106902010245595j,-0.7274648515137272+3.2057684417472627j,-0.6562638195952295+3.081824098819557j,0.0004885197800355036
-0.25064198101147644-0.0011084209164735628j,-0.7274874088014521+3.2058138549972073j,-0.6562377410933949+3.081784736321218j,0.0004895201199864149
-0.25064285537104564-0.0011099387968758199j,-0.7275099340282914+3.2058592083092j,-0.6562116970657781+3.0817454296193474j,0.0004905204592389167
-0.2506437291283183-0.0011114556542562149j,-0.7275324273042579+3.2059045018859966j,-0.656185687395769+3.0817061785225133j,0.0004915207977958638
-0.25064460228492824-0.0011129714914052391j,-0.7275548887387641+3.2059497359292553j,-0.6561597119673899+3.08166698284033j,0.0004925211356600939
-0.2506454748425015-0.0011144863111001164j,-0.7275773184406261+3.205994910639542j,-0.6561337706652902+3.081627842383447j,0.0004935214728344272
-0.2506463468026564-0.001116000116104894j,-0.7275997165180689+3.2060400262163413j,-0.656107863374742+3.0815887569635447j,0.0004945218093216667
-0.2506472181670037-0.0011175129091705305j,-0.72762208307873+3.2060850828580625j,-0.6560819899816354+3.0815497263933245j,0.0004955221451245983
-0.2506480889371464-0.0011190246930349857j,-0.7276444182296644+3.2061300807620485j,-0.6560561503724738+3.0815107504865016j,0.0004965224802459911
-0.2506489591146801-0.0011205354704233064j,-0.7276667220773484+3.2061750201245838j,-0.6560303444343697+3.081471829057798j,0.0004975228146885974
-0.2506498287011928-0.0011220452440477144j,-0.7276889947276842+3.206219901140901j,-0.6560045720550399+3.0814329619229346j,0.0004985231484551531
-0.2506506976982651-0.0011235540166076924j,-0.7277112362860042+3.20626472400519j,-0.6559788331228014+3.081394148898624j,0.0004995234815483771
-0.2506515661074702-0.0011250617907900685j,-0.7277334468570748+3.206309488910605j,-0.6559531275265664+3.0813553898025634j,0.0005005238139709723
-0.25065243393037395-0.001126568569269102j,-0.7277556265451008+3.2063541960492725j,-0.6559274551558387+3.081316684453427j,0.0005015241457256254
-0.2506533011685349-0.0011280743547065657j,-0.7277777754537301+3.206398845612298j,-0.6559018159007087+3.0812780326708586j,0.0005025244768150067
-0.2506533011685349-0.0011280743547065657j,-0.7277777754537301+3.206398845612298j,-0.6559018159007087+3.0812780326708586j,0.0005025244768150067
-0.250654167820726-0.0011295791513773457j,-0.7277998938464623+3.206443437703449j,-0.6558762095026601+3.081239434368284j,0.0005035248072544523
-0.2506580605799615-0.0011363385506329292j,-0.7278990497221944+3.2066433970190027j,-0.6557613862702366+3.0810663979055724j,0.0005080314594367875
-0.2506754358983611-0.001166514564689646j,-0.7283378311087669+3.2075293267771996j,-0.6552526694017959+3.0803006468969336j,0.0005284127134580713
-0.2507042517678548-0.0012165792502410071j,-0.7290523315138308+3.2089757227538613j,-0.6544221696056101+3.0790535917129307j,0.0005629352431453895
-0.250733643309075-0.0012676694162934439j,-0.7297650508996573+3.2104231926552633j,-0.6535911124708825+3.0778094871167436j,0.0005988857934933812
-0.2507641246068459-0.0013206808941406399j,-0.7304880944562236+3.2118964349274894j,-0.652745320440004+3.07654719660679j,0.0006369479861374904
-0.2507957064811073-0.0013756355037390711j,-0.7312209763846244+3.213394692869842j,-0.651885232506513+3.075267558060201j,0.0006772044276005781
-0.25082842278388073-0.0014325953301518827j,-0.7319637539411+3.214918317980308j,-0.6510106516279064+3.0739704610007847j,0.0007197700882909685
-0.250862307042271-0.001491622143869296j,-0.7327164573043052+3.216467613228248j,-0.6501214088779141+3.0726558417573373j,0.0007647637880726201
-0.2508973936722152-0.0015527795280350987j,-0.7334791180677205+3.2180428912482237j,-0.6492173300481862+3.07132363370492j,0.0008123099213310689
-0.2509337177024477-0.001616132414685787j,-0.7342517628678068+3.219644461353026j,-0.6482982431134453+3.069973778376873j,0.0008625382837118658
-0.2509713149994652-0.0016817474947405338j,-0.7350344181242585+3.2212726394270508j,-0.647363972564598+3.0686062171684787j,0.0009155845787560547
-0.2510102221001825-0.0017496929450848458j,-0.7358271062836874+3.2229277402622576j,-0.6464143438185936+3.0672208978822417j,0.0009715903924605433
-0.25105047628421373-0.0018200385743791833j,-0.7366298472570849+3.2246100806295637j,-0.6454491814675093+3.0658177722000577j,0.0010307035033513005
-0.2510921157044555-0.0018928560723808579j,-0.7374426608110791+3.2263199844286308j,-0.6444683063368283+3.0643967914848207j,0.0010930782997851003
-0.25113517912784555-0.0019682185788906467j,-0.7382655612884204+3.22805777172688j,-0.6434715417863764+3.062957915990812j,0.001158875619873438
-0.2511797061545957-0.0020462010901205114j,-0.7390985618382406+3.22982376774341j,-0.6424587085694506+3.061501107450797j,0.0012282633104507426
-0.25122573719925917-0.0021268804503650927j,-0.7399416738167592+3.2316183017442577j,-0.6414296254807847+3.0600263301030557j,0.0013014164467920752
-0.25127331334436154-0.0022103351211679887j,-0.7407949039956622+3.2334417012179086j,-0.6403841127106571+3.058533555554918j,0.0013785173454186122
-0.2513224766068355-0.002296645675534529j,-0.7416582592897214+3.2352943020756673j,-0.6393219860102514+3.057022754492316j,0.001459756250765805
-0.2513732695589254-0.0023858941611286243j,-0.7425317399238825+3.2371764341434224j,-0.6382430650249661+3.055493908614878j,0.001545330972491233
-0.2514257357556468-0.00247816488050253j,-0.7434153468767964+3.239088437244547j,-0.6371471640890378+3.053946997589747j,0.0016354478669625512
-0.2514799194066821-0.002573543846233035j,-0.744309076095183+3.2410306488828744j,-0.6360340993025347+3.052382009155474j,0.0017303215635679566
-0.2515358656473587-0.002672119290507543j,-0.7452129229835108+3.2430034140825232j,-0.6349036829078675+3.050798931239921j,0.001830175722055136
-0.2515936202033027-0.0027739811091954986j,-0.7461268768609474+3.245007073443638j,-0.6337557301513582+3.0491977616450505j,0.0019352427301823428
-0.25165322978706367-0.002879221597052017j,-0.747050927318442+3.247041977141982j,-0.6325900512786496+3.0475784968895807j,0.0020457647219148433
-0.2517147417737325-0.002987934914075058j,-0.7479850589829278+3.249108473604683j,-0.6314064580410612+3.045941141356928j,0.0021619933008032556
-0.2517782042759568-0.003100217257167672j,-0.748929252787124+3.2512069123655767j,-0.6302047620769778+3.044285705049134j,0.0022841899862635386
-0.25184366641110423-0.0032161673750952667j,-0.7498834898722702+3.253337652891242j,-0.6289847698768698+3.0426121967186908j,0.0024126270686195697
-0.2519111778426609-0.0033358858010364453j,-0.7508477447654766+3.2555010495391197j,-0.6277462914164906+3.0409206358059215j,0.0025475870565556196
-0.25198078915079397-0.003459475554601785j,-0.7518219908548699+3.257697463872282j,-0.6264891331250193+3.0392110428132493j,0.0026893637508631865
-0.2520525516036491-0.0035870417848821645j,-0.7528061970929939+3.25992725741213j,-0.6252131020548319+3.0374834450614836j,0.0028382621468705602
-0.2521265172903631-0.0037186920570757933j,-0.7538003299030432+3.262190796051081j,-0.6239180033765921+3.0357378733190883j,0.0029945990732475895
-0.2522027391361941-0.0038545364331530585j,-0.754804353331501+3.2644884505746683j,-0.622603640103129+3.0339743615051202j,0.003158703614739002
-0.25228127060695243-0.003994687000517981j,-0.7558182252131478+3.2668205880042738j,-0.6212698180637657+3.0321929533983893j,0.0033309168573713507
-0.2523621661267014-0.004139258674576653j,-0.7568419027294109+3.269187584444231j,-0.6199163385779349+3.0303936928468875j,0.0035115931947456176
-0.2524454807758234-0.004288368721545918j,-0.7578753384903323+3.2715898162483805j,-0.6185430035317936+3.028576630621221j,0.0037011000836945375
-0.25253127043127066-0.004442137072739419j,-0.7589184823960777+3.2740276644467987j,-0.6171496128708276+3.026741821114405j,0.003899818780543411
-0.2526195915516276-0.004600686006076307j,-0.7599712790990056+3.276501508949804j,-0.6157359679373748+3.0248893267764756j,0.0041081442739286066
-0.2527105014770656-0.004764140753697843j,-0.7610336717253532+3.279011737389926j,-0.6143018664424577+3.0230192115379957j,0.004326486434233794
-0.25280405816317225-0.0049326290977452815j,-0.7621055987532999+3.28155873795345j,-0.6128471065888933+3.0211315462713784j,0.004555269847621716
-0.25290032021116754-0.0051062815001200355j,-0.763186994550746+3.284142900738114j,-0.6113714863211481+3.0192264078160576j,0.00479493434605645
-0.25299934693231196-0.005285231298241695j,-0.7642777902361361+3.286764619934318j,-0.6098748021068445+3.01730387743137j,0.005045935648805863
-0.2531011984057282-0.005469614893944973j,-0.7653779143789772+3.289424295693374j,-0.6083568478994477+3.0153640395275376j,0.005308746020656612
-0.25320593506639266-0.00565957109475151j,-0.7664872886970329+3.2921223238582633j,-0.6068174210278597+3.0134069892208015j,0.005583853709188632
-0.2533136182613065-0.005855242211879521j,-0.7676058342142655+3.2948591109928707j,-0.6052563136483671+3.0114328214423196j,0.00587176491584277
-0.2534242175355948-0.006056605193208668j,-0.7687325357263806+3.2976327645960124j,-0.6036746297513043+3.0094432832787805j,0.006172747883597304
-0.253537693043485-0.006263620500590063j,-0.769866346881582+3.3004412701018815j,-0.6020735423444513+3.0074401787483436j,0.00648704295247826
-0.25365409706037756-0.006476417684899434j,-0.7710071811149546+3.3032849639093413j,-0.6004528840743425+3.00542361709526j,0.0068151508976912484
-0.2537734802938584-0.006695125357958364j,-0.7721549309072502+3.3061641397526462j,-0.5988125127689717+3.003393743381359j,0.007157582589979153
-0.2538958936683902-0.006919874523646821j,-0.7733094863323565+3.30907909431069j,-0.5971522854481341+3.0013507057204536j,0.0075148642570142445
-0.25402138824801923-0.007150798524278994j,-0.7744707345234901+3.312030125939704j,-0.5954720590682469+2.9992946562009144j,0.00788753767383809
-0.25415001524960246-0.007388033156068389j,-0.775638560020611+3.315017535616817j,-0.5937716900080159+2.9972257502495903j,0.00827616062336472
-0.254281825966633-0.0076317166234663196j,-0.776812844299058+3.3180416258051757j,-0.5920510347380034+2.9951441474451714j,0.008681307098331613
-0.2544168717787279-0.007881989654602092j,-0.77799346610074+3.3211027013600103j,-0.590309949328629+2.993050010910394j,0.009103567768482333
-0.25455520411435734-0.008138995534326315j,-0.7791803013409314+3.3242010693594484j,-0.588548289570934+2.990943507455354j,0.009543550317553608
-0.2546968743983127-0.00840288011228107j,-0.7803732229068306+3.327337038642068j,-0.58676591126423+2.9888248079135082j,0.010001879736794802
-0.25484193403505084-0.008673791881237524j,-0.7815721007814176+3.3305109201882437j,-0.5849626700242774+2.9866940869005765j,0.010479198740541922
-0.2549904343639518-0.00895188200714826j,-0.7827768019380552+3.333723026903463j,-0.5831384214319583+2.9845515229802517j,0.010976168101021963
-0.25514242665598263-0.00923730444078661j,-0.783987190583207+3.3369736743296627j,-0.5812930206553664+2.982397298210727j,0.011493467132319489
-0.255297962011694-0.009530215848522839j,-0.7852031276186152+3.340263179267701j,-0.5794263232584499+2.9802315990798696j,0.012031793848656287
-0.2554570913818142-0.009830775777202939j,-0.7864244711041354+3.3435918610748634j,-0.5775381844911196+2.9780546156602186j,0.012591865548375703
-0.25561986551578963-0.010139146688742919j,-0.7876510761439838+3.3469600414306626j,-0.5756284594499264+2.975866541789023j,0.013174419167411916
-0.2557863348620609-0.01045549390713012j,-0.7888827944416015+3.3503680431707967j,-0.5736970037668773+2.9736675758408597j,0.013780211461474585
-0.25595654958431885-0.010779985789555932j,-0.790119474748466+3.353816191568136j,-0.5717436729110342+2.9714579199061126j,0.014410019613867198
-0.2561305595095844-0.011112793774013568j,-0.791360962795165+3.3573048142120956j,-0.5697683222859676+2.9692377798916296j,0.015064641616320146
-0.25630841405034216-0.011454092381899941j,-0.7926071010608127+3.3608342404217657j,-0.5677708075913195+2.967007365911298j,0.015744896558720727
-0.2564901621333654-0.011804059237590465j,-0.7938577286243698+3.3644048008645107j,-0.5657509850676881+2.9647668925319106j,0.016451624945882017
-0.2566758522299192-0.012162875288732016j,-0.79511268172352+3.3680168291994192j,-0.5637087105967235+2.9625165777511726j,0.01718568942487519
-0.25686553223384323-0.012530724739942083j,-0.7963717932666036+3.371670660750269j,-0.5616438404827335+2.9602566438499873j,0.017947974936804806
-0.2570592494206504-0.012907795147432432j,-0.7976348929314173+3.3753666328355374j,-0.5595562312968029+2.957987317194758j,0.018739389190962942
-0.25725705035505614-0.013294277419251778j,-0.798901806939702+3.3791050841528505j,-0.5574457402556109+2.9557088286221886j,0.019560862941254777
-0.25745898086516406-0.013690365951087738j,-0.8001723582845338+3.382886355484118j,-0.5553122248546227+2.9534214130108083j,0.02041335054806036
-0.2576650859358786-0.014096258610566565j,-0.8014463664533293+3.3867107889153347j,-0.5531555433404051+2.951125309759506j,0.021297830217159697
-0.2578754097268224-0.014512156972678412j,-0.8027236479432593+3.390578729424035j,-0.5509755538478927+2.948820761838867j,0.022215304786167848
-0.25808999547593736-0.014938266338561806j,-0.8040040160616497+3.3944905243561645j,-0.5487721147296933+2.94650801612856j,0.0231668020480447
-0.25830888525279166-0.015374795459584268j,-0.805287279887216+3.398446520275026j,-0.5465450863638753+2.944187325275498j,0.024153374391872873
-0.2585321201307077-0.015821957100094874j,-0.8065732457456454+3.4024470674931346j,-0.5442943286346479+2.941858945010415j,0.02517610032817088
-0.2587597399319013-0.016279967759447334j,-0.8078617161543256+3.406492516871463j,-0.5420197027691606+2.9395231360361547j,0.02623608412409919
-0.25899178329463646-0.0167490480444238j,-0.8091524906655702+3.410583222482017j,-0.5397210698745036+2.937180162481988j,0.027334456921650877
-0.2592282873845927-0.017229422333446716j,-0.8104453647120172+3.4147195379989466j,-0.537398293001493+2.934830293979823j,0.028472376205907035
-0.25946928800702523-0.01772131925688955j,-0.8117401307205222+3.4189018202419503j,-0.5350512351885972+2.9324738036258435j,0.02965102718308455
-0.2597148193679634-0.018224971475801786j,-0.8130365772934733+3.423130426591598j,-0.5326797609497066+2.9301109694506207j,0.030871622503107227
-0.2599649140107211-0.01874061582244932j,-0.8143344893916096+3.4274057155646505j,-0.5302837359861954+2.9277420740727167j,0.03213540282839496
-0.26021960281577267-0.01926849358306202j,-0.8156336488373508+3.4317280484937633j,-0.5278630262823952+2.9253674037636817j,0.03344363776728192
-0.2604789147308166-0.01980885023236801j,-0.8169338334438283+3.436097786666031j,-0.5254174997460662+2.922987250022801j,0.03479762544944954
-0.2607428767955068-0.02036193578516889j,-0.8182348176895456+3.4405152935576466j,-0.5229470249935212+2.9206019083307355j,0.03619869362266857
-0.26101151387605187-0.02092800455332871j,-0.8195363719510853+3.444980932233741j,-0.5204514728414567+2.9182116795422828j,0.037648199251943654
-0.2612848487975616-0.021507315746721836j,-0.8208382637103651+3.449495069463283j,-0.5179307140443475+2.915816867658284j,0.03914753027062494
-0.2615629019094476-0.02210013289023642j,-0.8221402560288382+3.454058070468231j,-0.5153846222666618+2.91341778261607j,0.040698104283268574
-0.26184569117869866-0.022706724362771175j,-0.8234421086028207+3.4586703025208387j,-0.5128130721105943+2.91101473834087j,0.042301370153058085
-0.26213323199214-0.02332736333343434j,-0.824743577429664+3.4633321337741885j,-0.5102159398080812+2.9086080533487793j,0.043958808033615134
-0.2624160986476119-0.023941760888370595j,-0.8260027530131158+3.4678922056688584j,-0.507677529263874+2.906275306638672j,0.04561587081262944
-0.26271316270209777-0.02459116427787775j,-0.8273033391128146+3.4726549321032536j,-0.5050284701123187+2.903861291197323j,0.047385196326429284
-0.2630053664603335-0.025234171423801174j,-0.8285616074979173+3.4773149802869585j,-0.5024386746137867+2.9015212777561175j,0.049154129882095325
-0.263311847432552-0.025913172518802364j,-0.8298596991427585+3.4821778572261874j,-0.4997384462710529+2.8991023673193j,0.0510407089302228
-0.2636132788665979-0.026585629074116126j,-0.8311154985164649+3.486937236175511j,-0.4970979670897875+2.8967574366022575j,0.0529268792521615
-0.2639291819038671-0.02729539210026875j,-0.8324100854722853+3.491901748531465j,-0.4943461014170521+2.894334939548203j,0.054937103589652224
-0.26423983819231506-0.027998463147001548j,-0.8336624153586121+3.496761945957006j,-0.4916544696766321+2.891986384195818j,0.056946901993088585
-0.2645651390535786-0.02874018815786178j,-0.834952448479101+3.5018295458494646j,-0.4888505350437412+2.889561663226908j,0.05908740962912643
-0.26488498758148776-0.02947507495299254j,-0.8362002702791435+3.506792018712385j,-0.4861073172479063+2.887210828887881j,0.061227473698014775
-0.2652196322700766-0.030250003868168684j,-0.8374846716189042+3.5119641606797396j,-0.48325089953075895+2.8847852822911215j,0.06350516736215131
-0.26554861015076375-0.03101794978906718j,-0.8387269180765312+3.517030368861156j,-0.4804556794526626+2.8824335500171254j,0.06578239940784579
-0.2658925118349435-0.031827366877618786j,-0.8400045799112654+3.522308504297177j,-0.47754638571258384+2.8800086135478096j,0.06820444960526616
-0.26623052279987924-0.032629657919843284j,-0.8412401541993393+3.527479905230218j,-0.47469876796366156+2.877657401563778j,0.07062601972436959
-0.26658355848534504-0.03347489004775996j,-0.8425099380816755+3.5328654759929705j,-0.471736230553163+2.8752345503706827j,0.07319986665272661
-0.2669304695257405-0.03431285508705804j,-0.8437377129264079+3.5381435184834205j,-0.46883584456877997+2.872885315881987j,0.07577321464688411
-0.2672924771834762-0.035195273430599965j,-0.8449984512658013+3.5436379604247876j,-0.46581971975531555+2.8704660617116344j,0.07850657421669664
-0.26764811562248886-0.03607028592192667j,-0.8462172704356993+3.5490240879904578j,-0.4628662185306259+2.868120298269606j,0.08123941561335116
-0.26801853792602853-0.03699042605264467j,-0.8474665863457618+3.5546234999837147j,-0.459799105521941+2.86570847162808j,0.08413748389033474
-0.26838234757978047-0.03790303823282561j,-0.8486741623864046+3.560114023601946j,-0.4567949668114184+2.8633698546668844j,0.08703501589626945
-0.26876044507256963-0.038861063424262314j,-0.8499093571050497+3.5658125011608552j,-0.45368055458500306+2.860969952598537j,0.09010173959268838
-0.26913169237831747-0.039811460468391215j,-0.8511031023342193+3.5714017929133814j,-0.4506293085492898+2.8586427859412367j,0.09316791070627554
-0.26951711400084655-0.04080860627860914j,-0.8523230135700058+3.577200017884335j,-0.447467680768968+2.8562563610946623j,0.09641062400527631
-0.26989543804514626-0.04179802807607939j,-0.8535017756996773+3.5828887763178257j,-0.44436940253294926+2.8539421813957357j,0.09965276836179622
-0.2702877782071754-0.04283554284439935j,-0.8547052125499301+3.58878731546257j,-0.44116072159142816+2.8515708343702637j,0.1030789294777173
-0.27067276316850925-0.04386524245744706j,-0.8558678117908206+3.5945761277471133j,-0.4380155629053672+2.849271224328398j,0.1065045052943443
-0.2710715642376113-0.0449444002496683j,-0.8570535748003908+3.6005755140758993j,-0.4347600253142908+2.8469165659876867j,0.1101217336250846
-0.2714627416473738-0.04601565661371151j,-0.8581988226747328+3.606464934118995j,-0.4315681718057167+2.8446331188438756j,0.1137383603306249
-0.2718674905320717-0.04713775570854766j,-0.8593657041014165+3.61256566025787j,-0.42826601177506674+2.8422967707997353j,0.11755442794947647
-0.272264335836259-0.04825187210526111j,-0.860492403764183+3.6185562022493682j,-0.42502768642534766+2.8400310907220856j,0.121369877678666
-0.27267446101505866-0.04941823474750303j,-0.8616391895777877+3.6247587219232402j,-0.4216791749857355+2.837714682466845j,0.12539270485842544
-0.27307639056128175-0.05057653851956403j,-0.8627461377596468+3.630850861694732j,-0.41839463732384785+2.8354683817803363j,0.12941489797605224
-0.2734912584718887-0.05178850898340152j,-0.8638716081050593+3.6371555829003293j,-0.415000085906615+2.833173550949865j,0.13365254284363426
-0.27389762587764954-0.05299234957694118j,-0.8649575956272914+3.6433497512697355j,-0.41166963548949237+2.830948250306693j,0.13788953760159176
-0.27431653725977023-0.054251292004975325j,-0.8660605256074839+3.649757029860509j,-0.40822939919850953+2.828676642454955j,0.14235018468708177
-0.27472662973454526-0.05550203878185688j,-0.8671243382025765+3.6560536063576343j,-0.4048533788006604+2.8264739705408943j,0.14681016577571038
-0.27514881658692775-0.0568093368040142j,-0.868203500597622+3.662563750012748j,-0.4013678540390917+2.824227235041181j,0.15150212074240355
-0.27556185184121235-0.05810837860299052j,-0.8692439215367167+3.6689630666262443j,-0.3979466474072877+2.822048824635836j,0.15619339401955892
-0.27598647343150334-0.0594654321005067j,-0.8702980872204374+3.675576325292102j,-0.3944162767233999+2.8198286153674252j,0.16112506829492707
-0.27640159567620226-0.060814173973100016j,-0.8713138978029381+3.6820786571520707j,-0.39095031328160673+2.817676103899763j,0.16605604542004176
-0.27682773490458995-0.06222239665776061j,-0.8723418374031437+3.688795219413118j,-0.38737558693610846+2.8154840775308267j,0.17123594353948224
-0.27724401119041675-0.06362225739891064j,-0.8733318186112878+3.6954007811865397j,-0.38386534333709466+2.8133591053689098j,0.176415129318507
-0.2776706711807454-0.06508307495895946j,-0.8743323048699415+3.7022207746611966j,-0.3802467986619638+2.81119691823007j,0.1818518384459904
-0.27808708795531456-0.06653548518925265j,-0.8752952396776729+3.708929720838088j,-0.3766927982082248+2.8091011256417273j,0.18728782035185335
-0.27851318805334785-0.06805033120897803j,-0.8762670484970178+3.7158532033972507j,-0.373031023778548+2.806970433488778j,0.192989991703665
-0.27892864715478055-0.06955672924779883j,-0.8772017229660776+3.7226656196955554j,-0.3694338404838914+2.804905460312171j,0.19869142130259243
-0.2793530192564005-0.0711270417173605j,-0.8781436353894101+3.7296925754400467j,-0.36572947765060193+2.802807916259352j,0.20466775374828486
-0.27976633422718666-0.07268887002861536j,-0.8790488406411233+3.736608474801787j,-0.3620897377595837+2.800775399847588j,0.21064333030171317
-0.2801877192922286-0.07431608803867543j,-0.8799596452573332+3.7437388124564075j,-0.3583434808243618+2.7987126514594216j,0.21690255491228175
-0.28059761187523247-0.0759347898499429j,-0.8808341798420467+3.750758133380804j,-0.3546618630198801+2.796714223829565j,0.22316100992507373
-0.2810146560249937-0.07762034806270884j,-0.8817126742387978+3.757991676557446j,-0.3508744635971818+2.794687912462328j,0.22971186626652748
-0.2814197522738442-0.0792973617744354j,-0.8825553456349844+3.765114273550101j,-0.34715170325103045+2.7927251995499374j,0.2362619397830244
-0.28183100387465987-0.0810426879084458j,-0.8834003398804064+3.77245076600988j,-0.34332396665321563+2.7907369552134496j,0.2431131641857175
-0.2822298312078539-0.08277944447579959j,-0.8842099678700399+3.77967641456397j,-0.33956085237126876+2.788811571916951j,0.24996359305657642
-0.2826337368319239-0.08458595135867732j,-0.8850202854282908+3.787115503852188j,-0.3356936452305937+2.786863014129166j,0.257123886190941
-0.2830247200415179-0.08638386628661489j,-0.8857957031178905+3.7944438844568715j,-0.3318910262532132+2.784976564970574j,0.2642833716531357
-0.2834196217105135-0.08825294781035177j,-0.8865701842383844+3.8019851244507885j,-0.3279852741151887+2.783069298078076j,0.27176138168880676
-0.2838010801996659-0.0901134170014054j,-0.8873102413649245+3.8094158249288257j,-0.3241440580285016+2.7812233726641615j,0.27923857252273865
-0.2841852123362683-0.09204644159403036j,-0.8880477454893101+3.817058669654495j,-0.3202007474142373+2.779358983514343j,0.2870428691630342
-0.2845553571020661-0.0939708347280242j,-0.8887513108287829+3.824591179030614j,-0.3163219021774787+2.7775551541982435j,0.29484633572760366
-0.28492684377679817-0.09596913834874471j,-0.8894507191860852+3.8323349767201633j,-0.31234208238807476+2.7757352095308696j,0.30298538286857124
-0.28528377469812066-0.09795879178062553j,-0.8901166831444473+3.8399686793135785j,-0.3084266381118927+2.773975028802621j,0.31112358976051524
-0.285640627578081-0.10002367252926789j,-0.8907769021712406+3.847812674627288j,-0.3044114187216583+2.7722010706105924j,0.31960572546632704
-0.285982331385639-0.10207988377920885j,-0.8914041801299498+3.855546852075078j,-0.3004604652715539+2.770486066582232j,0.3280870114930491
-0.28632244716836164-0.10421259123575577j,-0.892024143324565+3.8634901699019752j,-0.296411022965442+2.7687596116727766j,0.3369204071926866
-0.28664679498102197-0.10633660824676548j,-0.892611677576002+3.8713239852739987j,-0.2924257166088776+2.767091287484716j,0.3457529445720694
-0.2869679546565076-0.10853834045325526j,-0.8931903500478366+3.8793656455273466j,-0.2883432860310414+2.7654138199157186j,0.35494559654497354
-0.2872727012394365-0.11073135842077972j,-0.8937371141679059+3.8872981575726424j,-0.28432484060048974+2.763793646479429j,0.36413738238394694
-0.28757256831885936-0.11300324983295758j,-0.8942734944652415+3.8954370574491666j,-0.28021072175431483+2.7621666173355766j,0.37369706698701805
-0.28785535044722854-0.11526639907414582j,-0.8947784952352765+3.9034672032069113j,-0.27616041583410406+2.7605960329309154j,0.38325587851171694
-0.28813147064953376-0.11760951355941193j,-0.8952716189471098+3.911702120380088j,-0.27201597066143984+2.7590208553511304j,0.3931901291427505
-0.2883898068630781-0.11994385238258799j,-0.8957338998780535+3.9198287181445384j,-0.2679351442929595+2.7575012607821696j,0.4031235006581242
-0.28863960817005685-0.12235917514448273j,-0.8961828428748991+3.928158311172374j,-0.26376179462153015+2.755979305798018j,0.4134395814625909
-0.2888708989197529-0.12476568165265038j,-0.8966014873994403+3.9363800607579376j,-0.2596518473263581+2.754512060308093j,0.4237547780560579
-0.2890916921356774-0.12725411032427925j,-0.8970053688789638+3.94480286782469j,-0.25545107358759817+2.7530446531329265j,0.4344596552602528
-0.2892932204562051-0.1297336733936255j,-0.8973795033653064+3.9531183492142135j,-0.2513134631319424+2.7516310707402383j,0.44516364413205994
-0.289482200352524-0.13229600805079084j,-0.8977374887405419+3.9616327845318637j,-0.2470868041589344+2.7502194875223207j,0.4562639537964624
-0.2896511331461457-0.13484941723761057j,-0.8980662853675677+3.9700404542458214j,-0.24292304636189402+2.7488608337853937j,0.4673633720107885
-0.289805380656814-0.13748635544991475j,-0.898377589786197+3.978644822209344j,-0.23867209031473763+2.7475062955702523j,0.4788654107958851
-0.28993877095962606-0.1401142959040674j,-0.898660269933742+3.987143026994078j,-0.2344837502400501+2.746203781773146j,0.49036655603873397
-0.29005525533978593-0.14282641850763378j,-0.8989241603140702+3.995835506124869j,-0.23021014051101987+2.7449074537623597j,0.5022762329257954
-0.2901500447066194-0.1455294566776297j,-0.8991599966816998+4.004422467191368j,-0.22599883818949446+2.7436622360127285j,0.514185015227134
-0.29022562716236244-0.1483172250606627j,-0.8993757950840219+4.013201132617008j,-0.22170426019477588+2.7424252208195696j,0.5265078544842579
-0.29027864935268705-0.15109580584001958j,-0.8995641148937044+4.0218749674759495j,-0.21747165778765573+2.7412383936008466j,0.5388297991734079
-0.29031008675951286-0.15395955243523402j,-0.8997312006030217+4.030737790807187j,-0.2131578370262942+2.7400617287105105j,0.5515709151120963
-0.2903180716291568-0.15681398957285014j,-0.8998713876758757+4.039496513081314j,-0.20890563691445152+2.7389343223445617j,0.5643111375707175
-0.29030291973065153-0.15965935054136945j,-0.8999858203515215+4.048154844697831j,-0.20471289866087894+2.7378541431121923j,0.5770505100685283
-0.290262449681322-0.16263680222903937j,-0.9000794127415833+4.057139933341912j,-0.20037322862718196+2.736768928863653j,0.5904240502363138
-0.29019714517348605-0.16560472153281433j,-0.900146970652257+4.06602206009505j,-0.19609462240213424+2.735731589708272j,0.6037967002345058
-0.2901073219547347-0.16856332241898622j,-0.9001895867442041+4.074804823482828j,-0.1918749849403588+2.7347401831671787j,0.6171685028431597
-0.2899872043565201-0.17165412282054954j,-0.9002086000920047+4.083906145187727j,-0.18751397195885475+2.7337485021113332j,0.6311820596827366
-0.2898408196330447-0.17473511585174303j,-0.9002024560599178+4.092905758530607j,-0.18321340163047234+2.732803290548934j,0.6451947323511633
-0.28966848333592055-0.17780649466839993j,-0.9001721962273938+4.101807147929134j,-0.17897124399230624+2.7319026941269287j,0.6592065627717014
-0.28946070469859675-0.18101010854614058j,-0.9001157799178136+4.111019469263824j,-0.17459294576536175+2.731006231297562j,0.6738677086014141
-0.28922517336407666-0.18420357770740436j,-0.9000350872936821+4.120131421499044j,-0.17027442130116957+2.7301548259504593j,0.6885279785885311
-0.2889622047155917-0.18738707311679478j,-0.8999311098637024+4.129146374349433j,-0.16601370610833513+2.729346710169686j,0.7031874137093257
-0.2886584997839802-0.19070243085964245j,-0.8997986243855082+4.138464270773788j,-0.1616222088943004+2.7285468932920316j,0.7185022368292575
-0.2883255076912307-0.19400723586325486j,-0.8996427449271229+4.147683218018521j,-0.1572897714427432+2.7277907197384548j,0.7338161946936576
-0.28796354378475647-0.19730163555833508j,-0.8994644140468062+4.15680647086253j,-0.1530144949174828+2.7270765061536673j,0.7491293272498735
-0.28755543089890384-0.20072710606257899j,-0.8992554310657433+4.166224366858212j,-0.14861388710895737+2.7263745021683j,0.7651024241519606
-0.2871164523330357-0.20414153674984256j,-0.89902393500405+4.175544808495064j,-0.14427158296422224+2.725714729481529j,0.7810746685489377
-0.28664692364753597-0.20754505022511463j,-0.8987708206935904+4.184770935754076j,-0.1399857492754506+2.725095587244243j,0.7970460992863314
-0.2861257414306902-0.21107842897549386j,-0.8984851196830048+4.194283177404747j,-0.13558008096171528+2.72449229996227j,0.8136806401804827
-0.2855720764005525-0.21460019337310385j,-0.8981777822452869+4.203699527455123j,-0.13123192183595855+2.7239298385829795j,0.8303143433586764
-0.2849862447085757-0.21811043996999702j,-0.8978496568138342+4.2130230116271195j,-0.1269395040629261+2.7234066825294527j,0.8469472465018295
-0.2843431907252726-0.22174893315746852j,-0.897487218822581+4.222623915467693j,-0.12253275934614803+2.722902756550693j,0.8642450247194748
-0.2836660043282883-0.225375141726501j,-0.8971040140718537+4.232130550900571j,-0.11818269500744452+2.722438262103535j,0.8815419819050627
-0.28295500277664454-0.22898913502528495j,-0.8967008460182418+4.241545830323362j,-0.1138876081016739+2.722011756486445j,0.8988381545226178
-0.28218117167145546-0.23272935586226295j,-0.8962618440040272+4.2512297525411675j,-0.10948366955568845+2.721607583528265j,0.9167996935563151
-0.28137153273861537-0.23645651798761577j,-0.8958029351996392+4.26082108166982j,-0.10513555277650392+2.7212414631467987j,0.9347604299716171
-0.28052640500906434-0.24017066248231242j,-0.895324879593308+4.27032261811879j,-0.10084161899597928+2.7209120279671253j,0.952720398974346
-0.279612826465896-0.2440086283184243j,-0.8948096661725502+4.280084011980569j,-0.09644423939456204+2.7206077578224535j,0.971345063145913
-0.27866174601817756-0.24783264970128127j,-0.8942753936467631+4.2897545314688665j,-0.09210179794989112+2.720340180929987j,0.989968944663643
-0.27767348528759805-0.25164273847824814j,-0.893722780119075+4.299336866728572j,-0.08781271913437068+2.7201080025604876j,1.0085920774448454
-0.27661116459286655-0.25557385819891626j,-0.8931318750978455+4.309170303253382j,-0.08342551129784369+2.7199035580088684j,1.0278781325175277
-0.27550963709594634-0.2594900287012597j,-0.8925227440795704+4.318914619146474j,-0.07909233761946165+2.719734470743047j,1.0471634262713452
-0.2743692279840832-0.2633912317377831j,-0.8918960649200556+4.328572396351102j,-0.07481168467959247+2.719599515901198j,1.0664479913151326
-0.2731491810301857-0.2674103175499375j,-0.8912301386360151+4.3384726359902555j,-0.07043808966058936+2.7194946079320235j,1.086392778788906
-0.2718882196124499-0.271413323335327j,-0.8905468026954108+4.348285534869937j,-0.06611760937044026+2.7194237482542074j,1.1063368274579326
-0.2705866736195304-0.27540020000283094j,-0.8898466963905431+4.35801356912652j,-0.0618487911723057+2.7193857790113443j,1.1262801686128732
-0.26924486411632903-0.2793708899998349j,-0.8891304264568973+4.3676591019234685j,-0.057630248308866046+2.7193796004410253j,1.1462228317947654
-0.26780178878849065-0.28349783796498235j,-0.8883662265597778+4.377640773353781j,-0.0532794645252197+2.719405926853714j,1.1670368902033408
-0.2663155399172263-0.2876069987921106j,-0.8875856687875473+4.387537481064948j,-0.04898056607945574+2.7194646160064693j,1.1878502410481622
-0.26478645570756915-0.29169828151790833j,-0.8867893440282174+4.3973515654270665j,-0.0447321783972941+2.7195545942304813j,1.2086629138791494
-0.26321486641089675-0.2957715876758922j,-0.885977813795384+4.40708526299197j,-0.040532987495651096+2.7196748403696915j,1.2294749366327955
-0.26153325793854404-0.29999460854638077j,-0.8851170364290686+4.417139509315055j,-0.036210582276315954+2.719831203546516j,1.2511495847717764
-0.25980625231486515-0.30419788978721146j,-0.8842409188872941+4.427111192692346j,-0.03193881786938389+2.720018298369269j,1.272823558053283
-0.2580341986529484-0.3083812977427058j,-0.883350006558827+4.43700252250003j,-0.027716395105611805+2.7202351304119317j,1.294496884297509
-0.25621743899388194-0.3125446921925525j,-0.8824448183664706+4.446815612837202j,-0.023542070469717055+2.7204807526545136j,1.3161695898413635
-0.2542820351234852-0.3168508457016028j,-0.8814893452112935+4.456934799655441j,-0.019252887328684465+2.7207656040114294j,1.338696059041355
-0.2522990630605014-0.32113504778038804j,-0.8805195104430046+4.466973820103842j,-0.015013101602498382+2.7210796194680094j,1.3612218870230237
-0.25026888583750273-0.32539712155795936j,-0.8795358169565001+4.4769347582135515j,-0.010821486353472106+2.7214218787021167j,1.3837470999122417
-0.24819186030141774-0.32963688451807394j,-0.8785387438217998+4.486819610648614j,-0.006676865722563453+2.72179150415501j,1.4062717224744605
-0.24598781873815148-0.33401183026661263j,-0.8774906335854658+4.496996713760396j,-0.002425311639383121+2.7222030170665517j,1.429640203731904
-0.24373411387056673-0.33836234354746364j,-0.876429099212364+4.507096028230651j,0.0017780789690887437+2.722642193377986j,1.453008077989945
-0.24143112600166575-0.34268820407233325j,-0.8753546040463394+4.517119518659825j,0.005934464141874806+2.7231081818300225j,1.4763753697288284
-0.23907923013555732-0.34698918681187196j,-0.8742675899967209+4.527069069579297j,0.010044955063447384+2.7236001697198566j,1.4997421021835673
-0.23659223189477283-0.35141720235502255j,-0.8731290328378709+4.537297706063502j,0.014254907557581306+2.7241362967367926j,1.523942068668229
-0.23405357529299778-0.35581802719637207j,-0.8719779466678237+4.54745089978042j,0.018417913596655525+2.72469865550805j,1.5481414626348944
-0.23146366157566714-0.3601913977629626j,-0.870814758131643+4.55753050197496j,0.022535065753479494+2.7252864589425947j,1.5723403069774613
-0.22882288757231867-0.3645370466350743j,-0.8696398745969673+4.567538290533807j,0.026607413633073833+2.7258989547048524j,1.596538623451917
-0.2260392423100941-0.3690010380645553j,-0.868413152234905+4.577812712088793j,0.0307722069093531+2.7265574807782045j,1.6215590763145338
-0.22320206869051779-0.37343479750406405j,-0.8671747530458302+4.588013993923705j,0.03489124747942891+2.7272408771173144j,1.646578991128441
-0.22031179287056835-0.3778380185784485j,-0.8659250697128192+4.5981438800579735j,0.03896556592087412+2.727948416095103j,1.6715983892683026
-0.21736883746656618-0.38221039195617995j,-0.8646644775832806+4.608204047305945j,0.042996153409567694+2.7286794014140416j,1.6966172910703194
-0.21437362187630965-0.38655160565830887j,-0.8633933356586464+4.6181961088196575j,0.04698396378768333+2.7294331663357068j,1.7216357158959288
-0.21120254313230394-0.3910345619892669j,-0.862060080509186+4.628520698917488j,0.05108825397484698+2.730240832734221j,1.7476626386204157
-0.20797581880580496-0.3954830970130076j,-0.8607161489982545+4.638774939716078j,0.05514823502133313+2.731071773697358j,1.773689065809416
-0.20469391205936058-0.3998968522647676j,-0.8593618951738813+4.648960450367491j,0.05916486521891638+2.7319253293460797j,1.7997150170498093
-0.20135728358748153-0.4042754674364686j,-0.8579976578905525+4.6590787897436154j,0.06313906747398575+2.7328008673460684j,1.8257405110029459
-0.197966391896396-0.40861858064993745j,-0.856623761650025+4.669131459507417j,0.06707173110195157+2.7336977814003647j,1.851765565459713
-0.19438950420650414-0.4130890829476062j,-0.8551876795593467+4.6794988958730395j,0.07111108038573055+2.7346508283491566j,1.87878037859345
-0.1907551441023624-0.417520530009524j,-0.8537418572809757+4.689798687091243j,0.0751075165327151+2.735625659082293j,1.9057947380507692
-0.18706381872617336-0.42191251338130936j,-0.852286613920245+4.700032336405881j,0.07906193063523764+2.736621675107233j,1.9328086617446338
-0.18331603379944386-0.42626462389703795j,-0.8508222552619606+4.710201292971648j,0.08297518199395743+2.737638302161201j,1.9598221667642224
-0.1795122938633056-0.4305764519227978j,-0.849349074485231+4.720306954518362j,0.08684809967597526+2.7386749889267663j,1.986835269422491
-0.17551309243897878-0.43500064070604816j,-0.8478138353551372+4.730711237582043j,0.09081880892860375+2.739769601455434j,2.0148201934465675
-0.17145493283196156-0.4393806976357671j,-0.8462697289655329+4.741050479169936j,0.09474794481623602+2.740884610726059j,2.0428047046722413
-0.16733837355150252-0.4437161671449764j,-0.8447170429168546+4.751326075398508j,0.09863633622881636+2.7420194736949566j,2.0707888194570447
-0.1631639726991931-0.4480065941191807j,-0.8431560531221389+4.761539373810774j,0.10248478346902441+2.743173668652842j,2.0987725534258157
-0.15893228817236976-0.4522515241156319j,-0.8415870244154938+4.7716916756903265j,0.1062940596068887+2.744346694128919j,2.1267559215117675
-0.1544965344632094-0.4565929844543318j,-0.8399562653442578+4.782127624163656j,0.11019292902301799+2.7455790436302494j,2.1556932220200324
-0.15000073433169459-0.4608848040796946j,-0.8383174512843735+4.7925010291673305j,0.11405150539046931+2.7468305023761017j,2.184630149437506
-0.14544550531425232-0.4651264840570583j,-0.8366708414678833+4.8028131880022835j,0.11787056013291644+2.7481005773467104j,2.213566718683041
-0.14083146550898387-0.46931752711423874j,-0.8350166848621067+4.813065354303783j,0.12165083894043692+2.7493887943299886j,2.2425029440240563
-0.13615923374416128-0.47345743784114047j,-0.8333552206883618+4.823258740054248j,0.12539306294898453+2.750694696984935j,2.2714388391120184
-0.13142942973479943-0.4775457228796787j,-0.8316866789085022+4.833394517478772j,0.12909792985135513+2.7520178459627003j,2.300374417015583
-0.12645627357611242-0.4817370508251343j,-0.8299463019556887+4.843862805477899j,0.1329073583552628+2.7534100122817153j,2.3304286759353157
-0.12142236915221788-0.48587160206079j,-0.8281987657762941+4.854271392759403j,0.13667794286372043+2.7548198726020785j,2.3604826075233913
-0.11632841495667887-0.48994883195140193j,-0.8264442993978944+4.864621468704952j,0.1404103919280876+2.756246987279383j,2.3905362251269175
-0.11117511113206886-0.49396819905030076j,-0.8246831230449173+4.874914184187931j,0.14410539136773215+2.7576909328759864j,2.4205895415270176
-0.10596315959868186-0.49792916528060915j,-0.8229154485682563+4.88515065328105j,0.14776360527190124+2.759151301382872j,2.450642568968633
-0.10069326417308197-0.5018311961084776j,-0.8211414798491644+4.895331954868179j,0.15138567694559463+2.76062769948771j,2.4806953191884333
-0.09517439923651758-0.5058101923687477j,-0.8192975868755386+4.905820635711315j,0.1550999560123706+2.7621734397049327j,2.5118225294629677
-0.08959491209621427-0.5097248036600399j,-0.81744736151119+4.916252375304559j,0.15877679916796272+2.7637355643139685j,2.542949456723447
-0.08395559202734205-0.5135744491027302j,-0.8155910057928478+4.926628263267398j,0.16241685669655953+2.7653136815507513j,2.574076112867301
-0.0782572309365156-0.5173585526241292j,-0.8137287142119869+4.936949355276539j,0.16602075881103526+2.766907413613259j,2.605202509301632
-0.07250062345179574-0.5210765431252321j,-0.8118606740705147+4.947216674514032j,0.16958911650366074+2.7685163960151535j,2.636328656968188
-0.06668656700400645-0.5247278546408208j,-0.8099870658159091+4.9574312130372j,0.17312252235105233+2.770140276976419j,2.6674545663668012
-0.06081586189986659-0.5283119264933197j,-0.8081080633572123+4.967593933075455j,0.17662155127632873+2.771778716848482j,2.6985802475774117
-0.054889311387400705-0.5318282034407753j,-0.806223834363177+4.977705768258714j,0.18008676127121967+2.7734313875714975j,2.7297057102807645
-0.04868820244764439-0.5354007766147009j,-0.8042654370149008+4.988134216480032j,0.18364342812257936+2.7751591064261056j,2.761966729448521
-0.042428861458896294-0.5388993156298452j,-0.80230177167811+4.998509947403561j,0.18716492790471453+2.7769014332352477j,2.794227526066978
-0.03611219331865424-0.5423232216022867j,-0.800333005716772+5.008833911217893j,0.19065182898006172+2.7786580386747444j,2.8264881100332397
-0.02973910654484537-0.5456719025558613j,-0.7983593005075023+5.01910703015712j,0.1941046831419676+2.7804286045810227j,2.8587484908536718
-0.023310513314357312-0.548944773569134j,-0.7963808117075356+5.029330199626965j,0.19752402627739865+2.7822128234619123j,2.8910086776628323
-0.016827329494745275-0.5521412569172162j,-0.7943976895080171+5.039504289273445j,0.20091037899597392+2.784010398033959j,2.9232686792413034
-0.010290474669477778-0.555260782208695j,-0.7924100788735671+5.049630143997612j,0.20426424722738643+2.7858210407845556j,2.955528504032492
-0.003700872157059776-0.5583027865179279j,-0.790418119768997+5.0597085849196315j,0.20758612278913152+2.7876444735573074j,2.987788160158476
0.0029405509756503328-0.5612667145129323j,-0.7884219473739957+5.069740410295277j,0.21087648392632388+2.789480427159166j,3.0200476554349587
0.009882848882875708-0.5642578539677243j,-0.7863471874017672+5.080097091736754j,0.21425647883183266+2.7913976446839786j,3.0535060312176525
0.01687885123614191-0.5671638074969917j,-0.7842681759687467+5.090405301147852j,0.21760357558753762+2.793327770418498j,3.0869642443983225
0.02392751077364416-0.56998398217379j,-0.7821850489556652+5.100665857124868j,0.2209182649966107+2.7952705320619127j,3.1204223030333864
0.031027775895316512-0.5727177944149325j,-0.7800979375907764+5.110879555618744j,0.22420102440356762+2.7972256660641484j,3.153880214875041
0.03817859067727615-0.5753646701111945j,-0.7780069686467824+5.121047170792323j,0.22745231819976944+2.7991929172643952j,3.1873379873852365
0.04537889489157525-0.5779240447533839j,-0.775912264627577+5.13116945583646j,0.23067259830477202+2.8011720385481134j,3.2207956277488825
0.05262762403100131-0.5803953635544555j,-0.7738139439454254+5.1412471437473615j,0.233862304624917+2.8031627905214j,3.254253142886336
0.059923709338682817-0.5827780815678276j,-0.7717121210891612+5.151280948067387j,0.23702186549046486+2.805164941201667j,3.287710539465215
0.06726607784227168-0.5850716638020494j,-0.7696069067839395+5.161271563591379j,0.24015169807248313+2.8071782657236684j,3.3211678239115803
0.07465365239248725-0.587275585331962j,-0.7674984081430458+5.171219667040451j,0.2432522087806228+2.8092025460599666j,3.3546250024205286
0.08236330135600835-0.5894663974571414j,-0.7653079290802456+5.181494497557177j,0.24643777151077534+2.8113136571041566j,3.3893281572129212
0.09011921557012335-0.5915596211405716j,-0.7631141395758587+5.191725012519171j,0.24959264157390243+2.8134360999284187j,3.4240312071968346
0.09792017891206428-0.5935547055848139j,-0.7609171478253419+5.201911909879765j,0.2527172384045462+2.815569652734983j,3.4587341587941975
0.10576497065279232-0.5954511121314611j,-0.7587170584743845+5.212055869498604j,0.2558119706505763+2.8177141004772284j,3.4934370181950163
0.11365236552646381-0.5972483143753413j,-0.7565139727605797+5.222157553782688j,0.2588772365520758+2.8198692345979794j,3.5281397913674555
0.12158113380399264-0.5989457982751698j,-0.7543079886482027+5.232217608298581j,0.2619134243032738+2.8220348527803734j,3.5628424840673922
0.12955004137052464-0.6005430622607528j,-0.7520992009564892+5.242236662357354j,0.2649209123984426+2.8242107587105827j,3.5975451018474827
0.13755784980664904-0.6020396173368445j,-0.7498877014817875+5.252215329573733j,0.26790006996261834+2.8263967618517283j,3.632247650065765
0.14560331647318153-0.6034349871837468j,-0.7476735791139283+5.262154208400817j,0.2708512570679497+2.828592677228346j,3.6669501338938297
0.1536851945993623-0.6047287082547391j,-0.7454569199471361+5.2720538826416545j,0.2737748250364318+2.830798325220834j,3.7016525583245796
0.1618022333743203-0.6059203298704164j,-0.7432378073857864+5.281914921938897j,0.27667111672973216+2.8330135313693234j,3.736354928179609
0.17025464265129148-0.6070476422528248j,-0.7409342880888452+5.292099703018275j,0.27964585652302626+2.8353204082368038j,3.772336444701123
0.17874210350930494-0.6080642358809163j,-0.7386283051009899+5.302244147114682j,0.28259199340238034+2.8376371961062477j,3.8083179108471974
0.18726320837625549-0.6089696527580284j,-0.736319942920183+5.312348844215767j,0.2855098826576219+2.839963716799542j,3.844299331633118
0.19581654547615088-0.6097634501711888j,-0.7340092833778215+5.322414370009576j,0.2883998710243108+2.8422997972805195j,3.8802807119006824
0.20440069895622548-0.6104452007865767j,-0.7316964057388728+5.332441286357097j,0.29126229696378325+2.8446452694686397j,3.916262056325321
0.21301424901716526-0.6110144927416115j,-0.7293813867974386+5.342430141744946j,0.29409749093149923+2.8469999700610527j,3.952243369422875
0.22165577204630932-0.6114709297337335j,-0.727064300967991+5.352381471719206j,0.2969057756342838+2.849363740362606j,3.988224655556046
0.23032384075369863-0.6118141311059314j,-0.7247452203725154+5.362295799301379j,0.29968746627701937+2.851736426123374j,4.024205918940535
0.23901702431084915-0.612043731929071j,-0.7224242149237742+5.3721736353873215j,0.3024428707993125+2.8541178773833122j,4.0601871636508875
0.24773388849213096-0.6121593830810766j,-0.720101352404896+5.382015479130012j,0.30517229010262736+2.856507948323668j,4.0961683936260735
0.2564729958186414-0.6121607513230095j,-0.7177766985454843+5.3918218183069575j,0.307876018268353+2.8589064971247997j,4.132149612674791
0.26523290570446323-0.612047519372088j,-0.7154503170944212+5.401593129672952j,0.31055434276723987+2.8613133858300737j,4.168130824480536
0.27433031066812646-0.6118089694596496j,-0.7130379689178423+5.411681687185171j,0.31330311745507733+2.863816053861661j,4.205412798154112
0.28344689228238806-0.6114467323197116j,-0.7106238989102172+5.421733642286951j,0.3160252234695273+2.8663273871567245j,4.242694771770668
0.2925810382685012-0.6109605096421531j,-0.7082081717327505+5.431749490221233j,0.31872095953023855+2.8688472444821116j,4.279976749167679
0.3017311334784833-0.61035002181912j,-0.7057908500695297+5.441729715021548j,0.3213906176257964+2.8713754884844995j,4.317258734055023
0.3108955600825198-0.6096150080143452j,-0.7033719946973097+5.451674789856551j,0.32403448321854306+2.873911985559505j,4.354540730019934
0.32007269775861047-0.6087552262289417j,-0.7009516645523131+5.461585177361062j,0.32665283544143076+2.8764566057263075j,4.391822740531725
0.32926092388435485-0.6077704533637074j,-0.6985299167941973+5.47146132995425j,0.3292459472872855+2.879009222507515j,4.429104768946297
0.3384586137307743-0.6066604852779713j,-0.6961068068673288+5.481303690145574j,0.3318140857908337+2.8815697128140076j,4.4663868185104425
0.34766414065807394-0.605425136845013j,-0.6936823885594996+5.491112690829036j,0.33435751220382876+2.8841379568345182j,4.503668892365966
0.35687587631324924-0.604064242004084j,-0.6912567140582121+5.500888755566294j,0.33687648216359367+2.8867138379297175j,4.540950993553607
0.3660921908294468-0.6025776538090579j,-0.6888298340046504+5.510632298859144j,0.3393712458552794+2.88929724253059j,4.578233125016801
0.3753114530269903-0.6009652444737351j,-0.6864017975454504+5.520343726411857j,0.3418420481681241+2.8918880600408854j,4.615515289605275
0.3845320306159866-0.5992269054138267j,-0.6839726523823767+5.530023435383808j,0.3442891288459808+2.894486182743469j,4.65279749007848
0.39407746237971736-0.5972944898348369j,-0.6814567127076332+5.540011545152914j,0.34679777670429435+2.8971835254780838j,4.691392926247421
0.40362074056342423-0.5952269318089429j,-0.6789396842156351+5.549966498546006j,0.34928150664294016+2.8998884719806144j,4.729988408224147
0.4131600516506232-0.5930241761487405j,-0.6764216152600427+5.559888708931667j,0.3517405682211621+2.902600911880684j,4.768583938883365
0.4226935818136661-0.5906861898818719j,-0.6739025527444887+5.569778580939048j,0.35417520572932343+2.905320737719205j,4.80717952100738
0.4322195171627749-0.5882129622812471j,-0.6713825421706934+5.579636510707084j,0.3565856583376208+2.9080478448573954j,4.8457751572894745
0.4417360439964407-0.5856045048913261j,-0.6688616276846551+5.589462886124638j,0.3589721602394236+2.9107821313893707j,4.884370850337162
0.45124134905309743-0.5828608515504841j,-0.6663398521210079+5.599258087061949j,0.36133494078947304+2.913523498058163j,4.922966602675292
0.46073361976398486-0.5799820584094801j,-0.6638172570456324+5.609022485593787j,0.36367422463716587+2.916271848174997j,4.961562416749025
0.4700083952108767-0.577034114122967j,-0.6613478909889348+5.618548455320383j,0.36594091144526397+2.918968053813675j,4.999333404803022
0.4700083952108767-0.577034114122967j,-0.6613479682246801+5.618548322039538j,0.3659409813214201+2.9189680934186764j,4.999333404803022
0.4700086402464579-0.5770340344658027j,-0.6613479029215448+5.618548573537606j,0.3659410409629856+2.918968164796701j,4.999334404802989
0.47000974290643577-0.5770336760074449j,-0.6613476090574298+5.618549705278666j,0.3659413093498389+2.9189684859978686j,4.999338904802307
0.47001470487354785-0.5770320629221903j,-0.6613462866687879+5.618554798108388j,0.3659425170868089+2.9189699314042614j,4.999359154788496
0.47003703366908345-0.5770248035799846j,-0.6613403359173825+5.61857771573991j,0.3659479518248078+2.9189764357561305j,4.999450279508823
0.4701375121049386-0.5769921272542556j,-0.6613135574851059+5.618680843011802j,0.3659724065589542+2.9190057058073067j,4.99986033634527
0.4705896418481357-0.5768448957541087j,-0.6611930535091706+5.619144873828621j,0.3660824207349421+2.9191374305072646j,5.0017055028927615
0.4726237508750652-0.5761785465991291j,-0.6606507648448693+5.621232164800915j,0.36657683448920375+2.919730383185414j,5.010006944378275
0.48176720283168273-0.5731029036589844j,-0.6582100541396468+5.630607890320607j,0.3687885827125071+2.9224025276795005j,5.0473266984306395
0.49144442373339153-0.5697035280062992j,-0.6556210002048957+5.640520458582793j,0.3711108289904871+2.925243136629639j,5.086900905506954
0.5010998607852366-0.5661625788245569j,-0.6530312563141462+5.65040221639325j,0.37340932188391607+2.9280906844917567j,5.126475189480535
0.5107315683494849-0.5624802433334901j,-0.6504408607731214+5.660253524310589j,0.37568427907500684+2.9309450802844252j,5.1660495526391905
0.5203376033318231-0.5586567334489753j,-0.6478498507416832+5.670074735637251j,0.37793591385848374+2.933806235378044j,5.205623997198603
0.5299160254750211-0.5546922857724192j,-0.6452582622702004+5.679866196614965j,0.3801644352586103+2.9366740634256794j,5.2451985253048745
0.5394648976532231-0.5505871615757858j,-0.642666130334535+5.689628246613454j,0.3823700481422145+2.9395484802965117j,5.2847731390369725
0.5489822861667792-0.546341646782282j,-0.6400734888697088+5.699361218312672j,0.3845529533278766+2.9424294040117527j,5.324347840409064
0.5584662610375389-0.5419560519427242j,-0.637480370802311+5.709065437878829j,0.38671334769143995+2.9453167546829446j,5.363922631372764
0.5679148963045214-0.5374307122075987j,-0.6348868080816996+5.71874122513448j,0.3888514242679932+2.9482104544525223j,5.403497513819295
0.5773262703198841-0.5327659872948395j,-0.6322928317100527+5.728388893722891j,0.3909673723504684+2.9511104274365514j,5.44307248958155
0.5866984660451132-0.5279622614533375j,-0.6296984717713177+5.738008751266943j,0.3930613775849917+2.954016599669543j,5.482647560436084
0.5960295713473541-0.5230199434222015j,-0.6271037574591078+5.747601099522772j,0.3951336220631161+2.9569288990512597j,5.522222728105022
0.6053176792958115-0.5179394663857878j,-0.6245087171035917+5.757166234528372j,0.3971842844110604+2.9598472552954247j,5.561797994257891
0.6145608884581395-0.5127212879245168j,-0.6219133781974161+5.766704446747336j,0.3992135398760733+2.962771599880259j,5.601373360513384
0.623757303196753-0.5073658899614942j,-0.6193177674207087+5.77621602120796j,0.40122156041003404+2.9657018660007686j,5.640948828441055
0.6332144166430433-0.501685114901153j,-0.6166338643720355+5.786022483768186j,0.4032755378304598+2.9687376733384223j,5.681864845217151
0.6426174065624626-0.4958587824750725j,-0.6139497261284202+5.795801073360205j,0.4053071787953372+2.9717796709193265j,5.7227809777701815
0.6519641993856456-0.4898875069927453j,-0.611265379599019+5.805552087581677j,0.407316662782583+2.974827790389503j,5.763697227732809
0.6612527295397528-0.48377193028350635j,-0.6085808508707277+5.815275818415074j,0.4093041658629299+2.977881965153959j,5.804613596687044
0.6704809397967706-0.4775127216086j,-0.6058961652328414+5.824972552367179j,0.41126986078395356+2.980942130329587j,5.845530086165936
0.6796467816211929-0.47111057756825964j,-0.6032113472008476+5.834642570604097j,0.4132139170514394+2.9840082226997207j,5.886446697655212
0.6887482155169995-0.4645662220038259j,-0.6005264205393818+5.844286149081965j,0.41513650100819255+2.9870801806702834j,5.927363432594844
0.6977832113738491-0.457880405894926j,-0.5978414082843887+5.853903558673523j,0.41703777591038876+2.9901579442274606j,5.96828029238056
0.7067497488124054-0.45105390725174105j,-0.5951563327645153+5.863495065290693j,0.41891790200155965+2.9932414548968405j,6.009197278365296
0.7156458175287145-0.4440875310023855j,-0.592471215621772+5.873060930003339j,0.42077703658430216+2.9963306557039564j,6.050114391860594
0.724469417637557-0.43698210887542493j,-0.5897860778314901+5.882601409154327j,0.42261533408979757+2.999425491136182j,6.091031634137953
0.7332185600146922-0.42973849927755814j,-0.5871009397216044+5.892116754471038j,0.42443294614522153+3.00252590710592j,6.131949006430114
0.7418912666379206-0.42235758716649036j,-0.5844158209912891+5.90160721317347j,0.42623002163912405+3.0056318509150386j,6.172866509932317
0.7504855709268848-0.4148402839190249j,-0.5817307407289724+5.911073028079035j,0.4280067067848535+3.0087432712205002j,6.213784145803499
0.7589995180815369-0.40718752719439993j,-0.5790457174297552+5.920514437704194j,0.4297631451820966+3.0118601180011453j,6.254701915167451
0.7674311654191929-0.39940028079289996j,-0.576360769012258+5.929931676363029j,0.431499477876603+3.014982342525575j,6.295619819113936
0.7757785827101044-0.3914795345097687j,-0.5736759128349177+5.939324974262878j,0.4332158434181597+3.0181098973211045j,6.336537858699761
0.7843251960691385-0.3831442466144076j,-0.5708979263390374+5.949019540763343j,0.43497094403689635+3.0213516343365425j,6.378875214042256
0.7927774648431164-0.3746682665847932j,-0.5681200746317806+5.95868896301865j,0.43670496031241884+3.024598978909791j,6.421212721957189
0.8011332950159846-0.3660527778060945j,-0.5653423751553931+5.9683334828019285j,0.43841803767625115+3.0278518825028304j,6.463550383547253
0.8093906083929254-0.3572989927258056j,-0.5625648447799916+5.977953337592322j,0.4401103189499213+3.0311102978873325j,6.505888199880803
0.8175473429881124-0.34840815265267083j,-0.5597874998199552+5.9875487606724755j,0.4417819444042604+3.034374179113543j,6.548226171992949
0.8256014534101117-0.33938152755007284j,-0.5570103560497884+5.997119981223121j,0.4434330518169777+3.0376434814801967j,6.590564300886615
0.8335509112448445-0.33022041582392486j,-0.5542334287194752+6.00666722441487j,0.4450637765285731+3.0409181615054304j,6.632902587533556
0.841393705436023-0.32092614410510895j,-0.5514567325693468+6.016190711497298j,0.446674251496647+3.044198176898644j,6.67524103287534
0.8491278426629768-0.3115000670265028j,-0.5486802818444787+6.025690659885433j,0.44826460734866286+3.047483486533294j,6.717579637824298
0.8567513477157872-0.3019435669946388j,-0.5459040903086394+6.035167283243715j,0.4498349724332182+3.0507740504205647j,6.759918403264431
0.8642622638676439-0.2922580539560402j,-0.5431281712578051+6.04462079156755j,0.45138547286987546+3.054069829683898j,6.802257330052295
0.8716586532443459-0.28244496515827816j,-0.540352537533258+6.054051391262505j,0.45291623259760266+3.0573707865343427j,6.844596419017851
0.878938597190864-0.27250576490579664j,-0.5375772015342855+6.063459285221249j,0.45442737342187256+3.0606768842467j,6.886935670965283
0.8861001966348863-0.26244194431055146j,-0.5348021752304941+6.072844672898306j,0.4559190150604653+3.0639880871364293j,6.929275086673789
0.8931415724472677-0.2522550210375104j,-0.5320274701737536+6.082207750382704j,0.45739127518801986+3.067304360537295j,6.971614666898348
0.8974017479449997-0.24590813846313653j,-0.5303334905426956+68.91982192681012j,0.45828322845211084+65.90120510436589j,6.997709189434421
