-0.977903+0.022097j,0.693147-3.141593j,0.693147-3.141593j,0.000000
-0.977499+0.021893j,0.693147-3.141593j,0.693147-3.141593j,0.000000
-0.977253+0.021788j,0.693147-3.141592j,0.693147-3.141593j,0.000000
-0.977050+0.021696j,0.693147-3.141592j,0.693147-3.141593j,0.000000
-0.976871+0.021615j,0.693147-3.141592j,0.693147-3.141593j,0.000000
-0.976706+0.021542j,0.693147-3.141592j,0.693147-3.141593j,0.000000
-0.976552+0.021474j,0.693147-3.141592j,0.693147-3.141593j,0.000000
-0.976406+0.021412j,0.693147-3.141592j,0.693147-3.141593j,0.000000
-0.976268+0.021353j,0.693147-3.141592j,0.693147-3.141593j,0.000000
-0.976135+0.021298j,0.693147-3.141592j,0.693147-3.141593j,0.000000
-0.976006+0.021246j,0.693147-3.141592j,0.693147-3.141593j,0.000000
-0.975883+0.021196j,0.693147-3.141592j,0.693147-3.141593j,0.000000
-0.975762+0.021149j,0.693147-3.141592j,0.693147-3.141593j,0.000000
-0.975646+0.021104j,0.693147-3.141592j,0.693147-3.141593j,0.000000
-0.975532+0.021060j,0.693147-3.141592j,0.693147-3.141593j,0.000000
-0.975421+0.021019j,0.693147-3.141592j,0.693147-3.141593j,0.000000
-0.975312+0.020978j,0.693147-3.141592j,0.693147-3.141593j,0.000000
-0.975206+0.020940j,0.693147-3.141592j,0.693147-3.141593j,0.000000
-0.975101+0.020902j,0.693147-3.141592j,0.693147-3.141593j,0.000000
-0.974999+0.020866j,0.693147-3.141592j,0.693147-3.141593j,0.000000
-0.974898+0.020832j,0.693147-3.141592j,0.693147-3.141593j,0.000000
-0.974800+0.020798j,0.693148-3.141592j,0.693147-3.141593j,0.000000
-0.974703+0.020765j,0.693148-3.141592j,0.693147-3.141593j,0.000000
-0.974607+0.020733j,0.693148-3.141592j,0.693147-3.141593j,0.000000
-0.974513+0.020702j,0.693148-3.141592j,0.693147-3.141593j,0.000000
-0.974420+0.020672j,0.693148-3.141592j,0.693147-3.141593j,0.000000
-0.974328+0.020643j,0.693148-3.141592j,0.693147-3.141593j,0.000000
-0.974238+0.020615j,0.693148-3.141592j,0.693147-3.141593j,0.000000
-0.974149+0.020587j,0.693148-3.141592j,0.693147-3.141593j,0.000000
-0.974061+0.020561j,0.693148-3.141592j,0.693147-3.141593j,0.000000
-0.973974+0.020534j,0.693148-3.141592j,0.693147-3.141593j,0.000000
-0.973888+0.020509j,0.693148-3.141592j,0.693147-3.141593j,0.000000
-0.973803+0.020484j,0.693148-3.141592j,0.693147-3.141593j,0.000000
-0.973719+0.020460j,0.693148-3.141592j,0.693147-3.141593j,0.000000
-0.973636+0.020437j,0.693148-3.141592j,0.693147-3.141593j,0.000000
-0.973554+0.020414j,0.693148-3.141592j,0.693147-3.141593j,0.000000
-0.973472+0.020391j,0.693148-3.141592j,0.693147-3.141593j,0.000000
-0.973392+0.020369j,0.693148-3.141592j,0.693147-3.141593j,0.000000
-0.973312+0.020348j,0.693148-3.141592j,0.693147-3.141593j,0.000000
-0.973233+0.020327j,0.693148-3.141592j,0.693147-3.141593j,0.000000
-0.973155+0.020307j,0.693148-3.141592j,0.693147-3.141593j,0.000000
-0.973077+0.020287j,0.693148-3.141592j,0.693147-3.141593j,0.000000
-0.973001+0.020267j,0.693148-3.141592j,0.693147-3.141593j,0.000000
-0.972924+0.020248j,0.693148-3.141592j,0.693147-3.141593j,0.000000
-0.972849+0.020230j,0.693148-3.141592j,0.693147-3.141593j,0.000000
-0.972774+0.020212j,0.693148-3.141592j,0.693147-3.141593j,0.000000
-0.972700+0.020194j,0.693148-3.141592j,0.693147-3.141593j,0.000000
-0.972627+0.020176j,0.693148-3.141592j,0.693147-3.141593j,0.000000
-0.972554+0.020159j,0.693148-3.141592j,0.693147-3.141593j,0.000000
-0.972481+0.020143j,0.693148-3.141592j,0.693147-3.141593j,0.000000
-0.972410+0.020127j,0.693148-3.141592j,0.693147-3.141593j,0.000000
-0.972338+0.020111j,0.693148-3.141592j,0.693147-3.141593j,0.000000
-0.972268+0.020095j,0.693148-3.141592j,0.693147-3.141593j,0.000000
-0.972198+0.020080j,0.693148-3.141592j,0.693147-3.141593j,0.000000
-0.972128+0.020065j,0.693148-3.141592j,0.693147-3.141593j,0.000000
-0.972059+0.020051j,0.693148-3.141592j,0.693147-3.141593j,0.000000
-0.971990+0.020037j,0.693148-3.141592j,0.693147-3.141593j,0.000000
-0.971922+0.020023j,0.693148-3.141592j,0.693147-3.141593j,0.000000
-0.971854+0.020009j,0.693148-3.141592j,0.693147-3.141593j,0.000000
-0.971787+0.019996j,0.693148-3.141592j,0.693147-3.141593j,0.000000
-0.971721+0.019983j,0.693148-3.141592j,0.693147-3.141593j,0.000000
-0.971654+0.019970j,0.693148-3.141592j,0.693147-3.141593j,0.000000
-0.971589+0.019958j,0.693148-3.141592j,0.693147-3.141593j,0.000000
-0.971523+0.019946j,0.693148-3.141592j,0.693147-3.141593j,0.000000
-0.971458+0.019934j,0.693148-3.141592j,0.693147-3.141593j,0.000000
-0.971394+0.019922j,0.693148-3.141592j,0.693147-3.141593j,0.000000
-0.971330+0.019911j,0.693148-3.141592j,0.693147-3.141593j,0.000000
-0.971266+0.019899j,0.693148-3.141592j,0.693147-3.141593j,0.000000
-0.971203+0.019889j,0.693148-3.141592j,0.693147-3.141593j,0.000000
-0.971140+0.019878j,0.693148-3.141592j,0.693147-3.141593j,0.000000
-0.971077+0.019867j,0.693148-3.141592j,0.693147-3.141593j,0.000000
-0.971015+0.019857j,0.693148-3.141592j,0.693147-3.141593j,0.000000
-0.970953+0.019847j,0.693148-3.141592j,0.693147-3.141593j,0.000000
-0.970892+0.019838j,0.693148-3.141592j,0.693147-3.141593j,0.000000
-0.970831+0.019828j,0.693148-3.141592j,0.693147-3.141593j,0.000000
-0.970770+0.019819j,0.693148-3.141592j,0.693147-3.141593j,0.000000
-0.970710+0.019810j,0.693148-3.141592j,0.693147-3.141593j,0.000000
-0.970650+0.019801j,0.693148-3.141592j,0.693147-3.141593j,0.000000
-0.970590+0.019792j,0.693148-3.141592j,0.693147-3.141593j,0.000000
-0.970531+0.019783j,0.693148-3.141592j,0.693147-3.141593j,0.000000
-0.970472+0.019775j,0.693148-3.141592j,0.693147-3.141593j,0.000000
-0.970414+0.019767j,0.693148-3.141592j,0.693147-3.141593j,0.000000
-0.970355+0.019759j,0.693148-3.141592j,0.693147-3.141593j,0.000000
-0.970297+0.019751j,0.693148-3.141592j,0.693146-3.141593j,0.000000
-0.970240+0.019744j,0.693148-3.141592j,0.693146-3.141593j,0.000000
-0.970182+0.019736j,0.693148-3.141592j,0.693146-3.141593j,0.000000
-0.970125+0.019729j,0.693148-3.141592j,0.693146-3.141593j,0.000000
-0.970068+0.019722j,0.693148-3.141592j,0.693146-3.141593j,0.000000
-0.970012+0.019715j,0.693148-3.141592j,0.693146-3.141593j,0.000000
-0.969956+0.019708j,0.693148-3.141592j,0.693146-3.141593j,0.000000
-0.969900+0.019702j,0.693148-3.141592j,0.693146-3.141593j,0.000000
-0.969844+0.019695j,0.693148-3.141592j,0.693146-3.141593j,0.000000
-0.969789+0.019689j,0.693148-3.141592j,0.693146-3.141593j,0.000000
-0.969734+0.019683j,0.693148-3.141592j,0.693146-3.141593j,0.000000
-0.969679+0.019677j,0.693148-3.141592j,0.693146-3.141593j,0.000000
-0.969625+0.019671j,0.693148-3.141592j,0.693146-3.141593j,0.000000
-0.969571+0.019666j,0.693148-3.141592j,0.693146-3.141593j,0.000000
-0.969517+0.019660j,0.693148-3.141592j,0.693146-3.141593j,0.000000
-0.969463+0.019655j,0.693148-3.141592j,0.693146-3.141593j,0.000000
-0.969410+0.019650j,0.693148-3.141592j,0.693146-3.141593j,0.000000
-0.969357+0.019645j,0.693148-3.141592j,0.693146-3.141593j,0.000000
-0.969304+0.019640j,0.693148-3.141592j,0.693146-3.141593j,0.000000
-0.969251+0.019635j,0.693148-3.141592j,0.693146-3.141593j,0.000000
-0.969199+0.019630j,0.693148-3.141592j,0.693146-3.141593j,0.000000
-0.969147+0.019626j,0.693148-3.141592j,0.693146-3.141593j,0.000000
-0.969095+0.019621j,0.693148-3.141592j,0.693146-3.141593j,0.000000
-0.969043+0.019617j,0.693148-3.141592j,0.693146-3.141593j,0.000000
-0.968992+0.019613j,0.693148-3.141592j,0.693146-3.141593j,0.000000
-0.968941+0.019609j,0.693148-3.141592j,0.693146-3.141593j,0.000000
-0.968890+0.019605j,0.693148-3.141592j,0.693146-3.141593j,0.000000
-0.968839+0.019601j,0.693148-3.141592j,0.693146-3.141593j,0.000000
-0.968789+0.019597j,0.693148-3.141592j,0.693146-3.141593j,0.000000
-0.968739+0.019594j,0.693148-3.141592j,0.693146-3.141593j,0.000000
-0.968689+0.019590j,0.693148-3.141592j,0.693146-3.141593j,0.000000
-0.968639+0.019587j,0.693148-3.141592j,0.693146-3.141593j,0.000000
-0.968590+0.019584j,0.693148-3.141592j,0.693146-3.141593j,0.000000
-0.968540+0.019580j,0.693148-3.141592j,0.693146-3.141593j,0.000000
-0.968491+0.019577j,0.693148-3.141592j,0.693146-3.141593j,0.000000
-0.968442+0.019574j,0.693148-3.141592j,0.693146-3.141593j,0.000000
-0.968394+0.019572j,0.693148-3.141592j,0.693146-3.141593j,0.000000
-0.968345+0.019569j,0.693148-3.141592j,0.693146-3.141593j,0.000000
-0.968297+0.019566j,0.693148-3.141592j,0.693146-3.141593j,0.000000
-0.968249+0.019564j,0.693148-3.141592j,0.693146-3.141593j,0.000000
-0.968201+0.019561j,0.693148-3.141592j,0.693146-3.141593j,0.000000
-0.968154+0.019559j,0.693148-3.141592j,0.693146-3.141593j,0.000000
-0.968106+0.019557j,0.693148-3.141592j,0.693146-3.141593j,0.000000
-0.968059+0.019555j,0.693148-3.141592j,0.693146-3.141593j,0.000000
-0.968012+0.019553j,0.693148-3.141592j,0.693146-3.141593j,0.000000
-0.967965+0.019551j,0.693148-3.141592j,0.693146-3.141593j,0.000000
-0.967919+0.019549j,0.693148-3.141592j,0.693146-3.141593j,0.000000
-0.967872+0.019547j,0.693148-3.141592j,0.693146-3.141593j,0.000000
-0.967826+0.019545j,0.693148-3.141592j,0.693146-3.141593j,0.000000
-0.967780+0.019544j,0.693148-3.141592j,0.693146-3.141593j,0.000000
-0.967734+0.019542j,0.693148-3.141592j,0.693146-3.141593j,0.000000
-0.967688+0.019541j,0.693148-3.141592j,0.693146-3.141593j,0.000000
-0.967643+0.019539j,0.693148-3.141592j,0.693146-3.141593j,0.000000
-0.967598+0.019538j,0.693148-3.141592j,0.693146-3.141593j,0.000000
-0.967553+0.019537j,0.693148-3.141592j,0.693146-3.141593j,0.000000
-0.967508+0.019536j,0.693148-3.141592j,0.693146-3.141593j,0.000000
-0.967463+0.019535j,0.693148-3.141592j,0.693146-3.141593j,0.000000
-0.967418+0.019534j,0.693148-3.141592j,0.693146-3.141593j,0.000000
-0.967374+0.019533j,0.693148-3.141592j,0.693146-3.141593j,0.000000
-0.967330+0.019532j,0.693148-3.141592j,0.693146-3.141593j,0.000000
-0.967286+0.019531j,0.693148-3.141592j,0.693146-3.141593j,0.000000
-0.967242+0.019531j,0.693148-3.141592j,0.693146-3.141593j,0.000000
-0.967198+0.019530j,0.693148-3.141592j,0.693146-3.141593j,0.000000
-0.967155+0.019529j,0.693148-3.141592j,0.693146-3.141593j,0.000000
-0.967111+0.019529j,0.693148-3.141592j,0.693146-3.141593j,0.000000
-0.967068+0.019529j,0.693148-3.141592j,0.693146-3.141593j,0.000000
-0.967025+0.019528j,0.693148-3.141592j,0.693146-3.141593j,0.000000
-0.966982+0.019528j,0.693148-3.141592j,0.693146-3.141593j,0.000000
-0.966940+0.019528j,0.693148-3.141592j,0.693146-3.141593j,0.000000
-0.966897+0.019528j,0.693148-3.141592j,0.693146-3.141593j,0.000000
-0.966855+0.019528j,0.693148-3.141592j,0.693146-3.141593j,0.000000
-0.966813+0.019528j,0.693148-3.141592j,0.693146-3.141593j,0.000000
-0.966771+0.019528j,0.693148-3.141592j,0.693146-3.141593j,0.000000
-0.966729+0.019528j,0.693148-3.141592j,0.693146-3.141593j,0.000000
-0.966687+0.019528j,0.693148-3.141592j,0.693146-3.141593j,0.000000
-0.966645+0.019528j,0.693148-3.141592j,0.693146-3.141593j,0.000000
-0.966604+0.019528j,0.693148-3.141592j,0.693146-3.141593j,0.000000
-0.966563+0.019529j,0.693148-3.141592j,0.693146-3.141593j,0.000000
-0.966522+0.019529j,0.693148-3.141592j,0.693146-3.141593j,0.000000
-0.966481+0.019530j,0.693148-3.141592j,0.693146-3.141593j,0.000000
-0.966440+0.019530j,0.693148-3.141592j,0.693146-3.141593j,0.000000
-0.966399+0.019531j,0.693148-3.141592j,0.693146-3.141593j,0.000000
-0.966359+0.019531j,0.693148-3.141592j,0.693146-3.141593j,0.000000
-0.966318+0.019532j,0.693148-3.141592j,0.693146-3.141593j,0.000000
-0.966278+0.019533j,0.693148-3.141592j,0.693146-3.141593j,0.000000
-0.966238+0.019534j,0.693148-3.141592j,0.693146-3.141593j,0.000000
-0.966198+0.019534j,0.693148-3.141592j,0.693146-3.141593j,0.000000
-0.966158+0.019535j,0.693148-3.141592j,0.693146-3.141593j,0.000000
-0.966119+0.019536j,0.693148-3.141592j,0.693146-3.141593j,0.000000
-0.966079+0.019537j,0.693148-3.141592j,0.693146-3.141593j,0.000000
-0.966040+0.019538j,0.693148-3.141592j,0.693146-3.141593j,0.000000
-0.966000+0.019539j,0.693148-3.141592j,0.693146-3.141593j,0.000000
-0.965961+0.019541j,0.693148-3.141592j,0.693146-3.141593j,0.000000
-0.965922+0.019542j,0.693148-3.141592j,0.693146-3.141593j,0.000000
-0.965883+0.019543j,0.693148-3.141592j,0.693146-3.141593j,0.000000
-0.965845+0.019544j,0.693148-3.141592j,0.693146-3.141593j,0.000000
-0.965806+0.019546j,0.693148-3.141592j,0.693146-3.141593j,0.000000
-0.965768+0.019547j,0.693148-3.141592j,0.693146-3.141593j,0.000000
-0.965730+0.019548j,0.693148-3.141592j,0.693146-3.141593j,0.000000
-0.965691+0.019550j,0.693148-3.141592j,0.693146-3.141593j,0.000000
-0.965653+0.019551j,0.693148-3.141592j,0.693146-3.141593j,0.000000
-0.965615+0.019553j,0.693148-3.141592j,0.693146-3.141593j,0.000000
-0.965578+0.019554j,0.693148-3.141592j,0.693146-3.141593j,0.000000
-0.965540+0.019556j,0.693148-3.141592j,0.693146-3.141593j,0.000000
-0.965502+0.019558j,0.693148-3.141592j,0.693146-3.141593j,0.000000
-0.965465+0.019559j,0.693148-3.141592j,0.693146-3.141593j,0.000000
-0.965428+0.019561j,0.693148-3.141592j,0.693146-3.141593j,0.000000
-0.965391+0.019563j,0.693148-3.141592j,0.693146-3.141593j,0.000000
-0.965354+0.019565j,0.693148-3.141592j,0.693146-3.141593j,0.000000
-0.965317+0.019567j,0.693148-3.141592j,0.693146-3.141593j,0.000000
-0.965280+0.019568j,0.693148-3.141592j,0.693146-3.141593j,0.000000
-0.965243+0.019570j,0.693148-3.141592j,0.693146-3.141593j,0.000000
-0.965207+0.019572j,0.693148-3.141592j,0.693146-3.141593j,0.000000
-0.965170+0.019574j,0.693148-3.141592j,0.693146-3.141593j,0.000000
-0.965134+0.019576j,0.693148-3.141592j,0.693146-3.141593j,0.000000
-0.965098+0.019578j,0.693148-3.141592j,0.693146-3.141593j,0.000000
-0.965062+0.019581j,0.693148-3.141592j,0.693146-3.141593j,0.000000
-0.965026+0.019583j,0.693148-3.141592j,0.693146-3.141593j,0.000000
-0.964990+0.019585j,0.693148-3.141592j,0.693146-3.141593j,0.000000
-0.964954+0.019587j,0.693148-3.141592j,0.693146-3.141593j,0.000000
-0.964919+0.019589j,0.693148-3.141592j,0.693146-3.141593j,0.000000
-0.964883+0.019592j,0.693148-3.141592j,0.693146-3.141593j,0.000000
-0.964848+0.019594j,0.693148-3.141592j,0.693146-3.141593j,0.000000
-0.964812+0.019596j,0.693148-3.141592j,0.693146-3.141593j,0.000000
-0.964777+0.019599j,0.693148-3.141592j,0.693146-3.141593j,0.000000
-0.964742+0.019601j,0.693148-3.141592j,0.693146-3.141593j,0.000000
-0.964707+0.019603j,0.693148-3.141592j,0.693146-3.141593j,0.000000
-0.964673+0.019606j,0.693148-3.141592j,0.693146-3.141593j,0.000000
-0.964638+0.019608j,0.693148-3.141592j,0.693146-3.141593j,0.000000
-0.964603+0.019611j,0.693148-3.141592j,0.693146-3.141593j,0.000000
-0.964569+0.019613j,0.693148-3.141592j,0.693146-3.141593j,0.000000
-0.964534+0.019616j,0.693148-3.141592j,0.693146-3.141593j,0.000000
-0.964500+0.019619j,0.693148-3.141592j,0.693146-3.141593j,0.000000
-0.964466+0.019621j,0.693148-3.141592j,0.693146-3.141593j,0.000000
-0.964432+0.019624j,0.693148-3.141592j,0.693146-3.141593j,0.000000
-0.964398+0.019627j,0.693148-3.141592j,0.693146-3.141593j,0.000000
-0.964364+0.019629j,0.693148-3.141592j,0.693146-3.141593j,0.000000
-0.964330+0.019632j,0.693148-3.141592j,0.693146-3.141593j,0.000000
-0.964296+0.019635j,0.693148-3.141592j,0.693146-3.141593j,0.000000
-0.964263+0.019638j,0.693149-3.141592j,0.693146-3.141593j,0.000000
-0.964229+0.019640j,0.693149-3.141592j,0.693146-3.141593j,0.000000
-0.964196+0.019643j,0.693149-3.141592j,0.693146-3.141593j,0.000000
-0.964163+0.019646j,0.693149-3.141592j,0.693146-3.141593j,0.000000
-0.964130+0.019649j,0.693149-3.141592j,0.693146-3.141593j,0.000000
-0.964097+0.019652j,0.693149-3.141592j,0.693146-3.141593j,0.000000
-0.964064+0.019655j,0.693149-3.141592j,0.693146-3.141593j,0.000000
-0.964031+0.019658j,0.693149-3.141592j,0.693146-3.141593j,0.000000
-0.963998+0.019661j,0.693149-3.141592j,0.693146-3.141593j,0.000000
-0.963965+0.019664j,0.693149-3.141592j,0.693146-3.141593j,0.000000
-0.963933+0.019667j,0.693149-3.141592j,0.693146-3.141593j,0.000000
-0.963900+0.019670j,0.693149-3.141592j,0.693146-3.141593j,0.000000
-0.963868+0.019673j,0.693149-3.141592j,0.693146-3.141593j,0.000000
-0.963835+0.019676j,0.693149-3.141592j,0.693146-3.141593j,0.000000
-0.963803+0.019679j,0.693149-3.141592j,0.693146-3.141593j,0.000000
-0.963771+0.019682j,0.693149-3.141592j,0.693146-3.141593j,0.000000
-0.963739+0.019686j,0.693149-3.141592j,0.693146-3.141593j,0.000000
-0.963707+0.019689j,0.693149-3.141592j,0.693146-3.141593j,0.000000
-0.963675+0.019692j,0.693149-3.141592j,0.693146-3.141593j,0.000000
-0.963644+0.019695j,0.693149-3.141592j,0.693146-3.141593j,0.000000
-0.963612+0.019698j,0.693149-3.141592j,0.693146-3.141593j,0.000000
-0.963580+0.019702j,0.693149-3.141592j,0.693146-3.141593j,0.000000
-0.963549+0.019705j,0.693149-3.141592j,0.693146-3.141593j,0.000000
-0.963518+0.019708j,0.693149-3.141592j,0.693146-3.141593j,0.000000
-0.963486+0.019712j,0.693149-3.141592j,0.693146-3.141593j,0.000000
-0.963455+0.019715j,0.693149-3.141592j,0.693146-3.141593j,0.000000
-0.963424+0.019718j,0.693149-3.141592j,0.693146-3.141593j,0.000000
-0.963393+0.019722j,0.693149-3.141592j,0.693146-3.141593j,0.000000
-0.963362+0.019725j,0.693149-3.141592j,0.693146-3.141593j,0.000000
-0.963331+0.019728j,0.693149-3.141592j,0.693146-3.141593j,0.000000
-0.963300+0.019732j,0.693149-3.141592j,0.693146-3.141593j,0.000000
-0.963270+0.019735j,0.693149-3.141592j,0.693146-3.141593j,0.000000
-0.963239+0.019739j,0.693149-3.141592j,0.693146-3.141593j,0.000000
-0.963208+0.019742j,0.693149-3.141592j,0.693146-3.141593j,0.000000
-0.963178+0.019746j,0.693149-3.141592j,0.693146-3.141593j,0.000000
-0.963148+0.019749j,0.693149-3.141592j,0.693146-3.141593j,0.000000
-0.963117+0.019753j,0.693149-3.141592j,0.693146-3.141593j,0.000000
-0.963087+0.019756j,0.693149-3.141592j,0.693146-3.141593j,0.000000
-0.963057+0.019760j,0.693149-3.141592j,0.693146-3.141593j,0.000000
-0.963027+0.019763j,0.693149-3.141592j,0.693146-3.141593j,0.000000
-0.962997+0.019767j,0.693149-3.141592j,0.693146-3.141593j,0.000000
-0.962967+0.019771j,0.693149-3.141592j,0.693146-3.141593j,0.000000
-0.962937+0.019774j,0.693149-3.141592j,0.693146-3.141593j,0.000000
-0.962908+0.019778j,0.693149-3.141592j,0.693146-3.141593j,0.000000
-0.962878+0.019781j,0.693149-3.141592j,0.693146-3.141593j,0.000000
-0.962849+0.019785j,0.693149-3.141592j,0.693146-3.141593j,0.000000
-0.962819+0.019789j,0.693149-3.141592j,0.693146-3.141593j,0.000000
-0.962790+0.019792j,0.693149-3.141592j,0.693146-3.141593j,0.000000
-0.962760+0.019796j,0.693149-3.141592j,0.693146-3.141593j,0.000000
-0.962731+0.019800j,0.693149-3.141592j,0.693146-3.141593j,0.000000
-0.962702+0.019804j,0.693149-3.141592j,0.693146-3.141593j,0.000000
-0.962673+0.019807j,0.693149-3.141592j,0.693146-3.141593j,0.000000
-0.962644+0.019811j,0.693149-3.141592j,0.693146-3.141593j,0.000000
-0.962615+0.019815j,0.693149-3.141592j,0.693146-3.141593j,0.000000
-0.962586+0.019819j,0.693149-3.141592j,0.693146-3.141593j,0.000000
-0.962557+0.019822j,0.693149-3.141592j,0.693146-3.141593j,0.000000
-0.962529+0.019826j,0.693149-3.141592j,0.693146-3.141593j,0.000000
-0.962500+0.019830j,0.693149-3.141592j,0.693146-3.141593j,0.000000
-0.962471+0.019834j,0.693149-3.141592j,0.693146-3.141593j,0.000000
-0.962443+0.019838j,0.693149-3.141592j,0.693146-3.141593j,0.000000
-0.962415+0.019842j,0.693149-3.141592j,0.693146-3.141593j,0.000000
-0.962386+0.019845j,0.693149-3.141592j,0.693146-3.141593j,0.000000
-0.962358+0.019849j,0.693149-3.141592j,0.693146-3.141593j,0.000000
-0.962330+0.019853j,0.693149-3.141592j,0.693146-3.141593j,0.000000
-0.962302+0.019857j,0.693149-3.141592j,0.693146-3.141593j,0.000000
-0.962274+0.019861j,0.693149-3.141592j,0.693146-3.141593j,0.000000
-0.962246+0.019865j,0.693149-3.141592j,0.693146-3.141593j,0.000000
-0.962218+0.019869j,0.693149-3.141592j,0.693146-3.141593j,0.000000
-0.962190+0.019873j,0.693149-3.141592j,0.693146-3.141593j,0.000000
-0.962162+0.019877j,0.693149-3.141592j,0.693146-3.141593j,0.000000
-0.962134+0.019881j,0.693149-3.141592j,0.693146-3.141593j,0.000000
-0.962107+0.019885j,0.693149-3.141592j,0.693146-3.141593j,0.000000
-0.962079+0.019889j,0.693149-3.141592j,0.693146-3.141593j,0.000000
-0.962052+0.019893j,0.693149-3.141592j,0.693146-3.141593j,0.000000
-0.962024+0.019897j,0.693149-3.141592j,0.693146-3.141593j,0.000000
-0.961997+0.019901j,0.693149-3.141592j,0.693146-3.141593j,0.000000
-0.961970+0.019905j,0.693149-3.141592j,0.693146-3.141593j,0.000000
-0.961942+0.019909j,0.693149-3.141592j,0.693146-3.141593j,0.000000
-0.961915+0.019913j,0.693149-3.141592j,0.693146-3.141593j,0.000000
-0.961888+0.019917j,0.693149-3.141592j,0.693146-3.141593j,0.000000
-0.961861+0.019921j,0.693149-3.141592j,0.693146-3.141593j,0.000000
-0.961834+0.019925j,0.693149-3.141592j,0.693146-3.141593j,0.000000
-0.961807+0.019929j,0.693149-3.141592j,0.693146-3.141593j,0.000000
-0.961780+0.019933j,0.693149-3.141592j,0.693146-3.141593j,0.000000
-0.961754+0.019937j,0.693149-3.141592j,0.693145-3.141593j,0.000000
-0.961727+0.019941j,0.693149-3.141592j,0.693145-3.141593j,0.000000
-0.961700+0.019945j,0.693149-3.141592j,0.693145-3.141593j,0.000000
-0.961674+0.019949j,0.693149-3.141592j,0.693145-3.141593j,0.000000
-0.961647+0.019954j,0.693149-3.141592j,0.693145-3.141593j,0.000000
-0.961621+0.019958j,0.693149-3.141592j,0.693145-3.141593j,0.000000
-0.961594+0.019962j,0.693149-3.141592j,0.693145-3.141593j,0.000000
-0.961568+0.019966j,0.693149-3.141592j,0.693145-3.141593j,0.000000
-0.961542+0.019970j,0.693149-3.141592j,0.693145-3.141593j,0.000000
-0.961516+0.019974j,0.693149-3.141592j,0.693145-3.141593j,0.000000
-0.961489+0.019978j,0.693149-3.141592j,0.693145-3.141593j,0.000000
-0.961463+0.019983j,0.693149-3.141592j,0.693145-3.141593j,0.000000
-0.961437+0.019987j,0.693149-3.141592j,0.693145-3.141593j,0.000000
-0.961411+0.019991j,0.693149-3.141592j,0.693145-3.141593j,0.000000
-0.961385+0.019995j,0.693149-3.141592j,0.693145-3.141593j,0.000000
-0.961360+0.019999j,0.693149-3.141592j,0.693145-3.141593j,0.000000
-0.961334+0.020003j,0.693149-3.141592j,0.693145-3.141593j,0.000000
-0.961308+0.020008j,0.693149-3.141592j,0.693145-3.141593j,0.000000
-0.961282+0.020012j,0.693149-3.141592j,0.693145-3.141593j,0.000000
-0.961257+0.020016j,0.693149-3.141592j,0.693145-3.141593j,0.000000
-0.961231+0.020020j,0.693149-3.141592j,0.693145-3.141593j,0.000000
-0.961206+0.020025j,0.693149-3.141592j,0.693145-3.141593j,0.000000
-0.961180+0.020029j,0.693149-3.141592j,0.693145-3.141593j,0.000000
-0.961155+0.020033j,0.693149-3.141592j,0.693145-3.141593j,0.000000
-0.961130+0.020037j,0.693149-3.141592j,0.693145-3.141593j,0.000000
-0.961104+0.020042j,0.693149-3.141592j,0.693145-3.141593j,0.000000
-0.961079+0.020046j,0.693149-3.141592j,0.693145-3.141593j,0.000000
-0.961054+0.020050j,0.693149-3.141592j,0.693145-3.141593j,0.000000
-0.961029+0.020054j,0.693149-3.141592j,0.693145-3.141593j,0.000000
-0.961004+0.020059j,0.693149-3.141592j,0.693145-3.141593j,0.000000
-0.960979+0.020063j,0.693149-3.141592j,0.693145-3.141593j,0.000000
-0.960954+0.020067j,0.693149-3.141592j,0.693145-3.141593j,0.000000
-0.960929+0.020071j,0.693149-3.141592j,0.693145-3.141593j,0.000000
-0.960905+0.020076j,0.693149-3.141592j,0.693145-3.141593j,0.000000
-0.960880+0.020080j,0.693149-3.141592j,0.693145-3.141593j,0.000000
-0.960855+0.020084j,0.693149-3.141592j,0.693145-3.141593j,0.000000
-0.960830+0.020089j,0.693149-3.141592j,0.693145-3.141593j,0.000000
-0.960806+0.020093j,0.693149-3.141592j,0.693145-3.141593j,0.000000
-0.960781+0.020097j,0.693149-3.141592j,0.693145-3.141593j,0.000000
-0.960757+0.020102j,0.693149-3.141592j,0.693145-3.141593j,0.000000
-0.960732+0.020106j,0.693149-3.141592j,0.693145-3.141593j,0.000000
-0.960708+0.020110j,0.693149-3.141592j,0.693145-3.141593j,0.000000
-0.960684+0.020115j,0.693149-3.141592j,0.693145-3.141593j,0.000000
-0.960660+0.020119j,0.693149-3.141592j,0.693145-3.141593j,0.000000
-0.960635+0.020123j,0.693149-3.141592j,0.693145-3.141593j,0.000000
-0.960611+0.020128j,0.693149-3.141592j,0.693145-3.141593j,0.000000
-0.960587+0.020132j,0.693149-3.141592j,0.693145-3.141593j,0.000000
-0.960563+0.020136j,0.693149-3.141592j,0.693145-3.141593j,0.000000
-0.960539+0.020141j,0.693149-3.141592j,0.693145-3.141593j,0.000000
-0.960515+0.020145j,0.693149-3.141592j,0.693145-3.141593j,0.000000
-0.960491+0.020149j,0.693149-3.141592j,0.693145-3.141593j,0.000000
-0.960467+0.020154j,0.693149-3.141592j,0.693145-3.141593j,0.000000
-0.960444+0.020158j,0.693149-3.141592j,0.693145-3.141593j,0.000000
-0.960420+0.020163j,0.693149-3.141592j,0.693145-3.141593j,0.000000
-0.960396+0.020167j,0.693149-3.141592j,0.693145-3.141593j,0.000000
-0.960373+0.020171j,0.693149-3.141592j,0.693145-3.141593j,0.000000
-0.960349+0.020176j,0.693149-3.141592j,0.693145-3.141593j,0.000000
-0.960325+0.020180j,0.693149-3.141592j,0.693145-3.141593j,0.000000
-0.960302+0.020185j,0.693149-3.141592j,0.693145-3.141593j,0.000000
-0.960278+0.020189j,0.693149-3.141592j,0.693145-3.141593j,0.000000
-0.960255+0.020193j,0.693149-3.141592j,0.693145-3.141593j,0.000000
-0.960232+0.020198j,0.693149-3.141592j,0.693145-3.141593j,0.000000
-0.960208+0.020202j,0.693149-3.141592j,0.693145-3.141593j,0.000000
-0.960185+0.020207j,0.693149-3.141592j,0.693145-3.141593j,0.000000
-0.960162+0.020211j,0.693149-3.141592j,0.693145-3.141593j,0.000000
-0.960139+0.020215j,0.693149-3.141592j,0.693145-3.141593j,0.000000
-0.960116+0.020220j,0.693149-3.141592j,0.693145-3.141593j,0.000000
-0.960093+0.020224j,0.693149-3.141592j,0.693145-3.141593j,0.000000
-0.960070+0.020229j,0.693149-3.141592j,0.693145-3.141593j,0.000000
-0.960047+0.020233j,0.693149-3.141592j,0.693145-3.141593j,0.000000
-0.960024+0.020237j,0.693149-3.141592j,0.693145-3.141593j,0.000000
-0.960001+0.020242j,0.693149-3.141592j,0.693145-3.141593j,0.000000
-0.959978+0.020246j,0.693149-3.141592j,0.693145-3.141593j,0.000000
-0.959955+0.020251j,0.693149-3.141592j,0.693145-3.141593j,0.000000
-0.959933+0.020255j,0.693149-3.141592j,0.693145-3.141593j,0.000000
-0.959910+0.020260j,0.693149-3.141592j,0.693145-3.141593j,0.000000
-0.959887+0.020264j,0.693149-3.141592j,0.693145-3.141593j,0.000000
-0.959865+0.020269j,0.693149-3.141592j,0.693145-3.141593j,0.000000
-0.959842+0.020273j,0.693149-3.141592j,0.693145-3.141593j,0.000000
-0.959820+0.020277j,0.693149-3.141592j,0.693145-3.141593j,0.000000
-0.959797+0.020282j,0.693149-3.141592j,0.693145-3.141593j,0.000000
-0.959775+0.020286j,0.693149-3.141592j,0.693145-3.141593j,0.000000
-0.959752+0.020291j,0.693149-3.141592j,0.693145-3.141593j,0.000000
-0.959730+0.020295j,0.693149-3.141592j,0.693145-3.141593j,0.000000
-0.959708+0.020300j,0.693149-3.141592j,0.693145-3.141593j,0.000000
-0.959686+0.020304j,0.693149-3.141592j,0.693145-3.141593j,0.000000
-0.959663+0.020309j,0.693149-3.141592j,0.693145-3.141593j,0.000000
-0.959641+0.020313j,0.693149-3.141592j,0.693145-3.141593j,0.000000
-0.959619+0.020318j,0.693149-3.141592j,0.693145-3.141593j,0.000000
-0.959597+0.020322j,0.693149-3.141592j,0.693145-3.141593j,0.000000
-0.959575+0.020326j,0.693149-3.141592j,0.693145-3.141593j,0.000000
-0.959553+0.020331j,0.693149-3.141592j,0.693145-3.141593j,0.000000
-0.959531+0.020335j,0.693149-3.141592j,0.693145-3.141593j,0.000000
-0.959509+0.020340j,0.693149-3.141592j,0.693145-3.141593j,0.000000
-0.959488+0.020344j,0.693149-3.141592j,0.693145-3.141593j,0.000000
-0.959466+0.020349j,0.693149-3.141592j,0.693145-3.141593j,0.000000
-0.959444+0.020353j,0.693149-3.141592j,0.693145-3.141593j,0.000000
-0.959422+0.020358j,0.693149-3.141592j,0.693145-3.141593j,0.000000
-0.959401+0.020362j,0.693149-3.141592j,0.693145-3.141593j,0.000000
-0.959379+0.020367j,0.693149-3.141592j,0.693145-3.141593j,0.000000
-0.959357+0.020371j,0.693149-3.141592j,0.693145-3.141593j,0.000000
-0.959336+0.020376j,0.693149-3.141592j,0.693145-3.141593j,0.000000
-0.959314+0.020380j,0.693149-3.141592j,0.693145-3.141593j,0.000000
-0.959293+0.020385j,0.693149-3.141592j,0.693145-3.141593j,0.000000
-0.959271+0.020389j,0.693149-3.141592j,0.693145-3.141593j,0.000000
-0.959250+0.020394j,0.693149-3.141592j,0.693145-3.141593j,0.000000
-0.959229+0.020398j,0.693149-3.141592j,0.693145-3.141593j,0.000000
-0.959207+0.020403j,0.693149-3.141592j,0.693145-3.141593j,0.000000
-0.959186+0.020407j,0.693149-3.141592j,0.693145-3.141593j,0.000000
-0.959165+0.020411j,0.693149-3.141592j,0.693145-3.141593j,0.000000
-0.959144+0.020416j,0.693149-3.141592j,0.693145-3.141593j,0.000000
-0.959123+0.020420j,0.693149-3.141592j,0.693145-3.141593j,0.000000
-0.959101+0.020425j,0.693149-3.141592j,0.693145-3.141593j,0.000000
-0.959080+0.020429j,0.693149-3.141592j,0.693145-3.141593j,0.000000
-0.959059+0.020434j,0.693149-3.141592j,0.693145-3.141593j,0.000000
-0.959038+0.020438j,0.693149-3.141592j,0.693145-3.141593j,0.000000
-0.959017+0.020443j,0.693149-3.141592j,0.693145-3.141593j,0.000000
-0.958997+0.020447j,0.693149-3.141592j,0.693145-3.141593j,0.000000
-0.958976+0.020452j,0.693149-3.141592j,0.693145-3.141593j,0.000000
-0.958955+0.020456j,0.693149-3.141592j,0.693145-3.141593j,0.000000
-0.958934+0.020461j,0.693149-3.141592j,0.693145-3.141593j,0.000000
-0.958913+0.020465j,0.693149-3.141592j,0.693145-3.141593j,0.000000
-0.958893+0.020470j,0.693149-3.141592j,0.693145-3.141593j,0.000000
-0.958872+0.020474j,0.693149-3.141592j,0.693145-3.141593j,0.000000
-0.958851+0.020479j,0.693149-3.141592j,0.693145-3.141593j,0.000000
-0.958831+0.020483j,0.693149-3.141592j,0.693145-3.141593j,0.000000
-0.958810+0.020488j,0.693149-3.141592j,0.693145-3.141593j,0.000000
-0.958790+0.020492j,0.693149-3.141592j,0.693145-3.141593j,0.000000
-0.958769+0.020497j,0.693149-3.141592j,0.693145-3.141593j,0.000000
-0.958749+0.020501j,0.693149-3.141592j,0.693145-3.141593j,0.000000
-0.958728+0.020506j,0.693149-3.141592j,0.693145-3.141593j,0.000000
-0.958708+0.020510j,0.693149-3.141592j,0.693145-3.141593j,0.000000
-0.958688+0.020515j,0.693149-3.141592j,0.693145-3.141593j,0.000000
-0.958667+0.020519j,0.693149-3.141592j,0.693145-3.141593j,0.000000
-0.958647+0.020524j,0.693149-3.141592j,0.693145-3.141593j,0.000000
-0.958627+0.020528j,0.693149-3.141592j,0.693145-3.141593j,0.000000
-0.958607+0.020533j,0.693149-3.141592j,0.693145-3.141593j,0.000000
-0.958586+0.020537j,0.693149-3.141592j,0.693145-3.141593j,0.000000
-0.958566+0.020542j,0.693149-3.141592j,0.693145-3.141593j,0.000000
-0.958546+0.020546j,0.693149-3.141592j,0.693145-3.141593j,0.000000
-0.958526+0.020551j,0.693149-3.141592j,0.693145-3.141593j,0.000000
-0.958506+0.020555j,0.693149-3.141592j,0.693145-3.141593j,0.000000
-0.958486+0.020560j,0.693149-3.141592j,0.693145-3.141593j,0.000000
-0.958466+0.020564j,0.693149-3.141592j,0.693145-3.141593j,0.000000
-0.958446+0.020569j,0.693149-3.141592j,0.693145-3.141593j,0.000000
-0.958427+0.020573j,0.693149-3.141592j,0.693145-3.141593j,0.000000
-0.958407+0.020578j,0.693149-3.141592j,0.693145-3.141593j,0.000000
-0.958387+0.020582j,0.693149-3.141592j,0.693145-3.141593j,0.000000
-0.958367+0.020587j,0.693149-3.141592j,0.693145-3.141593j,0.000000
-0.958347+0.020591j,0.693149-3.141592j,0.693145-3.141593j,0.000000
-0.958328+0.020595j,0.693149-3.141592j,0.693145-3.141593j,0.000000
-0.958308+0.020600j,0.693149-3.141592j,0.693145-3.141593j,0.000000
-0.958288+0.020604j,0.693149-3.141592j,0.693145-3.141593j,0.000000
-0.958269+0.020609j,0.693149-3.141592j,0.693145-3.141593j,0.000000
-0.958249+0.020613j,0.693149-3.141592j,0.693145-3.141593j,0.000000
-0.958230+0.020618j,0.693149-3.141592j,0.693145-3.141593j,0.000000
-0.958210+0.020622j,0.693150-3.141592j,0.693145-3.141593j,0.000000
-0.958191+0.020627j,0.693150-3.141592j,0.693145-3.141593j,0.000000
-0.958171+0.020631j,0.693150-3.141592j,0.693145-3.141593j,0.000000
-0.958152+0.020636j,0.693150-3.141592j,0.693145-3.141593j,0.000000
-0.958133+0.020640j,0.693150-3.141592j,0.693145-3.141593j,0.000000
-0.958113+0.020645j,0.693150-3.141592j,0.693145-3.141593j,0.000000
-0.958094+0.020649j,0.693150-3.141592j,0.693145-3.141593j,0.000000
-0.958075+0.020654j,0.693150-3.141592j,0.693145-3.141593j,0.000000
-0.958055+0.020658j,0.693150-3.141592j,0.693145-3.141593j,0.000000
-0.958036+0.020663j,0.693150-3.141592j,0.693145-3.141593j,0.000000
-0.958017+0.020667j,0.693150-3.141592j,0.693145-3.141593j,0.000000
-0.957998+0.020672j,0.693150-3.141592j,0.693145-3.141593j,0.000000
-0.957979+0.020676j,0.693150-3.141592j,0.693145-3.141593j,0.000000
-0.957960+0.020681j,0.693150-3.141592j,0.693145-3.141593j,0.000000
-0.957941+0.020685j,0.693150-3.141592j,0.693145-3.141593j,0.000000
-0.957922+0.020689j,0.693150-3.141592j,0.693145-3.141593j,0.000000
-0.957903+0.020694j,0.693150-3.141592j,0.693145-3.141593j,0.000000
-0.957884+0.020698j,0.693150-3.141592j,0.693145-3.141593j,0.000000
-0.957865+0.020703j,0.693150-3.141592j,0.693145-3.141593j,0.000000
-0.957846+0.020707j,0.693150-3.141592j,0.693145-3.141593j,0.000000
-0.957827+0.020712j,0.693150-3.141592j,0.693145-3.141593j,0.000000
-0.957808+0.020716j,0.693150-3.141592j,0.693145-3.141593j,0.000000
-0.957790+0.020721j,0.693150-3.141592j,0.693145-3.141593j,0.000000
-0.957771+0.020725j,0.693150-3.141592j,0.693145-3.141593j,0.000000
-0.957752+0.020730j,0.693150-3.141592j,0.693145-3.141593j,0.000000
-0.957733+0.020734j,0.693150-3.141592j,0.693145-3.141593j,0.000000
-0.957715+0.020739j,0.693150-3.141592j,0.693145-3.141593j,0.000000
-0.957696+0.020743j,0.693150-3.141592j,0.693145-3.141593j,0.000000
-0.957678+0.020747j,0.693150-3.141592j,0.693145-3.141593j,0.000000
-0.957659+0.020752j,0.693150-3.141592j,0.693145-3.141593j,0.000000
-0.957640+0.020756j,0.693150-3.141592j,0.693145-3.141593j,0.000000
-0.957622+0.020761j,0.693150-3.141592j,0.693145-3.141593j,0.000000
-0.957603+0.020765j,0.693150-3.141592j,0.693145-3.141593j,0.000000
-0.957585+0.020770j,0.693150-3.141592j,0.693145-3.141593j,0.000000
-0.957567+0.020774j,0.693150-3.141592j,0.693145-3.141593j,0.000000
-0.957548+0.020779j,0.693150-3.141592j,0.693145-3.141593j,0.000000
-0.957530+0.020783j,0.693150-3.141592j,0.693145-3.141593j,0.000000
-0.957511+0.020788j,0.693150-3.141592j,0.693145-3.141593j,0.000000
-0.957493+0.020792j,0.693150-3.141592j,0.693145-3.141593j,0.000000
-0.957475+0.020796j,0.693150-3.141592j,0.693145-3.141593j,0.000000
-0.957457+0.020801j,0.693150-3.141592j,0.693145-3.141593j,0.000000
-0.957438+0.020805j,0.693150-3.141592j,0.693145-3.141593j,0.000000
-0.957420+0.020810j,0.693150-3.141592j,0.693145-3.141593j,0.000000
-0.957402+0.020814j,0.693150-3.141592j,0.693145-3.141593j,0.000000
-0.957384+0.020819j,0.693150-3.141592j,0.693145-3.141593j,0.000000
-0.957366+0.020823j,0.693150-3.141592j,0.693145-3.141593j,0.000000
-0.957348+0.020827j,0.693150-3.141592j,0.693145-3.141593j,0.000000
-0.957330+0.020832j,0.693150-3.141592j,0.693145-3.141593j,0.000000
-0.957312+0.020836j,0.693150-3.141592j,0.693145-3.141593j,0.000000
-0.957294+0.020841j,0.693150-3.141592j,0.693145-3.141593j,0.000000
-0.957276+0.020845j,0.693150-3.141592j,0.693145-3.141593j,0.000000
-0.957258+0.020850j,0.693150-3.141592j,0.693145-3.141593j,0.000000
-0.957240+0.020854j,0.693150-3.141592j,0.693145-3.141593j,0.000000
-0.957222+0.020858j,0.693150-3.141592j,0.693145-3.141593j,0.000000
-0.957204+0.020863j,0.693150-3.141592j,0.693145-3.141593j,0.000000
-0.957186+0.020867j,0.693150-3.141592j,0.693145-3.141593j,0.000000
-0.957169+0.020872j,0.693150-3.141592j,0.693145-3.141593j,0.000000
-0.957151+0.020876j,0.693150-3.141592j,0.693145-3.141593j,0.000000
-0.957133+0.020881j,0.693150-3.141592j,0.693145-3.141593j,0.000000
-0.957115+0.020885j,0.693150-3.141592j,0.693145-3.141593j,0.000000
-0.957098+0.020889j,0.693150-3.141592j,0.693145-3.141593j,0.000000
-0.957080+0.020894j,0.693150-3.141592j,0.693145-3.141593j,0.000000
-0.957063+0.020898j,0.693150-3.141592j,0.693145-3.141593j,0.000000
-0.957045+0.020903j,0.693150-3.141592j,0.693145-3.141593j,0.000000
-0.957027+0.020907j,0.693150-3.141592j,0.693145-3.141593j,0.000000
-0.957010+0.020911j,0.693150-3.141592j,0.693145-3.141593j,0.000000
-0.956992+0.020916j,0.693150-3.141592j,0.693145-3.141593j,0.000000
-0.956975+0.020920j,0.693150-3.141592j,0.693145-3.141593j,0.000000
-0.956957+0.020925j,0.693150-3.141592j,0.693145-3.141593j,0.000000
-0.956940+0.020929j,0.693150-3.141592j,0.693145-3.141593j,0.000000
-0.956923+0.020933j,0.693150-3.141592j,0.693145-3.141593j,0.000000
-0.956905+0.020938j,0.693150-3.141592j,0.693145-3.141593j,0.000000
-0.956888+0.020942j,0.693150-3.141592j,0.693145-3.141593j,0.000000
-0.956870+0.020947j,0.693150-3.141592j,0.693145-3.141593j,0.000000
-0.956853+0.020951j,0.693150-3.141592j,0.693145-3.141593j,0.000000
-0.956836+0.020955j,0.693150-3.141592j,0.693145-3.141593j,0.000000
-0.956819+0.020960j,0.693150-3.141592j,0.693145-3.141593j,0.000000
-0.956801+0.020964j,0.693150-3.141592j,0.693145-3.141593j,0.000000
-0.956784+0.020968j,0.693150-3.141592j,0.693145-3.141593j,0.000000
-0.956767+0.020973j,0.693150-3.141592j,0.693145-3.141593j,0.000000
-0.956750+0.020977j,0.693150-3.141592j,0.693145-3.141593j,0.000000
-0.956733+0.020982j,0.693150-3.141592j,0.693145-3.141593j,0.000000
-0.956716+0.020986j,0.693150-3.141592j,0.693145-3.141593j,0.000000
-0.956699+0.020990j,0.693150-3.141592j,0.693145-3.141593j,0.000000
-0.956682+0.020995j,0.693150-3.141592j,0.693145-3.141593j,0.000000
-0.956665+0.020999j,0.693150-3.141592j,0.693145-3.141593j,0.000000
-0.956648+0.021003j,0.693150-3.141592j,0.693145-3.141593j,0.000000
-0.956631+0.021008j,0.693150-3.141592j,0.693145-3.141593j,0.000000
-0.956614+0.021012j,0.693150-3.141592j,0.693145-3.141593j,0.000000
-0.956597+0.021017j,0.693150-3.141592j,0.693145-3.141593j,0.000000
-0.956580+0.021021j,0.693150-3.141592j,0.693145-3.141593j,0.000000
-0.956563+0.021025j,0.693150-3.141592j,0.693145-3.141593j,0.000000
-0.956546+0.021030j,0.693150-3.141592j,0.693144-3.141593j,0.000000
-0.956529+0.021034j,0.693150-3.141592j,0.693144-3.141593j,0.000000
-0.956512+0.021038j,0.693150-3.141592j,0.693144-3.141593j,0.000000
-0.956496+0.021043j,0.693150-3.141592j,0.693144-3.141593j,0.000000
-0.956479+0.021047j,0.693150-3.141592j,0.693144-3.141593j,0.000000
-0.956462+0.021051j,0.693150-3.141592j,0.693144-3.141593j,0.000000
-0.956445+0.021056j,0.693150-3.141592j,0.693144-3.141593j,0.000000
-0.956429+0.021060j,0.693150-3.141592j,0.693144-3.141593j,0.000000
-0.956412+0.021064j,0.693150-3.141592j,0.693144-3.141593j,0.000000
-0.956396+0.021069j,0.693150-3.141592j,0.693144-3.141593j,0.000000
-0.956379+0.021073j,0.693150-3.141592j,0.693144-3.141593j,0.000000
-0.956362+0.021077j,0.693150-3.141592j,0.693144-3.141593j,0.000000
-0.956346+0.021082j,0.693150-3.141592j,0.693144-3.141593j,0.000000
-0.956329+0.021086j,0.693150-3.141592j,0.693144-3.141593j,0.000000
-0.956313+0.021090j,0.693150-3.141592j,0.693144-3.141593j,0.000000
-0.956296+0.021095j,0.693150-3.141592j,0.693144-3.141593j,0.000000
-0.956280+0.021099j,0.693150-3.141592j,0.693144-3.141593j,0.000000
-0.956263+0.021103j,0.693150-3.141592j,0.693144-3.141593j,0.000000
-0.956247+0.021108j,0.693150-3.141592j,0.693144-3.141593j,0.000000
-0.956231+0.021112j,0.693150-3.141592j,0.693144-3.141593j,0.000000
-0.956214+0.021116j,0.693150-3.141592j,0.693144-3.141593j,0.000000
-0.956198+0.021121j,0.693150-3.141592j,0.693144-3.141593j,0.000000
-0.956182+0.021125j,0.693150-3.141592j,0.693144-3.141593j,0.000000
-0.956165+0.021129j,0.693150-3.141592j,0.693144-3.141593j,0.000000
-0.956149+0.021134j,0.693150-3.141592j,0.693144-3.141593j,0.000000
-0.956133+0.021138j,0.693150-3.141592j,0.693144-3.141593j,0.000000
-0.956116+0.021142j,0.693150-3.141592j,0.693144-3.141593j,0.000000
-0.956100+0.021147j,0.693150-3.141592j,0.693144-3.141593j,0.000000
-0.956084+0.021151j,0.693150-3.141592j,0.693144-3.141593j,0.000000
-0.956068+0.021155j,0.693150-3.141592j,0.693144-3.141593j,0.000000
-0.956052+0.021159j,0.693150-3.141592j,0.693144-3.141593j,0.000000
-0.956036+0.021164j,0.693150-3.141592j,0.693144-3.141593j,0.000000
-0.956020+0.021168j,0.693150-3.141592j,0.693144-3.141593j,0.000000
-0.956003+0.021172j,0.693150-3.141592j,0.693144-3.141593j,0.000000
-0.955987+0.021177j,0.693150-3.141592j,0.693144-3.141593j,0.000000
-0.955971+0.021181j,0.693150-3.141592j,0.693144-3.141593j,0.000000
-0.955955+0.021185j,0.693150-3.141592j,0.693144-3.141593j,0.000000
-0.955939+0.021189j,0.693150-3.141592j,0.693144-3.141593j,0.000000
-0.955923+0.021194j,0.693150-3.141592j,0.693144-3.141593j,0.000000
-0.955908+0.021198j,0.693150-3.141592j,0.693144-3.141593j,0.000000
-0.955892+0.021202j,0.693150-3.141592j,0.693144-3.141593j,0.000000
-0.955876+0.021207j,0.693150-3.141592j,0.693144-3.141593j,0.000000
-0.955860+0.021211j,0.693150-3.141592j,0.693144-3.141593j,0.000000
-0.955844+0.021215j,0.693150-3.141592j,0.693144-3.141593j,0.000000
-0.955828+0.021219j,0.693150-3.141592j,0.693144-3.141593j,0.000000
-0.955812+0.021224j,0.693150-3.141592j,0.693144-3.141593j,0.000000
-0.955797+0.021228j,0.693150-3.141592j,0.693144-3.141593j,0.000000
-0.955781+0.021232j,0.693150-3.141592j,0.693144-3.141593j,0.000000
-0.955765+0.021236j,0.693150-3.141592j,0.693144-3.141593j,0.000000
-0.955749+0.021241j,0.693150-3.141592j,0.693144-3.141593j,0.000000
-0.955734+0.021245j,0.693150-3.141592j,0.693144-3.141593j,0.000000
-0.955718+0.021249j,0.693150-3.141592j,0.693144-3.141593j,0.000000
-0.955702+0.021253j,0.693150-3.141592j,0.693144-3.141593j,0.000000
-0.955687+0.021258j,0.693150-3.141592j,0.693144-3.141593j,0.000000
-0.955671+0.021262j,0.693150-3.141592j,0.693144-3.141593j,0.000000
-0.955655+0.021266j,0.693150-3.141592j,0.693144-3.141593j,0.000000
-0.955640+0.021270j,0.693150-3.141592j,0.693144-3.141593j,0.000000
-0.955624+0.021275j,0.693150-3.141592j,0.693144-3.141593j,0.000000
-0.955609+0.021279j,0.693150-3.141592j,0.693144-3.141593j,0.000000
-0.955593+0.021283j,0.693150-3.141592j,0.693144-3.141593j,0.000000
-0.955578+0.021287j,0.693150-3.141592j,0.693144-3.141593j,0.000000
-0.955562+0.021292j,0.693150-3.141592j,0.693144-3.141593j,0.000000
-0.955547+0.021296j,0.693150-3.141592j,0.693144-3.141593j,0.000000
-0.955531+0.021300j,0.693150-3.141592j,0.693144-3.141593j,0.000000
-0.955516+0.021304j,0.693150-3.141592j,0.693144-3.141593j,0.000000
-0.955501+0.021309j,0.693150-3.141592j,0.693144-3.141593j,0.000000
-0.955485+0.021313j,0.693150-3.141592j,0.693144-3.141593j,0.000000
-0.955470+0.021317j,0.693150-3.141592j,0.693144-3.141593j,0.000000
-0.955454+0.021321j,0.693150-3.141592j,0.693144-3.141593j,0.000000
-0.955439+0.021325j,0.693150-3.141592j,0.693144-3.141593j,0.000000
-0.955424+0.021330j,0.693150-3.141592j,0.693144-3.141593j,0.000000
-0.955409+0.021334j,0.693150-3.141592j,0.693144-3.141593j,0.000000
-0.955393+0.021338j,0.693150-3.141592j,0.693144-3.141593j,0.000000
-0.955378+0.021342j,0.693150-3.141592j,0.693144-3.141593j,0.000000
-0.955363+0.021346j,0.693150-3.141592j,0.693144-3.141593j,0.000000
-0.955348+0.021351j,0.693150-3.141592j,0.693144-3.141593j,0.000000
-0.955333+0.021355j,0.693150-3.141592j,0.693144-3.141593j,0.000000
-0.955317+0.021359j,0.693150-3.141592j,0.693144-3.141593j,0.000000
-0.955302+0.021363j,0.693150-3.141592j,0.693144-3.141593j,0.000000
-0.955287+0.021367j,0.693150-3.141592j,0.693144-3.141593j,0.000000
-0.955272+0.021372j,0.693150-3.141592j,0.693144-3.141593j,0.000000
-0.955257+0.021376j,0.693150-3.141592j,0.693144-3.141593j,0.000000
-0.955242+0.021380j,0.693150-3.141592j,0.693144-3.141593j,0.000000
-0.955227+0.021384j,0.693150-3.141592j,0.693144-3.141593j,0.000000
-0.955212+0.021388j,0.693150-3.141592j,0.693144-3.141593j,0.000000
-0.955197+0.021393j,0.693150-3.141592j,0.693144-3.141593j,0.000000
-0.955182+0.021397j,0.693150-3.141592j,0.693144-3.141593j,0.000000
-0.955167+0.021401j,0.693150-3.141592j,0.693144-3.141593j,0.000000
-0.955152+0.021405j,0.693150-3.141592j,0.693144-3.141593j,0.000000
-0.955137+0.021409j,0.693150-3.141592j,0.693144-3.141593j,0.000000
-0.955122+0.021413j,0.693150-3.141592j,0.693144-3.141593j,0.000000
-0.955107+0.021418j,0.693150-3.141592j,0.693144-3.141593j,0.000000
-0.955092+0.021422j,0.693150-3.141592j,0.693144-3.141593j,0.000000
-0.955078+0.021426j,0.693150-3.141592j,0.693144-3.141593j,0.000000
-0.955063+0.021430j,0.693150-3.141592j,0.693144-3.141593j,0.000000
-0.955048+0.021434j,0.693150-3.141592j,0.693144-3.141593j,0.000000
-0.955033+0.021438j,0.693150-3.141592j,0.693144-3.141593j,0.000000
-0.955018+0.021443j,0.693150-3.141592j,0.693144-3.141593j,0.000000
-0.955004+0.021447j,0.693150-3.141592j,0.693144-3.141593j,0.000000
-0.954989+0.021451j,0.693150-3.141592j,0.693144-3.141593j,0.000000
-0.954974+0.021455j,0.693150-3.141592j,0.693144-3.141593j,0.000000
-0.954960+0.021459j,0.693150-3.141592j,0.693144-3.141593j,0.000000
-0.954945+0.021463j,0.693150-3.141592j,0.693144-3.141593j,0.000000
-0.954930+0.021467j,0.693150-3.141592j,0.693144-3.141593j,0.000000
-0.954916+0.021472j,0.693150-3.141592j,0.693144-3.141593j,0.000000
-0.954901+0.021476j,0.693150-3.141592j,0.693144-3.141593j,0.000000
-0.954886+0.021480j,0.693150-3.141592j,0.693144-3.141593j,0.000000
-0.954872+0.021484j,0.693150-3.141592j,0.693144-3.141593j,0.000000
-0.954857+0.021488j,0.693150-3.141592j,0.693144-3.141593j,0.000000
-0.954843+0.021492j,0.693150-3.141592j,0.693144-3.141593j,0.000000
-0.954828+0.021496j,0.693150-3.141592j,0.693144-3.141593j,0.000000
-0.954814+0.021500j,0.693150-3.141592j,0.693144-3.141593j,0.000000
-0.954799+0.021505j,0.693150-3.141592j,0.693144-3.141593j,0.000000
-0.954785+0.021509j,0.693150-3.141592j,0.693144-3.141593j,0.000000
-0.954770+0.021513j,0.693150-3.141592j,0.693144-3.141593j,0.000000
-0.954756+0.021517j,0.693150-3.141592j,0.693144-3.141593j,0.000000
-0.954741+0.021521j,0.693150-3.141592j,0.693144-3.141593j,0.000000
-0.954727+0.021525j,0.693150-3.141592j,0.693144-3.141593j,0.000000
-0.954712+0.021529j,0.693150-3.141592j,0.693144-3.141593j,0.000000
-0.954698+0.021533j,0.693150-3.141592j,0.693144-3.141593j,0.000000
-0.954684+0.021537j,0.693150-3.141592j,0.693144-3.141593j,0.000000
-0.954669+0.021542j,0.693150-3.141592j,0.693144-3.141593j,0.000000
-0.954655+0.021546j,0.693150-3.141592j,0.693144-3.141593j,0.000000
-0.954641+0.021550j,0.693150-3.141592j,0.693144-3.141593j,0.000000
-0.954626+0.021554j,0.693150-3.141592j,0.693144-3.141593j,0.000000
-0.954612+0.021558j,0.693150-3.141592j,0.693144-3.141593j,0.000000
-0.954598+0.021562j,0.693150-3.141592j,0.693144-3.141593j,0.000000
-0.954584+0.021566j,0.693150-3.141592j,0.693144-3.141593j,0.000000
-0.954570+0.021570j,0.693150-3.141592j,0.693144-3.141593j,0.000000
-0.954555+0.021574j,0.693150-3.141592j,0.693144-3.141593j,0.000000
-0.954541+0.021578j,0.693150-3.141592j,0.693144-3.141593j,0.000000
-0.954527+0.021582j,0.693150-3.141592j,0.693144-3.141593j,0.000000
-0.954513+0.021587j,0.693150-3.141592j,0.693144-3.141593j,0.000000
-0.954499+0.021591j,0.693150-3.141592j,0.693144-3.141593j,0.000000
-0.954485+0.021595j,0.693150-3.141592j,0.693144-3.141593j,0.000000
-0.954470+0.021599j,0.693150-3.141592j,0.693144-3.141593j,0.000000
-0.954456+0.021603j,0.693150-3.141592j,0.693144-3.141593j,0.000000
-0.954442+0.021607j,0.693150-3.141592j,0.693144-3.141593j,0.000000
-0.954428+0.021611j,0.693150-3.141592j,0.693144-3.141593j,0.000000
-0.954414+0.021615j,0.693150-3.141592j,0.693144-3.141593j,0.000000
-0.954400+0.021619j,0.693150-3.141592j,0.693144-3.141593j,0.000000
-0.954386+0.021623j,0.693150-3.141592j,0.693144-3.141593j,0.000000
-0.954372+0.021627j,0.693150-3.141592j,0.693144-3.141593j,0.000000
-0.954358+0.021631j,0.693150-3.141592j,0.693144-3.141593j,0.000000
-0.954344+0.021635j,0.693150-3.141592j,0.693144-3.141593j,0.000000
-0.954330+0.021639j,0.693150-3.141592j,0.693144-3.141593j,0.000000
-0.954317+0.021643j,0.693150-3.141592j,0.693144-3.141593j,0.000000
-0.954303+0.021647j,0.693150-3.141592j,0.693144-3.141593j,0.000000
-0.954289+0.021651j,0.693150-3.141592j,0.693144-3.141593j,0.000000
-0.954275+0.021655j,0.693150-3.141592j,0.693144-3.141593j,0.000000
-0.954261+0.021659j,0.693150-3.141592j,0.693144-3.141593j,0.000000
-0.954247+0.021664j,0.693150-3.141592j,0.693144-3.141593j,0.000000
-0.954233+0.021668j,0.693150-3.141592j,0.693144-3.141593j,0.000000
-0.954220+0.021672j,0.693150-3.141592j,0.693144-3.141593j,0.000000
-0.954206+0.021676j,0.693150-3.141592j,0.693144-3.141593j,0.000000
-0.954192+0.021680j,0.693150-3.141592j,0.693144-3.141593j,0.000000
-0.954178+0.021684j,0.693150-3.141592j,0.693144-3.141593j,0.000000
-0.954165+0.021688j,0.693150-3.141592j,0.693144-3.141593j,0.000000
-0.954151+0.021692j,0.693150-3.141592j,0.693144-3.141593j,0.000000
-0.954137+0.021696j,0.693150-3.141592j,0.693144-3.141593j,0.000000
-0.954123+0.021700j,0.693150-3.141592j,0.693144-3.141593j,0.000000
-0.954110+0.021704j,0.693150-3.141592j,0.693144-3.141593j,0.000000
-0.954096+0.021708j,0.693150-3.141592j,0.693144-3.141593j,0.000000
-0.954082+0.021712j,0.693150-3.141592j,0.693144-3.141593j,0.000000
-0.954069+0.021716j,0.693150-3.141592j,0.693144-3.141593j,0.000000
-0.954055+0.021720j,0.693150-3.141592j,0.693144-3.141593j,0.000000
-0.954042+0.021724j,0.693150-3.141592j,0.693144-3.141593j,0.000000
-0.954028+0.021728j,0.693150-3.141592j,0.693144-3.141593j,0.000000
-0.954014+0.021732j,0.693150-3.141592j,0.693144-3.141593j,0.000000
-0.954001+0.021736j,0.693150-3.141592j,0.693144-3.141593j,0.000000
-0.953987+0.021740j,0.693151-3.141592j,0.693144-3.141593j,0.000000
-0.953974+0.021744j,0.693151-3.141592j,0.693144-3.141593j,0.000000
-0.953960+0.021748j,0.693151-3.141592j,0.693144-3.141593j,0.000000
-0.953947+0.021752j,0.693151-3.141592j,0.693144-3.141593j,0.000000
-0.953933+0.021756j,0.693151-3.141592j,0.693144-3.141593j,0.000000
-0.953920+0.021760j,0.693151-3.141592j,0.693144-3.141593j,0.000000
-0.953906+0.021764j,0.693151-3.141592j,0.693144-3.141593j,0.000000
-0.953893+0.021768j,0.693151-3.141592j,0.693144-3.141593j,0.000000
-0.953880+0.021772j,0.693151-3.141592j,0.693144-3.141593j,0.000000
-0.953866+0.021775j,0.693151-3.141592j,0.693144-3.141593j,0.000000
-0.953853+0.021779j,0.693151-3.141592j,0.693144-3.141593j,0.000000
-0.953839+0.021783j,0.693151-3.141592j,0.693144-3.141593j,0.000000
-0.953826+0.021787j,0.693151-3.141592j,0.693144-3.141593j,0.000000
-0.953813+0.021791j,0.693151-3.141592j,0.693144-3.141593j,0.000000
-0.953799+0.021795j,0.693151-3.141592j,0.693144-3.141593j,0.000000
-0.953786+0.021799j,0.693151-3.141592j,0.693144-3.141593j,0.000000
-0.953773+0.021803j,0.693151-3.141592j,0.693144-3.141593j,0.000000
-0.953760+0.021807j,0.693151-3.141592j,0.693144-3.141593j,0.000000
-0.953746+0.021811j,0.693151-3.141592j,0.693144-3.141593j,0.000000
-0.953733+0.021815j,0.693151-3.141592j,0.693144-3.141593j,0.000000
-0.953720+0.021819j,0.693151-3.141592j,0.693144-3.141593j,0.000000
-0.953707+0.021823j,0.693151-3.141592j,0.693144-3.141593j,0.000000
-0.953693+0.021827j,0.693151-3.141592j,0.693144-3.141593j,0.000000
-0.953680+0.021831j,0.693151-3.141592j,0.693144-3.141593j,0.000000
-0.953667+0.021835j,0.693151-3.141592j,0.693144-3.141593j,0.000000
-0.953654+0.021839j,0.693151-3.141592j,0.693144-3.141593j,0.000000
-0.953641+0.021843j,0.693151-3.141592j,0.693144-3.141593j,0.000000
-0.953628+0.021847j,0.693151-3.141592j,0.693144-3.141593j,0.000000
-0.953614+0.021850j,0.693151-3.141592j,0.693144-3.141593j,0.000000
-0.953601+0.021854j,0.693151-3.141592j,0.693144-3.141593j,0.000000
-0.953588+0.021858j,0.693151-3.141592j,0.693144-3.141593j,0.000000
-0.953575+0.021862j,0.693151-3.141592j,0.693144-3.141593j,0.000000
-0.953562+0.021866j,0.693151-3.141592j,0.693144-3.141593j,0.000000
-0.953549+0.021870j,0.693151-3.141592j,0.693144-3.141593j,0.000000
-0.953536+0.021874j,0.693151-3.141592j,0.693144-3.141593j,0.000000
-0.953523+0.021878j,0.693151-3.141592j,0.693144-3.141593j,0.000000
-0.953510+0.021882j,0.693151-3.141592j,0.693144-3.141593j,0.000000
-0.953497+0.021886j,0.693151-3.141592j,0.693144-3.141593j,0.000000
-0.953484+0.021890j,0.693151-3.141592j,0.693144-3.141593j,0.000000
-0.953471+0.021894j,0.693151-3.141592j,0.693144-3.141593j,0.000000
-0.953458+0.021897j,0.693151-3.141592j,0.693144-3.141593j,0.000000
-0.953445+0.021901j,0.693151-3.141592j,0.693144-3.141593j,0.000000
-0.953432+0.021905j,0.693151-3.141592j,0.693144-3.141593j,0.000000
-0.953419+0.021909j,0.693151-3.141592j,0.693144-3.141593j,0.000000
-0.953407+0.021913j,0.693151-3.141592j,0.693144-3.141593j,0.000000
-0.953394+0.021917j,0.693151-3.141592j,0.693144-3.141593j,0.000000
-0.953381+0.021921j,0.693151-3.141592j,0.693144-3.141593j,0.000000
-0.953368+0.021925j,0.693151-3.141592j,0.693144-3.141593j,0.000000
-0.953355+0.021929j,0.693151-3.141592j,0.693144-3.141593j,0.000000
-0.953342+0.021932j,0.693151-3.141592j,0.693144-3.141593j,0.000000
-0.953329+0.021936j,0.693151-3.141592j,0.693144-3.141593j,0.000000
-0.953317+0.021940j,0.693151-3.141592j,0.693144-3.141593j,0.000000
-0.953304+0.021944j,0.693151-3.141592j,0.693144-3.141593j,0.000000
-0.953291+0.021948j,0.693151-3.141592j,0.693144-3.141593j,0.000000
-0.953278+0.021952j,0.693151-3.141592j,0.693144-3.141593j,0.000000
-0.953266+0.021956j,0.693151-3.141592j,0.693144-3.141593j,0.000000
-0.953253+0.021959j,0.693151-3.141592j,0.693144-3.141593j,0.000000
-0.953240+0.021963j,0.693151-3.141592j,0.693144-3.141593j,0.000000
-0.953227+0.021967j,0.693151-3.141592j,0.693144-3.141593j,0.000000
-0.953215+0.021971j,0.693151-3.141592j,0.693144-3.141593j,0.000000
-0.953202+0.021975j,0.693151-3.141592j,0.693144-3.141593j,0.000000
-0.953189+0.021979j,0.693151-3.141592j,0.693144-3.141593j,0.000000
-0.953177+0.021983j,0.693151-3.141592j,0.693144-3.141593j,0.000000
-0.953164+0.021986j,0.693151-3.141592j,0.693144-3.141593j,0.000000
-0.953152+0.021990j,0.693151-3.141592j,0.693144-3.141593j,0.000000
-0.953139+0.021994j,0.693151-3.141592j,0.693144-3.141593j,0.000000
-0.953126+0.021998j,0.693151-3.141592j,0.693144-3.141593j,0.000000
-0.953114+0.022002j,0.693151-3.141592j,0.693144-3.141593j,0.000000
-0.953101+0.022006j,0.693151-3.141592j,0.693144-3.141593j,0.000000
-0.953089+0.022010j,0.693151-3.141592j,0.693144-3.141593j,0.000000
-0.953076+0.022013j,0.693151-3.141592j,0.693144-3.141593j,0.000000
-0.953064+0.022017j,0.693151-3.141592j,0.693144-3.141593j,0.000000
-0.953051+0.022021j,0.693151-3.141592j,0.693144-3.141593j,0.000000
-0.953039+0.022025j,0.693151-3.141592j,0.693144-3.141593j,0.000000
-0.953026+0.022029j,0.693151-3.141592j,0.693144-3.141593j,0.000000
-0.953014+0.022032j,0.693151-3.141592j,0.693144-3.141593j,0.000000
-0.953001+0.022036j,0.693151-3.141592j,0.693144-3.141593j,0.000000
-0.952989+0.022040j,0.693151-3.141592j,0.693144-3.141593j,0.000000
-0.952976+0.022044j,0.693151-3.141592j,0.693144-3.141593j,0.000000
-0.952964+0.022048j,0.693151-3.141592j,0.693144-3.141593j,0.000000
-0.952951+0.022052j,0.693151-3.141592j,0.693144-3.141593j,0.000000
-0.952939+0.022055j,0.693151-3.141592j,0.693144-3.141593j,0.000000
-0.952927+0.022059j,0.693151-3.141592j,0.693144-3.141593j,0.000000
-0.952914+0.022063j,0.693151-3.141592j,0.693144-3.141593j,0.000000
-0.952902+0.022067j,0.693151-3.141592j,0.693144-3.141593j,0.000000
-0.952890+0.022071j,0.693151-3.141592j,0.693144-3.141593j,0.000000
-0.952877+0.022074j,0.693151-3.141592j,0.693144-3.141593j,0.000000
-0.952865+0.022078j,0.693151-3.141592j,0.693144-3.141593j,0.000000
-0.952853+0.022082j,0.693151-3.141592j,0.693144-3.141593j,0.000000
-0.952840+0.022086j,0.693151-3.141592j,0.693144-3.141593j,0.000000
-0.952828+0.022090j,0.693151-3.141592j,0.693144-3.141593j,0.000000
-0.952816+0.022093j,0.693151-3.141592j,0.693144-3.141593j,0.000000
-0.952803+0.022097j,0.693151-3.141592j,0.693144-3.141593j,0.000000
-0.952791+0.022101j,0.693151-3.141592j,0.693144-3.141593j,0.000000
-0.952779+0.022105j,0.693151-3.141592j,0.693144-3.141593j,0.000000
-0.952767+0.022108j,0.693151-3.141592j,0.693144-3.141593j,0.000000
-0.952754+0.022112j,0.693151-3.141592j,0.693144-3.141593j,0.000000
-0.952742+0.022116j,0.693151-3.141592j,0.693144-3.141593j,0.000000
-0.952730+0.022120j,0.693151-3.141592j,0.693144-3.141593j,0.000000
-0.952718+0.022124j,0.693151-3.141592j,0.693143-3.141593j,0.000000
-0.952706+0.022127j,0.693151-3.141592j,0.693143-3.141593j,0.000000
-0.952694+0.022131j,0.693151-3.141592j,0.693143-3.141593j,0.000000
-0.952681+0.022135j,0.693151-3.141592j,0.693143-3.141593j,0.000000
-0.952669+0.022139j,0.693151-3.141592j,0.693143-3.141593j,0.000000
-0.952657+0.022142j,0.693151-3.141592j,0.693143-3.141593j,0.000000
-0.952645+0.022146j,0.693151-3.141592j,0.693143-3.141593j,0.000000
-0.952633+0.022150j,0.693151-3.141592j,0.693143-3.141593j,0.000000
-0.952621+0.022154j,0.693151-3.141592j,0.693143-3.141593j,0.000000
-0.952609+0.022157j,0.693151-3.141592j,0.693143-3.141593j,0.000000
-0.952597+0.022161j,0.693151-3.141592j,0.693143-3.141593j,0.000000
-0.952585+0.022165j,0.693151-3.141592j,0.693143-3.141593j,0.000000
-0.952573+0.022169j,0.693151-3.141592j,0.693143-3.141593j,0.000000
-0.952561+0.022172j,0.693151-3.141592j,0.693143-3.141593j,0.000000
-0.952549+0.022176j,0.693151-3.141592j,0.693143-3.141593j,0.000000
-0.952537+0.022180j,0.693151-3.141592j,0.693143-3.141593j,0.000000
-0.952525+0.022184j,0.693151-3.141592j,0.693143-3.141593j,0.000000
-0.952513+0.022187j,0.693151-3.141592j,0.693143-3.141593j,0.000000
-0.952501+0.022191j,0.693151-3.141592j,0.693143-3.141593j,0.000000
-0.952489+0.022195j,0.693151-3.141592j,0.693143-3.141593j,0.000000
-0.952477+0.022198j,0.693151-3.141592j,0.693143-3.141593j,0.000000
-0.952465+0.022202j,0.693151-3.141592j,0.693143-3.141593j,0.000000
-0.952453+0.022206j,0.693151-3.141592j,0.693143-3.141593j,0.000000
-0.952441+0.022210j,0.693151-3.141592j,0.693143-3.141593j,0.000000
-0.952429+0.022213j,0.693151-3.141592j,0.693143-3.141593j,0.000000
-0.952417+0.022217j,0.693151-3.141592j,0.693143-3.141593j,0.000000
-0.952406+0.022221j,0.693151-3.141592j,0.693143-3.141593j,0.000000
-0.952394+0.022224j,0.693151-3.141592j,0.693143-3.141593j,0.000000
-0.952382+0.022228j,0.693151-3.141592j,0.693143-3.141593j,0.000000
-0.952370+0.022232j,0.693151-3.141592j,0.693143-3.141593j,0.000000
-0.952358+0.022236j,0.693151-3.141592j,0.693143-3.141593j,0.000000
-0.952346+0.022239j,0.693151-3.141592j,0.693143-3.141593j,0.000000
-0.952335+0.022243j,0.693151-3.141592j,0.693143-3.141593j,0.000000
-0.952323+0.022247j,0.693151-3.141592j,0.693143-3.141593j,0.000000
-0.952311+0.022250j,0.693151-3.141592j,0.693143-3.141593j,0.000000
-0.952299+0.022254j,0.693151-3.141592j,0.693143-3.141593j,0.000000
-0.952288+0.022258j,0.693151-3.141592j,0.693143-3.141593j,0.000000
-0.952276+0.022261j,0.693151-3.141592j,0.693143-3.141593j,0.000000
-0.952264+0.022265j,0.693151-3.141592j,0.693143-3.141593j,0.000000
-0.952252+0.022269j,0.693151-3.141592j,0.693143-3.141593j,0.000000
-0.952241+0.022273j,0.693151-3.141592j,0.693143-3.141593j,0.000000
-0.952229+0.022276j,0.693151-3.141592j,0.693143-3.141593j,0.000000
-0.952217+0.022280j,0.693151-3.141592j,0.693143-3.141593j,0.000000
-0.952206+0.022284j,0.693151-3.141592j,0.693143-3.141593j,0.000000
-0.952194+0.022287j,0.693151-3.141592j,0.693143-3.141593j,0.000000
-0.952182+0.022291j,0.693151-3.141592j,0.693143-3.141593j,0.000000
-0.952171+0.022295j,0.693151-3.141592j,0.693143-3.141593j,0.000000
-0.952159+0.022298j,0.693151-3.141592j,0.693143-3.141593j,0.000000
-0.952147+0.022302j,0.693151-3.141592j,0.693143-3.141593j,0.000000
-0.952136+0.022306j,0.693151-3.141592j,0.693143-3.141593j,0.000000
-0.952124+0.022309j,0.693151-3.141592j,0.693143-3.141593j,0.000000
-0.952113+0.022313j,0.693151-3.141592j,0.693143-3.141593j,0.000000
-0.952101+0.022317j,0.693151-3.141592j,0.693143-3.141593j,0.000000
-0.952089+0.022320j,0.693151-3.141592j,0.693143-3.141593j,0.000000
-0.952078+0.022324j,0.693151-3.141592j,0.693143-3.141593j,0.000000
-0.952066+0.022328j,0.693151-3.141592j,0.693143-3.141593j,0.000000
-0.952055+0.022331j,0.693151-3.141592j,0.693143-3.141593j,0.000000
-0.952043+0.022335j,0.693151-3.141592j,0.693143-3.141593j,0.000000
-0.952032+0.022338j,0.693151-3.141592j,0.693143-3.141593j,0.000000
-0.952020+0.022342j,0.693151-3.141592j,0.693143-3.141593j,0.000000
-0.952009+0.022346j,0.693151-3.141592j,0.693143-3.141593j,0.000000
-0.951997+0.022349j,0.693151-3.141592j,0.693143-3.141593j,0.000000
-0.951986+0.022353j,0.693151-3.141592j,0.693143-3.141593j,0.000000
-0.951974+0.022357j,0.693151-3.141592j,0.693143-3.141593j,0.000000
-0.951963+0.022360j,0.693151-3.141592j,0.693143-3.141593j,0.000000
-0.951952+0.022364j,0.693151-3.141592j,0.693143-3.141593j,0.000000
-0.951940+0.022368j,0.693151-3.141592j,0.693143-3.141593j,0.000000
-0.951929+0.022371j,0.693151-3.141592j,0.693143-3.141593j,0.000000
-0.951917+0.022375j,0.693151-3.141592j,0.693143-3.141593j,0.000000
-0.951906+0.022378j,0.693151-3.141592j,0.693143-3.141593j,0.000000
-0.951895+0.022382j,0.693151-3.141592j,0.693143-3.141593j,0.000000
-0.951883+0.022386j,0.693151-3.141592j,0.693143-3.141593j,0.000000
-0.951872+0.022389j,0.693151-3.141592j,0.693143-3.141593j,0.000000
-0.951860+0.022393j,0.693151-3.141592j,0.693143-3.141593j,0.000000
-0.951849+0.022397j,0.693151-3.141592j,0.693143-3.141593j,0.000000
-0.951838+0.022400j,0.693151-3.141592j,0.693143-3.141593j,0.000000
-0.951826+0.022404j,0.693151-3.141592j,0.693143-3.141593j,0.000000
-0.951815+0.022407j,0.693151-3.141592j,0.693143-3.141593j,0.000000
-0.951804+0.022411j,0.693151-3.141592j,0.693143-3.141593j,0.000000
-0.951793+0.022415j,0.693151-3.141592j,0.693143-3.141593j,0.000000
-0.951781+0.022418j,0.693151-3.141592j,0.693143-3.141593j,0.000000
-0.951770+0.022422j,0.693151-3.141592j,0.693143-3.141593j,0.000000
-0.951759+0.022425j,0.693151-3.141592j,0.693143-3.141593j,0.000000
-0.951748+0.022429j,0.693151-3.141592j,0.693143-3.141593j,0.000000
-0.951736+0.022433j,0.693151-3.141592j,0.693143-3.141593j,0.000000
-0.951725+0.022436j,0.693151-3.141592j,0.693143-3.141593j,0.000000
-0.951714+0.022440j,0.693151-3.141592j,0.693143-3.141593j,0.000000
-0.951703+0.022443j,0.693151-3.141592j,0.693143-3.141593j,0.000000
-0.951691+0.022447j,0.693151-3.141592j,0.693143-3.141593j,0.000000
-0.951680+0.022451j,0.693151-3.141592j,0.693143-3.141593j,0.000000
-0.951669+0.022454j,0.693151-3.141592j,0.693143-3.141593j,0.000000
-0.951658+0.022458j,0.693151-3.141592j,0.693143-3.141593j,0.000000
-0.951647+0.022461j,0.693151-3.141592j,0.693143-3.141593j,0.000000
-0.951636+0.022465j,0.693151-3.141592j,0.693143-3.141593j,0.000000
-0.951625+0.022468j,0.693151-3.141592j,0.693143-3.141593j,0.000000
-0.951613+0.022472j,0.693151-3.141592j,0.693143-3.141593j,0.000000
-0.951602+0.022476j,0.693151-3.141592j,0.693143-3.141593j,0.000000
-0.951591+0.022479j,0.693151-3.141592j,0.693143-3.141593j,0.000000
-0.951580+0.022483j,0.693151-3.141592j,0.693143-3.141593j,0.000000
-0.951569+0.022486j,0.693151-3.141592j,0.693143-3.141593j,0.000000
-0.951558+0.022490j,0.693151-3.141592j,0.693143-3.141593j,0.000000
-0.951547+0.022493j,0.693151-3.141592j,0.693143-3.141593j,0.000000
-0.951536+0.022497j,0.693151-3.141592j,0.693143-3.141593j,0.000000
-0.951525+0.022500j,0.693151-3.141592j,0.693143-3.141593j,0.000000
-0.951514+0.022504j,0.693151-3.141592j,0.693143-3.141593j,0.000000
-0.951503+0.022508j,0.693151-3.141592j,0.693143-3.141593j,0.000000
-0.951492+0.022511j,0.693151-3.141592j,0.693143-3.141593j,0.000000
-0.951481+0.022515j,0.693151-3.141592j,0.693143-3.141593j,0.000000
-0.951470+0.022518j,0.693151-3.141592j,0.693143-3.141593j,0.000000
-0.951459+0.022522j,0.693151-3.141592j,0.693143-3.141593j,0.000000
-0.951448+0.022525j,0.693151-3.141592j,0.693143-3.141593j,0.000000
-0.951437+0.022529j,0.693151-3.141592j,0.693143-3.141593j,0.000000
-0.951426+0.022532j,0.693151-3.141592j,0.693143-3.141593j,0.000000
-0.951415+0.022536j,0.693151-3.141592j,0.693143-3.141593j,0.000000
-0.951404+0.022539j,0.693151-3.141592j,0.693143-3.141593j,0.000000
-0.951393+0.022543j,0.693151-3.141592j,0.693143-3.141593j,0.000000
-0.951382+0.022546j,0.693151-3.141592j,0.693143-3.141593j,0.000000
-0.951371+0.022550j,0.693151-3.141592j,0.693143-3.141593j,0.000000
-0.951360+0.022554j,0.693151-3.141592j,0.693143-3.141593j,0.000000
-0.951349+0.022557j,0.693151-3.141592j,0.693143-3.141593j,0.000000
-0.951339+0.022561j,0.693151-3.141592j,0.693143-3.141593j,0.000000
-0.951328+0.022564j,0.693151-3.141592j,0.693143-3.141593j,0.000000
-0.951317+0.022568j,0.693151-3.141592j,0.693143-3.141593j,0.000000
-0.951306+0.022571j,0.693151-3.141592j,0.693143-3.141593j,0.000000
-0.951295+0.022575j,0.693151-3.141592j,0.693143-3.141593j,0.000000
-0.951284+0.022578j,0.693151-3.141592j,0.693143-3.141593j,0.000000
-0.951273+0.022582j,0.693151-3.141592j,0.693143-3.141593j,0.000000
-0.951263+0.022585j,0.693151-3.141592j,0.693143-3.141593j,0.000000
-0.951252+0.022589j,0.693151-3.141592j,0.693143-3.141593j,0.000000
-0.951241+0.022592j,0.693151-3.141592j,0.693143-3.141593j,0.000000
-0.951230+0.022596j,0.693151-3.141592j,0.693143-3.141593j,0.000000
-0.951219+0.022599j,0.693151-3.141592j,0.693143-3.141593j,0.000000
-0.951209+0.022603j,0.693151-3.141592j,0.693143-3.141593j,0.000000
-0.951198+0.022606j,0.693151-3.141592j,0.693143-3.141593j,0.000000
-0.951187+0.022610j,0.693151-3.141592j,0.693143-3.141593j,0.000000
-0.951176+0.022613j,0.693151-3.141592j,0.693143-3.141593j,0.000000
-0.951166+0.022617j,0.693151-3.141592j,0.693143-3.141593j,0.000000
-0.951155+0.022620j,0.693151-3.141592j,0.693143-3.141593j,0.000000
-0.951144+0.022624j,0.693151-3.141592j,0.693143-3.141593j,0.000000
-0.951134+0.022627j,0.693151-3.141592j,0.693143-3.141593j,0.000000
-0.951123+0.022631j,0.693151-3.141592j,0.693143-3.141593j,0.000000
-0.951112+0.022634j,0.693151-3.141592j,0.693143-3.141593j,0.000000
-0.951102+0.022638j,0.693151-3.141592j,0.693143-3.141593j,0.000000
-0.951091+0.022641j,0.693151-3.141592j,0.693143-3.141593j,0.000000
-0.951080+0.022645j,0.693151-3.141592j,0.693143-3.141593j,0.000000
-0.951070+0.022648j,0.693151-3.141592j,0.693143-3.141593j,0.000000
-0.951059+0.022651j,0.693151-3.141592j,0.693143-3.141593j,0.000000
-0.951048+0.022655j,0.693151-3.141592j,0.693143-3.141593j,0.000000
-0.951038+0.022658j,0.693151-3.141592j,0.693143-3.141593j,0.000000
-0.951027+0.022662j,0.693151-3.141592j,0.693143-3.141593j,0.000000
-0.951017+0.022665j,0.693151-3.141592j,0.693143-3.141593j,0.000000
-0.951006+0.022669j,0.693151-3.141592j,0.693143-3.141593j,0.000000
-0.950995+0.022672j,0.693151-3.141592j,0.693143-3.141593j,0.000000
-0.950985+0.022676j,0.693151-3.141592j,0.693143-3.141593j,0.000000
-0.950974+0.022679j,0.693151-3.141592j,0.693143-3.141593j,0.000000
-0.950964+0.022683j,0.693151-3.141592j,0.693143-3.141593j,0.000000
-0.950953+0.022686j,0.693151-3.141592j,0.693143-3.141593j,0.000000
-0.950943+0.022690j,0.693151-3.141592j,0.693143-3.141593j,0.000000
-0.950932+0.022693j,0.693151-3.141592j,0.693143-3.141593j,0.000000
-0.950922+0.022696j,0.693151-3.141592j,0.693143-3.141593j,0.000000
-0.950911+0.022700j,0.693151-3.141592j,0.693143-3.141593j,0.000000
-0.950900+0.022703j,0.693151-3.141592j,0.693143-3.141593j,0.000000
-0.950890+0.022707j,0.693151-3.141592j,0.693143-3.141593j,0.000000
-0.950880+0.022710j,0.693151-3.141592j,0.693143-3.141593j,0.000000
-0.950869+0.022714j,0.693151-3.141592j,0.693143-3.141593j,0.000000
-0.950859+0.022717j,0.693151-3.141592j,0.693143-3.141593j,0.000000
-0.950848+0.022720j,0.693151-3.141592j,0.693143-3.141593j,0.000000
-0.950838+0.022724j,0.693151-3.141592j,0.693143-3.141593j,0.000000
-0.950827+0.022727j,0.693151-3.141592j,0.693143-3.141593j,0.000000
-0.950817+0.022731j,0.693151-3.141592j,0.693143-3.141593j,0.000000
-0.950806+0.022734j,0.693151-3.141592j,0.693143-3.141593j,0.000000
-0.950796+0.022738j,0.693151-3.141592j,0.693143-3.141593j,0.000000
-0.950786+0.022741j,0.693151-3.141592j,0.693143-3.141593j,0.000000
-0.950775+0.022744j,0.693151-3.141592j,0.693143-3.141593j,0.000000
-0.950765+0.022748j,0.693151-3.141592j,0.693143-3.141593j,0.000000
-0.950754+0.022751j,0.693151-3.141592j,0.693143-3.141593j,0.000000
-0.950744+0.022755j,0.693151-3.141592j,0.693143-3.141593j,0.000000
-0.950734+0.022758j,0.693151-3.141592j,0.693143-3.141593j,0.000000
-0.950723+0.022762j,0.693151-3.141592j,0.693143-3.141593j,0.000000
-0.950723+0.022762j,0.693151-3.141592j,0.693143-3.141593j,0.000000
-0.950713+0.022765j,0.693151-3.141592j,0.693143-3.141593j,0.000000
-0.950667+0.022780j,0.693152-3.141592j,0.693143-3.141593j,0.000000
-0.950476+0.022843j,0.693152-3.141592j,0.693143-3.141593j,0.000000
-0.950148+0.022952j,0.693152-3.141592j,0.693143-3.141593j,0.000000
-0.949829+0.023059j,0.693152-3.141592j,0.693143-3.141593j,0.000000
-0.949502+0.023170j,0.693152-3.141592j,0.693142-3.141593j,0.000000
-0.949184+0.023278j,0.693152-3.141592j,0.693142-3.141593j,0.000000
-0.948855+0.023391j,0.693152-3.141592j,0.693142-3.141593j,0.000000
-0.948533+0.023503j,0.693152-3.141592j,0.693142-3.141593j,0.000000
-0.948201+0.023618j,0.693152-3.141592j,0.693142-3.141593j,0.000000
-0.947878+0.023731j,0.693153-3.141592j,0.693142-3.141593j,0.000000
-0.947543+0.023849j,0.693153-3.141592j,0.693142-3.141593j,0.000000
-0.947217+0.023965j,0.693153-3.141592j,0.693142-3.141593j,0.000000
-0.946879+0.024085j,0.693153-3.141592j,0.693141-3.141593j,0.000000
-0.946551+0.024203j,0.693153-3.141592j,0.693141-3.141593j,0.000000
-0.946211+0.024326j,0.693153-3.141592j,0.693141-3.141593j,0.000000
-0.945879+0.024446j,0.693153-3.141592j,0.693141-3.141593j,0.000000
-0.945537+0.024571j,0.693154-3.141592j,0.693141-3.141593j,0.000000
-0.945202+0.024694j,0.693154-3.141592j,0.693141-3.141593j,0.000000
-0.944857+0.024821j,0.693154-3.141592j,0.693141-3.141593j,0.000000
-0.944519+0.024946j,0.693154-3.141592j,0.693140-3.141593j,0.000000
-0.944171+0.025075j,0.693154-3.141592j,0.693140-3.141593j,0.000000
-0.943831+0.025202j,0.693154-3.141592j,0.693140-3.141593j,0.000000
-0.943480+0.025333j,0.693155-3.141592j,0.693140-3.141593j,0.000000
-0.943137+0.025462j,0.693155-3.141592j,0.693140-3.141594j,0.000000
-0.942782+0.025596j,0.693155-3.141592j,0.693139-3.141594j,0.000000
-0.942437+0.025727j,0.693155-3.141592j,0.693139-3.141594j,0.000000
-0.942079+0.025863j,0.693155-3.141592j,0.693139-3.141594j,0.000000
-0.941731+0.025996j,0.693155-3.141592j,0.693139-3.141594j,0.000000
-0.941370+0.026134j,0.693156-3.141592j,0.693139-3.141594j,0.000000
-0.941018+0.026269j,0.693156-3.141592j,0.693139-3.141594j,0.000000
-0.940654+0.026409j,0.693156-3.141592j,0.693138-3.141594j,0.000000
-0.940300+0.026546j,0.693156-3.141592j,0.693138-3.141594j,0.000000
-0.939933+0.026688j,0.693156-3.141592j,0.693138-3.141594j,0.000000
-0.939576+0.026827j,0.693157-3.141592j,0.693138-3.141594j,0.000000
-0.939206+0.026972j,0.693157-3.141592j,0.693137-3.141594j,0.000000
-0.938845+0.027113j,0.693157-3.141592j,0.693137-3.141594j,0.000000
-0.938472+0.027259j,0.693157-3.141592j,0.693137-3.141594j,0.000000
-0.938108+0.027402j,0.693158-3.141592j,0.693137-3.141594j,0.000000
-0.937731+0.027550j,0.693158-3.141592j,0.693136-3.141594j,0.000000
-0.937364+0.027695j,0.693158-3.141592j,0.693136-3.141594j,0.000000
-0.936984+0.027845j,0.693158-3.141592j,0.693136-3.141594j,0.000000
-0.936614+0.027992j,0.693159-3.141592j,0.693136-3.141594j,0.000000
-0.936231+0.028144j,0.693159-3.141592j,0.693135-3.141594j,0.000000
-0.935857+0.028293j,0.693159-3.141592j,0.693135-3.141594j,0.000000
-0.935471+0.028447j,0.693160-3.141592j,0.693135-3.141594j,0.000000
-0.935094+0.028597j,0.693160-3.141592j,0.693135-3.141594j,0.000000
-0.934704+0.028753j,0.693160-3.141592j,0.693134-3.141594j,0.000000
-0.934324+0.028906j,0.693160-3.141591j,0.693134-3.141594j,0.000000
-0.933931+0.029063j,0.693161-3.141591j,0.693134-3.141594j,0.000000
-0.933547+0.029218j,0.693161-3.141591j,0.693133-3.141594j,0.000000
-0.933151+0.029377j,0.693161-3.141591j,0.693133-3.141594j,0.000000
-0.932764+0.029533j,0.693162-3.141591j,0.693133-3.141594j,0.000000
-0.932364+0.029695j,0.693162-3.141591j,0.693132-3.141594j,0.000000
-0.931974+0.029853j,0.693162-3.141591j,0.693132-3.141594j,0.000000
-0.931571+0.030016j,0.693163-3.141591j,0.693132-3.141594j,0.000001
-0.931177+0.030176j,0.693163-3.141591j,0.693131-3.141594j,0.000001
-0.930770+0.030342j,0.693163-3.141591j,0.693131-3.141594j,0.000001
-0.930372+0.030503j,0.693164-3.141591j,0.693131-3.141594j,0.000001
-0.929962+0.030670j,0.693164-3.141591j,0.693130-3.141594j,0.000001
-0.929561+0.030834j,0.693165-3.141591j,0.693130-3.141594j,0.000001
-0.929146+0.031003j,0.693165-3.141591j,0.693129-3.141594j,0.000001
-0.928742+0.031168j,0.693165-3.141591j,0.693129-3.141594j,0.000001
-0.928324+0.031339j,0.693166-3.141591j,0.693129-3.141594j,0.000001
-0.927915+0.031506j,0.693166-3.141591j,0.693128-3.141594j,0.000001
-0.927494+0.031679j,0.693167-3.141591j,0.693128-3.141594j,0.000001
-0.927082+0.031848j,0.693167-3.141591j,0.693127-3.141594j,0.000001
-0.926657+0.032022j,0.693168-3.141591j,0.693127-3.141594j,0.000001
-0.926241+0.032193j,0.693168-3.141591j,0.693126-3.141594j,0.000001
-0.925812+0.032369j,0.693169-3.141591j,0.693126-3.141594j,0.000001
-0.925393+0.032542j,0.693169-3.141591j,0.693125-3.141594j,0.000001
-0.924960+0.032720j,0.693170-3.141591j,0.693125-3.141594j,0.000001
-0.924538+0.032894j,0.693170-3.141591j,0.693124-3.141594j,0.000001
-0.924101+0.033074j,0.693171-3.141591j,0.693124-3.141594j,0.000001
-0.923674+0.033250j,0.693171-3.141591j,0.693123-3.141594j,0.000001
-0.923234+0.033432j,0.693172-3.141591j,0.693123-3.141594j,0.000001
-0.922804+0.033610j,0.693172-3.141591j,0.693122-3.141594j,0.000001
-0.922359+0.033794j,0.693173-3.141591j,0.693122-3.141594j,0.000001
-0.921925+0.033973j,0.693173-3.141591j,0.693121-3.141595j,0.000001
-0.921477+0.034159j,0.693174-3.141591j,0.693120-3.141595j,0.000001
-0.921039+0.034340j,0.693175-3.141591j,0.693120-3.141595j,0.000001
-0.920587+0.034527j,0.693175-3.141591j,0.693119-3.141595j,0.000001
-0.920145+0.034711j,0.693176-3.141591j,0.693119-3.141595j,0.000001
-0.919689+0.034900j,0.693177-3.141591j,0.693118-3.141595j,0.000001
-0.919243+0.035085j,0.693177-3.141591j,0.693117-3.141595j,0.000001
-0.918783+0.035275j,0.693178-3.141591j,0.693117-3.141595j,0.000001
-0.918334+0.035462j,0.693179-3.141591j,0.693116-3.141595j,0.000001
-0.917870+0.035655j,0.693179-3.141590j,0.693115-3.141595j,0.000001
-0.917416+0.035843j,0.693180-3.141590j,0.693114-3.141595j,0.000001
-0.916948+0.036038j,0.693181-3.141590j,0.693114-3.141595j,0.000001
-0.916490+0.036228j,0.693181-3.141590j,0.693113-3.141595j,0.000001
-0.916018+0.036425j,0.693182-3.141590j,0.693112-3.141595j,0.000001
-0.915556+0.036617j,0.693183-3.141590j,0.693111-3.141595j,0.000001
-0.915080+0.036815j,0.693184-3.141590j,0.693111-3.141595j,0.000001
-0.914614+0.037009j,0.693185-3.141590j,0.693110-3.141595j,0.000002
-0.914134+0.037209j,0.693185-3.141590j,0.693109-3.141595j,0.000002
-0.913664+0.037404j,0.693186-3.141590j,0.693108-3.141595j,0.000002
-0.913179+0.037606j,0.693187-3.141590j,0.693107-3.141595j,0.000002
-0.912705+0.037803j,0.693188-3.141590j,0.693106-3.141595j,0.000002
-0.912216+0.038007j,0.693189-3.141590j,0.693105-3.141595j,0.000002
-0.911738+0.038206j,0.693190-3.141590j,0.693104-3.141595j,0.000002
-0.911245+0.038412j,0.693191-3.141590j,0.693104-3.141595j,0.000002
-0.910763+0.038613j,0.693192-3.141590j,0.693103-3.141595j,0.000002
-0.910265+0.038820j,0.693193-3.141590j,0.693102-3.141596j,0.000002
-0.909779+0.039023j,0.693194-3.141590j,0.693101-3.141596j,0.000002
-0.909277+0.039232j,0.693195-3.141590j,0.693100-3.141596j,0.000002
-0.908787+0.039437j,0.693196-3.141590j,0.693099-3.141596j,0.000002
-0.908280+0.039648j,0.693197-3.141590j,0.693097-3.141596j,0.000002
-0.907785+0.039854j,0.693198-3.141590j,0.693096-3.141596j,0.000002
-0.907275+0.040067j,0.693199-3.141589j,0.693095-3.141596j,0.000002
-0.906776+0.040276j,0.693200-3.141589j,0.693094-3.141596j,0.000002
-0.906261+0.040490j,0.693201-3.141589j,0.693093-3.141596j,0.000002
-0.905757+0.040700j,0.693203-3.141589j,0.693092-3.141596j,0.000003
-0.905238+0.040917j,0.693204-3.141589j,0.693091-3.141596j,0.000003
-0.904730+0.041129j,0.693205-3.141589j,0.693089-3.141596j,0.000003
-0.904207+0.041347j,0.693206-3.141589j,0.693088-3.141596j,0.000003
-0.903694+0.041561j,0.693208-3.141589j,0.693087-3.141596j,0.000003
-0.903166+0.041781j,0.693209-3.141589j,0.693085-3.141596j,0.000003
-0.902649+0.041997j,0.693210-3.141589j,0.693084-3.141596j,0.000003
-0.902117+0.042219j,0.693212-3.141589j,0.693083-3.141596j,0.000003
-0.901595+0.042437j,0.693213-3.141589j,0.693081-3.141596j,0.000003
-0.901058+0.042661j,0.693214-3.141589j,0.693080-3.141597j,0.000003
-0.900533+0.042880j,0.693216-3.141589j,0.693078-3.141597j,0.000003
-0.899991+0.043106j,0.693217-3.141589j,0.693077-3.141597j,0.000003
-0.899461+0.043327j,0.693219-3.141589j,0.693075-3.141597j,0.000003
-0.898914+0.043555j,0.693220-3.141589j,0.693074-3.141597j,0.000004
-0.898380+0.043778j,0.693222-3.141588j,0.693072-3.141597j,0.000004
-0.897829+0.044007j,0.693224-3.141588j,0.693071-3.141597j,0.000004
-0.897289+0.044232j,0.693225-3.141588j,0.693069-3.141597j,0.000004
-0.896734+0.044464j,0.693227-3.141588j,0.693067-3.141597j,0.000004
-0.896190+0.044691j,0.693229-3.141588j,0.693066-3.141597j,0.000004
-0.895629+0.044924j,0.693230-3.141588j,0.693064-3.141597j,0.000004
-0.895081+0.045153j,0.693232-3.141588j,0.693062-3.141597j,0.000004
-0.894516+0.045388j,0.693234-3.141588j,0.693060-3.141597j,0.000004
-0.893963+0.045618j,0.693236-3.141588j,0.693059-3.141597j,0.000005
-0.893393+0.045856j,0.693238-3.141588j,0.693057-3.141598j,0.000005
-0.892835+0.046088j,0.693240-3.141588j,0.693055-3.141598j,0.000005
-0.892260+0.046327j,0.693242-3.141588j,0.693053-3.141598j,0.000005
-0.891698+0.046562j,0.693244-3.141588j,0.693051-3.141598j,0.000005
-0.891118+0.046803j,0.693246-3.141587j,0.693049-3.141598j,0.000005
-0.890551+0.047039j,0.693248-3.141587j,0.693047-3.141598j,0.000005
-0.889967+0.047282j,0.693250-3.141587j,0.693044-3.141598j,0.000005
-0.889395+0.047520j,0.693252-3.141587j,0.693042-3.141598j,0.000006
-0.888806+0.047765j,0.693254-3.141587j,0.693040-3.141598j,0.000006
-0.888229+0.048005j,0.693257-3.141587j,0.693038-3.141598j,0.000006
-0.887635+0.048252j,0.693259-3.141587j,0.693036-3.141598j,0.000006
-0.887053+0.048494j,0.693261-3.141587j,0.693033-3.141599j,0.000006
-0.886454+0.048743j,0.693264-3.141587j,0.693031-3.141599j,0.000006
-0.885867+0.048987j,0.693266-3.141587j,0.693028-3.141599j,0.000007
-0.885263+0.049238j,0.693269-3.141586j,0.693026-3.141599j,0.000007
-0.884672+0.049483j,0.693271-3.141586j,0.693023-3.141599j,0.000007
-0.884063+0.049736j,0.693274-3.141586j,0.693021-3.141599j,0.000007
-0.883467+0.049984j,0.693276-3.141586j,0.693018-3.141599j,0.000007
-0.882852+0.050239j,0.693279-3.141586j,0.693015-3.141599j,0.000008
-0.882251+0.050488j,0.693282-3.141586j,0.693013-3.141599j,0.000008
-0.881632+0.050745j,0.693285-3.141586j,0.693010-3.141599j,0.000008
-0.881026+0.050997j,0.693287-3.141586j,0.693007-3.141600j,0.000008
-0.880402+0.051256j,0.693290-3.141586j,0.693004-3.141600j,0.000008
-0.879790+0.051509j,0.693293-3.141586j,0.693001-3.141600j,0.000009
-0.879161+0.051770j,0.693296-3.141585j,0.692998-3.141600j,0.000009
-0.878545+0.052026j,0.693299-3.141585j,0.692995-3.141600j,0.000009
-0.877910+0.052288j,0.693303-3.141585j,0.692992-3.141600j,0.000009
-0.877289+0.052546j,0.693306-3.141585j,0.692989-3.141600j,0.000010
-0.876649+0.052811j,0.693309-3.141585j,0.692985-3.141600j,0.000010
-0.876022+0.053070j,0.693312-3.141585j,0.692982-3.141600j,0.000010
-0.875377+0.053337j,0.693316-3.141585j,0.692979-3.141601j,0.000010
-0.874746+0.053598j,0.693319-3.141585j,0.692975-3.141601j,0.000011
-0.874095+0.053867j,0.693323-3.141585j,0.692972-3.141601j,0.000011
-0.873458+0.054131j,0.693326-3.141584j,0.692968-3.141601j,0.000011
-0.872803+0.054402j,0.693330-3.141584j,0.692964-3.141601j,0.000011
-0.872161+0.054667j,0.693334-3.141584j,0.692961-3.141601j,0.000012
-0.871500+0.054940j,0.693338-3.141584j,0.692957-3.141601j,0.000012
-0.870853+0.055208j,0.693342-3.141584j,0.692953-3.141601j,0.000012
-0.870186+0.055483j,0.693346-3.141584j,0.692949-3.141602j,0.000013
-0.869534+0.055752j,0.693350-3.141584j,0.692945-3.141602j,0.000013
-0.868862+0.056029j,0.693354-3.141583j,0.692941-3.141602j,0.000013
-0.868204+0.056300j,0.693358-3.141583j,0.692936-3.141602j,0.000014
-0.867527+0.056580j,0.693362-3.141583j,0.692932-3.141602j,0.000014
-0.866864+0.056853j,0.693367-3.141583j,0.692928-3.141602j,0.000014
-0.866181+0.057134j,0.693371-3.141583j,0.692923-3.141602j,0.000015
-0.865513+0.057410j,0.693376-3.141583j,0.692919-3.141602j,0.000015
-0.864825+0.057693j,0.693380-3.141583j,0.692914-3.141603j,0.000016
-0.864151+0.057970j,0.693385-3.141583j,0.692909-3.141603j,0.000016
-0.863457+0.058256j,0.693390-3.141582j,0.692905-3.141603j,0.000016
-0.862778+0.058535j,0.693395-3.141582j,0.692900-3.141603j,0.000017
-0.862079+0.058823j,0.693400-3.141582j,0.692895-3.141603j,0.000017
-0.861394+0.059104j,0.693405-3.141582j,0.692890-3.141603j,0.000018
-0.860690+0.059394j,0.693410-3.141582j,0.692884-3.141603j,0.000018
-0.859999+0.059678j,0.693415-3.141582j,0.692879-3.141604j,0.000019
-0.859289+0.059969j,0.693421-3.141582j,0.692874-3.141604j,0.000019
-0.858593+0.060255j,0.693426-3.141581j,0.692868-3.141604j,0.000020
-0.857877+0.060549j,0.693432-3.141581j,0.692863-3.141604j,0.000020
-0.857176+0.060837j,0.693437-3.141581j,0.692857-3.141604j,0.000021
-0.856454+0.061132j,0.693443-3.141581j,0.692851-3.141604j,0.000021
-0.855747+0.061422j,0.693449-3.141581j,0.692845-3.141605j,0.000022
-0.855020+0.061720j,0.693455-3.141581j,0.692839-3.141605j,0.000022
-0.854307+0.062012j,0.693461-3.141580j,0.692833-3.141605j,0.000023
-0.853574+0.062312j,0.693468-3.141580j,0.692827-3.141605j,0.000023
-0.852856+0.062606j,0.693474-3.141580j,0.692820-3.141605j,0.000024
-0.852117+0.062909j,0.693480-3.141580j,0.692814-3.141605j,0.000025
-0.851393+0.063205j,0.693487-3.141580j,0.692807-3.141605j,0.000025
-0.850648+0.063509j,0.693494-3.141580j,0.692800-3.141606j,0.000026
-0.849919+0.063807j,0.693501-3.141580j,0.692794-3.141606j,0.000027
-0.849168+0.064114j,0.693508-3.141579j,0.692787-3.141606j,0.000027
-0.848433+0.064414j,0.693515-3.141579j,0.692780-3.141606j,0.000028
-0.847676+0.064723j,0.693522-3.141579j,0.692772-3.141606j,0.000029
-0.846935+0.065025j,0.693529-3.141579j,0.692765-3.141606j,0.000029
-0.846173+0.065336j,0.693537-3.141579j,0.692757-3.141607j,0.000030
-0.845426+0.065641j,0.693545-3.141579j,0.692750-3.141607j,0.000031
-0.844657+0.065954j,0.693552-3.141578j,0.692742-3.141607j,0.000032
-0.843905+0.066260j,0.693560-3.141578j,0.692734-3.141607j,0.000033
-0.843130+0.066576j,0.693569-3.141578j,0.692726-3.141607j,0.000033
-0.842371+0.066884j,0.693577-3.141578j,0.692718-3.141607j,0.000034
-0.841591+0.067202j,0.693585-3.141578j,0.692709-3.141608j,0.000035
-0.840826+0.067513j,0.693594-3.141578j,0.692701-3.141608j,0.000036
-0.840040+0.067832j,0.693602-3.141577j,0.692692-3.141608j,0.000037
-0.839270+0.068145j,0.693611-3.141577j,0.692683-3.141608j,0.000038
-0.838477+0.068467j,0.693620-3.141577j,0.692674-3.141608j,0.000039
-0.837701+0.068782j,0.693630-3.141577j,0.692665-3.141608j,0.000040
-0.836902+0.069106j,0.693639-3.141577j,0.692655-3.141609j,0.000041
-0.836119+0.069424j,0.693648-3.141577j,0.692646-3.141609j,0.000042
-0.835315+0.069750j,0.693658-3.141576j,0.692636-3.141609j,0.000043
-0.834526+0.070069j,0.693668-3.141576j,0.692626-3.141609j,0.000044
-0.833715+0.070398j,0.693678-3.141576j,0.692616-3.141609j,0.000045
-0.832920+0.070719j,0.693689-3.141576j,0.692606-3.141609j,0.000046
-0.832103+0.071050j,0.693699-3.141576j,0.692595-3.141610j,0.000047
-0.831302+0.071374j,0.693710-3.141576j,0.692584-3.141610j,0.000048
-0.830479+0.071706j,0.693721-3.141576j,0.692573-3.141610j,0.000050
-0.829672+0.072032j,0.693732-3.141575j,0.692562-3.141610j,0.000051
-0.828842+0.072367j,0.693743-3.141575j,0.692551-3.141610j,0.000052
-0.828029+0.072696j,0.693754-3.141575j,0.692540-3.141610j,0.000053
-0.827193+0.073033j,0.693766-3.141575j,0.692528-3.141610j,0.000055
-0.826373+0.073363j,0.693778-3.141575j,0.692516-3.141611j,0.000056
-0.825531+0.073703j,0.693790-3.141575j,0.692504-3.141611j,0.000058
-0.824705+0.074035j,0.693802-3.141575j,0.692492-3.141611j,0.000059
-0.823856+0.074377j,0.693815-3.141574j,0.692479-3.141611j,0.000060
-0.823024+0.074712j,0.693828-3.141574j,0.692466-3.141611j,0.000062
-0.822169+0.075055j,0.693841-3.141574j,0.692453-3.141611j,0.000063
-0.821331+0.075392j,0.693854-3.141574j,0.692440-3.141611j,0.000065
-0.820469+0.075739j,0.693867-3.141574j,0.692426-3.141611j,0.000067
-0.819624+0.076078j,0.693881-3.141574j,0.692413-3.141612j,0.000068
-0.818756+0.076426j,0.693895-3.141574j,0.692399-3.141612j,0.000070
-0.817905+0.076767j,0.693909-3.141574j,0.692385-3.141612j,0.000072
-0.817030+0.077118j,0.693924-3.141573j,0.692370-3.141612j,0.000073
-0.816173+0.077462j,0.693938-3.141573j,0.692355-3.141612j,0.000075
-0.815291+0.077815j,0.693954-3.141573j,0.692340-3.141612j,0.000077
-0.814427+0.078160j,0.693969-3.141573j,0.692325-3.141612j,0.000079
-0.813539+0.078515j,0.693984-3.141573j,0.692309-3.141612j,0.000081
-0.812669+0.078863j,0.694000-3.141573j,0.692294-3.141612j,0.000083
-0.811774+0.079221j,0.694016-3.141573j,0.692277-3.141612j,0.000085
-0.810897+0.079571j,0.694032-3.141573j,0.692261-3.141612j,0.000087
-0.809996+0.079931j,0.694049-3.141573j,0.692244-3.141613j,0.000089
-0.809112+0.080283j,0.694066-3.141573j,0.692227-3.141613j,0.000091
-0.808204+0.080645j,0.694084-3.141573j,0.692210-3.141613j,0.000094
-0.807314+0.081000j,0.694101-3.141573j,0.692193-3.141613j,0.000096
-0.806399+0.081364j,0.694119-3.141573j,0.692174-3.141613j,0.000098
-0.805502+0.081721j,0.694137-3.141573j,0.692156-3.141613j,0.000101
-0.804581+0.082087j,0.694156-3.141573j,0.692138-3.141613j,0.000103
-0.803677+0.082447j,0.694174-3.141573j,0.692119-3.141613j,0.000105
-0.802749+0.082815j,0.694194-3.141573j,0.692100-3.141613j,0.000108
-0.801839+0.083177j,0.694213-3.141573j,0.692080-3.141613j,0.000111
-0.800904+0.083548j,0.694233-3.141573j,0.692060-3.141613j,0.000113
-0.799986+0.083911j,0.694253-3.141573j,0.692040-3.141613j,0.000116
-0.799044+0.084285j,0.694274-3.141573j,0.692019-3.141613j,0.000119
-0.798120+0.084651j,0.694295-3.141573j,0.691998-3.141613j,0.000122
-0.797171+0.085026j,0.694316-3.141573j,0.691977-3.141613j,0.000125
-0.796241+0.085394j,0.694338-3.141573j,0.691955-3.141612j,0.000128
-0.795285+0.085772j,0.694360-3.141573j,0.691933-3.141612j,0.000131
-0.794347+0.086142j,0.694382-3.141573j,0.691911-3.141612j,0.000134
-0.793384+0.086523j,0.694405-3.141573j,0.691888-3.141612j,0.000137
-0.792440+0.086895j,0.694428-3.141573j,0.691865-3.141612j,0.000140
-0.791470+0.087278j,0.694452-3.141573j,0.691841-3.141612j,0.000144
-0.790518+0.087652j,0.694476-3.141574j,0.691817-3.141612j,0.000147
-0.789541+0.088037j,0.694500-3.141574j,0.691792-3.141612j,0.000151
-0.788583+0.088414j,0.694525-3.141574j,0.691767-3.141611j,0.000154
-0.787599+0.088801j,0.694551-3.141574j,0.691742-3.141611j,0.000158
-0.786633+0.089181j,0.694576-3.141574j,0.691716-3.141611j,0.000162
-0.785642+0.089570j,0.694603-3.141575j,0.691690-3.141611j,0.000166
-0.784669+0.089952j,0.694629-3.141575j,0.691663-3.141610j,0.000170
-0.783671+0.090343j,0.694656-3.141575j,0.691636-3.141610j,0.000174
-0.782691+0.090727j,0.694684-3.141575j,0.691608-3.141610j,0.000178
-0.781685+0.091121j,0.694712-3.141576j,0.691580-3.141610j,0.000182
-0.780699+0.091507j,0.694740-3.141576j,0.691552-3.141609j,0.000187
-0.779686+0.091903j,0.694769-3.141576j,0.691522-3.141609j,0.000191
-0.778692+0.092292j,0.694799-3.141577j,0.691493-3.141609j,0.000196
-0.777671+0.092690j,0.694829-3.141577j,0.691463-3.141608j,0.000200
-0.776670+0.093081j,0.694859-3.141578j,0.691432-3.141608j,0.000205
-0.775643+0.093482j,0.694891-3.141578j,0.691401-3.141607j,0.000210
-0.774635+0.093874j,0.694922-3.141579j,0.691369-3.141607j,0.000215
-0.773599+0.094278j,0.694954-3.141579j,0.691337-3.141606j,0.000220
-0.772584+0.094673j,0.694987-3.141580j,0.691304-3.141606j,0.000225
-0.771541+0.095078j,0.695020-3.141580j,0.691271-3.141605j,0.000231
-0.770519+0.095475j,0.695054-3.141581j,0.691237-3.141605j,0.000236
-0.769469+0.095883j,0.695088-3.141581j,0.691202-3.141604j,0.000242
-0.768438+0.096283j,0.695123-3.141582j,0.691168-3.141603j,0.000247
-0.767381+0.096693j,0.695159-3.141583j,0.691132-3.141603j,0.000253
-0.766343+0.097095j,0.695195-3.141583j,0.691096-3.141602j,0.000259
-0.765278+0.097507j,0.695232-3.141584j,0.691058-3.141601j,0.000265
-0.764233+0.097911j,0.695269-3.141585j,0.691021-3.141600j,0.000271
-0.763161+0.098325j,0.695307-3.141586j,0.690983-3.141600j,0.000278
-0.762108+0.098732j,0.695345-3.141587j,0.690944-3.141599j,0.000284
-0.761028+0.099149j,0.695385-3.141587j,0.690904-3.141598j,0.000291
-0.759968+0.099557j,0.695425-3.141588j,0.690865-3.141597j,0.000298
-0.758880+0.099976j,0.695466-3.141589j,0.690823-3.141596j,0.000305
-0.757813+0.100387j,0.695506-3.141590j,0.690782-3.141595j,0.000312
-0.756718+0.100809j,0.695549-3.141591j,0.690740-3.141594j,0.000319
-0.755643+0.101222j,0.695591-3.141592j,0.690697-3.141593j,0.000327
-0.754539+0.101645j,0.695635-3.141594j,0.690653-3.141592j,0.000335
-0.753457+0.102061j,0.695679-3.141595j,0.690609-3.141591j,0.000342
-0.752346+0.102487j,0.695724-3.141596j,0.690564-3.141589j,0.000350
-0.751255+0.102904j,0.695769-3.141597j,0.690518-3.141588j,0.000358
-0.750137+0.103332j,0.695816-3.141599j,0.690471-3.141587j,0.000367
-0.749039+0.103752j,0.695863-3.141600j,0.690424-3.141585j,0.000375
-0.747912+0.104183j,0.695911-3.141601j,0.690375-3.141584j,0.000384
-0.746806+0.104605j,0.695959-3.141603j,0.690327-3.141582j,0.000393
-0.745672+0.105037j,0.696009-3.141605j,0.690277-3.141581j,0.000402
-0.744558+0.105462j,0.696059-3.141606j,0.690227-3.141579j,0.000412
-0.743416+0.105897j,0.696111-3.141608j,0.690174-3.141577j,0.000421
-0.742295+0.106323j,0.696163-3.141609j,0.690123-3.141576j,0.000431
-0.741144+0.106760j,0.696216-3.141611j,0.690069-3.141574j,0.000441
-0.740015+0.107189j,0.696269-3.141613j,0.690015-3.141572j,0.000451
-0.738857+0.107628j,0.696324-3.141615j,0.689960-3.141570j,0.000462
-0.737720+0.108059j,0.696379-3.141617j,0.689904-3.141568j,0.000472
-0.736553+0.108501j,0.696436-3.141619j,0.689847-3.141566j,0.000483
-0.735408+0.108934j,0.696493-3.141621j,0.689790-3.141564j,0.000494
-0.734234+0.109378j,0.696552-3.141624j,0.689731-3.141562j,0.000506
-0.733081+0.109813j,0.696611-3.141626j,0.689671-3.141559j,0.000517
-0.731898+0.110260j,0.696672-3.141628j,0.689610-3.141557j,0.000529
-0.730737+0.110697j,0.696732-3.141631j,0.689549-3.141554j,0.000541
-0.729547+0.111145j,0.696795-3.141633j,0.689486-3.141552j,0.000554
-0.728378+0.111585j,0.696858-3.141636j,0.689423-3.141549j,0.000567
-0.727179+0.112036j,0.696923-3.141638j,0.689357-3.141546j,0.000580
-0.726002+0.112477j,0.696987-3.141641j,0.689292-3.141544j,0.000593
-0.724794+0.112930j,0.697055-3.141644j,0.689224-3.141541j,0.000607
-0.723609+0.113374j,0.697121-3.141647j,0.689157-3.141538j,0.000621
-0.722394+0.113829j,0.697191-3.141650j,0.689087-3.141535j,0.000635
-0.721201+0.114275j,0.697259-3.141653j,0.689018-3.141531j,0.000649
-0.719977+0.114733j,0.697331-3.141657j,0.688946-3.141528j,0.000664
-0.718775+0.115181j,0.697402-3.141660j,0.688874-3.141525j,0.000679
-0.717543+0.115640j,0.697476-3.141664j,0.688799-3.141521j,0.000695
-0.716334+0.116091j,0.697550-3.141667j,0.688725-3.141517j,0.000711
-0.715093+0.116552j,0.697626-3.141671j,0.688648-3.141514j,0.000727
-0.713875+0.117005j,0.697702-3.141675j,0.688572-3.141510j,0.000744
-0.712626+0.117468j,0.697780-3.141679j,0.688492-3.141506j,0.000761
-0.711400+0.117923j,0.697859-3.141683j,0.688413-3.141502j,0.000778
-0.710142+0.118389j,0.697940-3.141687j,0.688331-3.141497j,0.000796
-0.708908+0.118846j,0.698021-3.141691j,0.688250-3.141493j,0.000814
-0.707642+0.119314j,0.698105-3.141696j,0.688165-3.141488j,0.000832
-0.706399+0.119773j,0.698188-3.141701j,0.688081-3.141484j,0.000851
-0.705124+0.120243j,0.698275-3.141705j,0.687993-3.141479j,0.000871
-0.703873+0.120704j,0.698361-3.141710j,0.687906-3.141474j,0.000890
-0.702589+0.121176j,0.698450-3.141715j,0.687816-3.141469j,0.000910
-0.701329+0.121639j,0.698539-3.141721j,0.687726-3.141463j,0.000931
-0.700038+0.122113j,0.698631-3.141726j,0.687633-3.141458j,0.000952
-0.698769+0.122578j,0.698723-3.141731j,0.687540-3.141452j,0.000973
-0.697469+0.123055j,0.698818-3.141737j,0.687444-3.141446j,0.000996
-0.696192+0.123522j,0.698913-3.141743j,0.687348-3.141441j,0.001018
-0.694882+0.124000j,0.699011-3.141749j,0.687249-3.141434j,0.001041
-0.693597+0.124469j,0.699109-3.141755j,0.687150-3.141428j,0.001064
-0.692279+0.124950j,0.699210-3.141762j,0.687047-3.141422j,0.001089
-0.690985+0.125421j,0.699311-3.141768j,0.686945-3.141415j,0.001113
-0.689658+0.125904j,0.699415-3.141775j,0.686840-3.141408j,0.001138
-0.688355+0.126377j,0.699519-3.141782j,0.686734-3.141401j,0.001164
-0.687019+0.126862j,0.699627-3.141789j,0.686625-3.141394j,0.001190
-0.685708+0.127337j,0.699734-3.141796j,0.686517-3.141386j,0.001217
-0.684363+0.127823j,0.699845-3.141804j,0.686404-3.141378j,0.001244
-0.683043+0.128301j,0.699956-3.141812j,0.686292-3.141370j,0.001272
-0.681689+0.128789j,0.700071-3.141820j,0.686176-3.141362j,0.001301
-0.680360+0.129268j,0.700185-3.141828j,0.686060-3.141354j,0.001329
-0.678998+0.129759j,0.700303-3.141837j,0.685940-3.141345j,0.001360
-0.677660+0.130240j,0.700421-3.141845j,0.685821-3.141336j,0.001390
-0.676288+0.130732j,0.700543-3.141854j,0.685697-3.141327j,0.001421
-0.674941+0.131215j,0.700664-3.141863j,0.685574-3.141318j,0.001453
-0.673561+0.131710j,0.700790-3.141873j,0.685446-3.141308j,0.001485
-0.672205+0.132195j,0.700915-3.141883j,0.685319-3.141298j,0.001518
-0.670816+0.132691j,0.701044-3.141893j,0.685187-3.141288j,0.001552
-0.669451+0.133178j,0.701173-3.141903j,0.685056-3.141277j,0.001587
-0.668052+0.133676j,0.701307-3.141914j,0.684920-3.141266j,0.001622
-0.666678+0.134165j,0.701440-3.141924j,0.684785-3.141256j,0.001658
-0.665270+0.134665j,0.701578-3.141935j,0.684645-3.141244j,0.001695
-0.663888+0.135155j,0.701715-3.141947j,0.684506-3.141232j,0.001733
-0.662470+0.135657j,0.701857-3.141959j,0.684361-3.141220j,0.001772
-0.661079+0.136150j,0.701998-3.141971j,0.684217-3.141208j,0.001811
-0.659652+0.136654j,0.702145-3.141983j,0.684068-3.141195j,0.001851
-0.658251+0.137148j,0.702290-3.141996j,0.683920-3.141182j,0.001892
-0.656815+0.137653j,0.702441-3.142009j,0.683766-3.141169j,0.001934
-0.655405+0.138149j,0.702591-3.142022j,0.683613-3.141155j,0.001977
-0.653960+0.138657j,0.702747-3.142036j,0.683455-3.141141j,0.002021
-0.652541+0.139154j,0.702902-3.142050j,0.683297-3.141126j,0.002065
-0.651086+0.139663j,0.703062-3.142065j,0.683133-3.141111j,0.002111
-0.649658+0.140163j,0.703221-3.142079j,0.682971-3.141096j,0.002157
-0.648194+0.140674j,0.703386-3.142095j,0.682802-3.141080j,0.002206
-0.646756+0.141175j,0.703551-3.142110j,0.682635-3.141064j,0.002254
-0.645282+0.141687j,0.703721-3.142126j,0.682461-3.141047j,0.002304
-0.643835+0.142190j,0.703890-3.142143j,0.682288-3.141030j,0.002354
-0.642352+0.142704j,0.704066-3.142160j,0.682109-3.141013j,0.002407
-0.640896+0.143209j,0.704240-3.142177j,0.681930-3.140995j,0.002459
-0.639403+0.143725j,0.704420-3.142195j,0.681746-3.140976j,0.002514
-0.637937+0.144231j,0.704600-3.142213j,0.681562-3.140958j,0.002569
-0.636435+0.144748j,0.704786-3.142232j,0.681372-3.140938j,0.002626
-0.634960+0.145256j,0.704971-3.142251j,0.681182-3.140918j,0.002683
-0.633448+0.145775j,0.705163-3.142271j,0.680986-3.140898j,0.002742
-0.631963+0.146284j,0.705353-3.142291j,0.680791-3.140877j,0.002802
-0.630442+0.146805j,0.705551-3.142312j,0.680588-3.140855j,0.002864
-0.628947+0.147315j,0.705747-3.142333j,0.680387-3.140833j,0.002926
-0.627416+0.147838j,0.705950-3.142355j,0.680179-3.140810j,0.002991
-0.625912+0.148350j,0.706152-3.142377j,0.679971-3.140787j,0.003056
-0.624371+0.148874j,0.706362-3.142400j,0.679756-3.140763j,0.003123
-0.622857+0.149387j,0.706570-3.142423j,0.679543-3.140739j,0.003191
-0.621307+0.149912j,0.706785-3.142448j,0.679321-3.140714j,0.003261
-0.619783+0.150427j,0.706999-3.142472j,0.679101-3.140688j,0.003332
-0.618223+0.150954j,0.707221-3.142498j,0.678873-3.140662j,0.003405
-0.616690+0.151470j,0.707442-3.142523j,0.678646-3.140635j,0.003479
-0.615119+0.151998j,0.707670-3.142550j,0.678411-3.140607j,0.003556
-0.613577+0.152516j,0.707897-3.142577j,0.678177-3.140579j,0.003632
-0.611996+0.153046j,0.708133-3.142605j,0.677935-3.140549j,0.003712
-0.610444+0.153565j,0.708366-3.142633j,0.677694-3.140520j,0.003792
-0.608853+0.154095j,0.708608-3.142663j,0.677444-3.140488j,0.003876
-0.607291+0.154616j,0.708849-3.142693j,0.677196-3.140457j,0.003959
-0.605690+0.155148j,0.709098-3.142724j,0.676939-3.140425j,0.004046
-0.604118+0.155669j,0.709346-3.142755j,0.676683-3.140392j,0.004133
-0.602508+0.156202j,0.709602-3.142787j,0.676418-3.140358j,0.004223
-0.600926+0.156725j,0.709857-3.142820j,0.676155-3.140323j,0.004314
-0.599305+0.157259j,0.710121-3.142854j,0.675882-3.140287j,0.004409
-0.597713+0.157783j,0.710383-3.142888j,0.675611-3.140251j,0.004503
-0.596082+0.158319j,0.710654-3.142924j,0.675330-3.140213j,0.004602
-0.594480+0.158844j,0.710924-3.142960j,0.675051-3.140175j,0.004700
-0.592840+0.159380j,0.711203-3.142998j,0.674761-3.140135j,0.004803
-0.591227+0.159907j,0.711481-3.143035j,0.674473-3.140096j,0.004906
-0.589576+0.160444j,0.711768-3.143075j,0.674175-3.140054j,0.005013
-0.587954+0.160971j,0.712054-3.143114j,0.673879-3.140012j,0.005120
-0.586293+0.161510j,0.712349-3.143155j,0.673572-3.139968j,0.005232
-0.584661+0.162038j,0.712643-3.143197j,0.673267-3.139924j,0.005344
-0.582989+0.162578j,0.712947-3.143240j,0.672951-3.139878j,0.005460
-0.581347+0.163106j,0.713249-3.143284j,0.672636-3.139832j,0.005577
-0.579665+0.163647j,0.713561-3.143329j,0.672311-3.139783j,0.005698
-0.578012+0.164177j,0.713872-3.143374j,0.671987-3.139735j,0.005820
-0.576320+0.164718j,0.714193-3.143422j,0.671652-3.139684j,0.005946
-0.574657+0.165249j,0.714513-3.143469j,0.671319-3.139633j,0.006073
-0.572954+0.165791j,0.714843-3.143519j,0.670974-3.139580j,0.006205
-0.571281+0.166322j,0.715172-3.143569j,0.670631-3.139526j,0.006337
-0.569568+0.166865j,0.715512-3.143621j,0.670276-3.139470j,0.006474
-0.567885+0.167397j,0.715849-3.143673j,0.669923-3.139414j,0.006612
-0.566161+0.167941j,0.716198-3.143728j,0.669557-3.139356j,0.006755
-0.564468+0.168474j,0.716545-3.143783j,0.669193-3.139297j,0.006899
-0.562733+0.169018j,0.716905-3.143840j,0.668817-3.139235j,0.007048
-0.561029+0.169551j,0.717261-3.143897j,0.668443-3.139173j,0.007197
-0.559285+0.170096j,0.717631-3.143957j,0.668055-3.139109j,0.007353
-0.557570+0.170630j,0.717997-3.144016j,0.667670-3.139044j,0.007509
-0.555815+0.171175j,0.718377-3.144079j,0.667271-3.138976j,0.007671
-0.554090+0.171709j,0.718753-3.144142j,0.666875-3.138908j,0.007834
-0.552324+0.172255j,0.719143-3.144207j,0.666465-3.138837j,0.008003
-0.550589+0.172789j,0.719530-3.144273j,0.666057-3.138766j,0.008172
-0.548812+0.173335j,0.719931-3.144341j,0.665634-3.138691j,0.008348
-0.547066+0.173870j,0.720329-3.144410j,0.665215-3.138616j,0.008524
-0.545279+0.174417j,0.720740-3.144481j,0.664780-3.138538j,0.008708
-0.543523+0.174952j,0.721149-3.144553j,0.664348-3.138460j,0.008892
-0.541724+0.175499j,0.721572-3.144628j,0.663901-3.138378j,0.009083
-0.539958+0.176034j,0.721991-3.144703j,0.663457-3.138295j,0.009275
-0.538149+0.176581j,0.722426-3.144781j,0.662997-3.138209j,0.009474
-0.536371+0.177116j,0.722857-3.144859j,0.662539-3.138123j,0.009674
-0.534551+0.177663j,0.723303-3.144941j,0.662066-3.138033j,0.009882
-0.532763+0.178199j,0.723746-3.145023j,0.661596-3.137943j,0.010089
-0.530933+0.178745j,0.724204-3.145108j,0.661109-3.137848j,0.010306
-0.529134+0.179281j,0.724659-3.145194j,0.660625-3.137753j,0.010522
-0.527293+0.179828j,0.725129-3.145283j,0.660124-3.137654j,0.010748
-0.525483+0.180363j,0.725596-3.145372j,0.659626-3.137555j,0.010974
-0.523631+0.180910j,0.726079-3.145466j,0.659111-3.137451j,0.011209
-0.521811+0.181445j,0.726558-3.145559j,0.658599-3.137347j,0.011444
-0.519948+0.181991j,0.727054-3.145657j,0.658069-3.137238j,0.011689
-0.518117+0.182526j,0.727546-3.145754j,0.657542-3.137129j,0.011934
-0.516242+0.183072j,0.728055-3.145856j,0.656997-3.137015j,0.012189
-0.514401+0.183607j,0.728560-3.145958j,0.656456-3.136901j,0.012444
-0.512516+0.184152j,0.729082-3.146064j,0.655895-3.136782j,0.012710
-0.510663+0.184686j,0.729600-3.146170j,0.655338-3.136662j,0.012976
-0.508767+0.185231j,0.730136-3.146281j,0.654762-3.136537j,0.013253
-0.506904+0.185765j,0.730668-3.146392j,0.654189-3.136411j,0.013530
-0.504997+0.186309j,0.731218-3.146508j,0.653596-3.136280j,0.013818
-0.503123+0.186842j,0.731764-3.146624j,0.653008-3.136149j,0.014107
-0.501204+0.187386j,0.732328-3.146745j,0.652398-3.136012j,0.014407
-0.499319+0.187918j,0.732888-3.146866j,0.651793-3.135874j,0.014708
-0.497390+0.188461j,0.733467-3.146992j,0.651166-3.135730j,0.015021
-0.495494+0.188993j,0.734041-3.147118j,0.650544-3.135586j,0.015333
-0.493554+0.189535j,0.734635-3.147250j,0.649900-3.135436j,0.015659
-0.491647+0.190065j,0.735224-3.147381j,0.649260-3.135285j,0.015985
-0.489696+0.190606j,0.735833-3.147518j,0.648598-3.135127j,0.016325
-0.487778+0.191136j,0.736437-3.147656j,0.647941-3.134969j,0.016664
-0.485816+0.191675j,0.737061-3.147799j,0.647260-3.134804j,0.017018
-0.483887+0.192204j,0.737680-3.147942j,0.646584-3.134638j,0.017372
-0.481914+0.192742j,0.738320-3.148091j,0.645885-3.134465j,0.017740
-0.479974+0.193270j,0.738955-3.148240j,0.645191-3.134292j,0.018108
-0.477989+0.193807j,0.739611-3.148396j,0.644472-3.134111j,0.018492
-0.476039+0.194333j,0.740262-3.148551j,0.643758-3.133929j,0.018875
-0.474043+0.194868j,0.740935-3.148713j,0.643020-3.133739j,0.019275
-0.472082+0.195393j,0.741602-3.148876j,0.642286-3.133549j,0.019674
-0.470075+0.195927j,0.742291-3.149044j,0.641528-3.133351j,0.020090
-0.468103+0.196450j,0.742974-3.149213j,0.640774-3.133152j,0.020506
-0.466084+0.196982j,0.743681-3.149389j,0.639995-3.132944j,0.020939
-0.464101+0.197503j,0.744381-3.149565j,0.639220-3.132736j,0.021372
-0.462072+0.198034j,0.745105-3.149749j,0.638420-3.132518j,0.021822
-0.460078+0.198553j,0.745822-3.149932j,0.637624-3.132300j,0.022273
-0.458037+0.199082j,0.746563-3.150123j,0.636802-3.132073j,0.022743
-0.456032+0.199599j,0.747298-3.150314j,0.635985-3.131844j,0.023212
-0.453981+0.200125j,0.748057-3.150513j,0.635140-3.131606j,0.023701
-0.451965+0.200641j,0.748810-3.150712j,0.634301-3.131367j,0.024189
-0.449902+0.201165j,0.749587-3.150919j,0.633434-3.131118j,0.024698
-0.447875+0.201678j,0.750358-3.151126j,0.632572-3.130868j,0.025207
-0.445801+0.202200j,0.751154-3.151341j,0.631681-3.130607j,0.025737
-0.443763+0.202710j,0.751943-3.151557j,0.630797-3.130345j,0.026266
-0.441679+0.203230j,0.752758-3.151781j,0.629882-3.130072j,0.026818
-0.439630+0.203738j,0.753565-3.152005j,0.628973-3.129799j,0.027369
-0.437534+0.204255j,0.754399-3.152238j,0.628034-3.129513j,0.027943
-0.435474+0.204760j,0.755226-3.152472j,0.627102-3.129226j,0.028517
-0.433367+0.205274j,0.756079-3.152715j,0.626138-3.128927j,0.029114
-0.431297+0.205776j,0.756925-3.152957j,0.625180-3.128628j,0.029712
-0.429179+0.206288j,0.757798-3.153210j,0.624191-3.128315j,0.030334
-0.427098+0.206787j,0.758664-3.153462j,0.623208-3.128001j,0.030955
-0.424969+0.207295j,0.759557-3.153725j,0.622193-3.127674j,0.031602
-0.422877+0.207791j,0.760442-3.153987j,0.621184-3.127346j,0.032249
-0.420737+0.208296j,0.761356-3.154260j,0.620142-3.127004j,0.032923
-0.418634+0.208789j,0.762261-3.154533j,0.619108-3.126660j,0.033596
-0.416484+0.209290j,0.763195-3.154817j,0.618038-3.126302j,0.034297
-0.414370+0.209780j,0.764121-3.155101j,0.616977-3.125943j,0.034998
-0.412209+0.210278j,0.765076-3.155396j,0.615880-3.125569j,0.035727
-0.410084+0.210764j,0.766023-3.155690j,0.614791-3.125193j,0.036456
-0.407912+0.211258j,0.766999-3.155997j,0.613665-3.124801j,0.037215
-0.405777+0.211740j,0.767966-3.156303j,0.612548-3.124409j,0.037974
-0.403594+0.212230j,0.768964-3.156621j,0.611394-3.123999j,0.038763
-0.401449+0.212708j,0.769953-3.156939j,0.610248-3.123588j,0.039552
-0.399256+0.213194j,0.770972-3.157270j,0.609065-3.123160j,0.040374
-0.397100+0.213668j,0.771982-3.157601j,0.607890-3.122730j,0.041195
-0.394896+0.214149j,0.773024-3.157944j,0.606677-3.122282j,0.042049
-0.392729+0.214619j,0.774055-3.158287j,0.605472-3.121833j,0.042904
-0.390515+0.215096j,0.775119-3.158643j,0.604228-3.121364j,0.043792
-0.388338+0.215561j,0.776173-3.158999j,0.602993-3.120894j,0.044681
-0.386113+0.216033j,0.777259-3.159369j,0.601718-3.120404j,0.045605
-0.383926+0.216493j,0.778335-3.159739j,0.600453-3.119913j,0.046530
-0.381691+0.216961j,0.779444-3.160123j,0.599146-3.119401j,0.047491
-0.379494+0.217416j,0.780542-3.160506j,0.597849-3.118887j,0.048452
-0.377249+0.217878j,0.781674-3.160905j,0.596510-3.118352j,0.049452
-0.375042+0.218329j,0.782795-3.161302j,0.595181-3.117815j,0.050452
-0.372786+0.218786j,0.783950-3.161715j,0.593810-3.117255j,0.051491
-0.370569+0.219231j,0.785094-3.162128j,0.592448-3.116694j,0.052531
-0.368303+0.219682j,0.786272-3.162556j,0.591043-3.116109j,0.053612
-0.366077+0.220122j,0.787439-3.162984j,0.589649-3.115522j,0.054693
-0.363801+0.220567j,0.788640-3.163428j,0.588210-3.114910j,0.055817
-0.361564+0.221001j,0.789830-3.163871j,0.586783-3.114297j,0.056940
-0.359279+0.221441j,0.791056-3.164332j,0.585310-3.113658j,0.058109
-0.357033+0.221869j,0.792269-3.164791j,0.583848-3.113017j,0.059277
-0.354738+0.222302j,0.793518-3.165268j,0.582340-3.112349j,0.060491
-0.352483+0.222724j,0.794755-3.165744j,0.580844-3.111679j,0.061706
-0.350178+0.223150j,0.796028-3.166238j,0.579301-3.110981j,0.062968
-0.347913+0.223566j,0.797289-3.166731j,0.577770-3.110282j,0.064230
-0.345600+0.223986j,0.798586-3.167243j,0.576191-3.109552j,0.065542
-0.343326+0.224395j,0.799870-3.167753j,0.574625-3.108821j,0.066853
-0.341003+0.224808j,0.801191-3.168283j,0.573009-3.108059j,0.068217
-0.338720+0.225210j,0.802500-3.168811j,0.571407-3.107295j,0.069580
-0.336388+0.225617j,0.803845-3.169360j,0.569756-3.106499j,0.070996
-0.334096+0.226011j,0.805177-3.169907j,0.568117-3.105701j,0.072412
-0.331755+0.226410j,0.806547-3.170474j,0.566428-3.104870j,0.073884
-0.329455+0.226798j,0.807903-3.171040j,0.564753-3.104036j,0.075355
-0.327105+0.227189j,0.809297-3.171627j,0.563027-3.103168j,0.076883
-0.324796+0.227569j,0.810677-3.172213j,0.561315-3.102297j,0.078412
-0.322439+0.227953j,0.812096-3.172819j,0.559552-3.101390j,0.079999
-0.320121+0.228325j,0.813500-3.173425j,0.557802-3.100481j,0.081586
-0.317755+0.228700j,0.814943-3.174052j,0.556001-3.099534j,0.083235
-0.315430+0.229065j,0.816371-3.174678j,0.554214-3.098585j,0.084883
-0.313056+0.229432j,0.817839-3.175327j,0.552374-3.097596j,0.086595
-0.310722+0.229788j,0.819291-3.175974j,0.550549-3.096605j,0.088307
-0.308340+0.230146j,0.820783-3.176644j,0.548671-3.095573j,0.090084
-0.305999+0.230494j,0.822259-3.177313j,0.546808-3.094538j,0.091861
-0.303610+0.230843j,0.823775-3.178005j,0.544891-3.093461j,0.093706
-0.301261+0.231182j,0.825275-3.178695j,0.542991-3.092380j,0.095551
-0.298865+0.231523j,0.826815-3.179410j,0.541035-3.091256j,0.097466
-0.296509+0.231853j,0.828339-3.180123j,0.539096-3.090129j,0.099381
-0.294105+0.232184j,0.829904-3.180861j,0.537101-3.088955j,0.101368
-0.291742+0.232504j,0.831451-3.181597j,0.535124-3.087779j,0.103355
-0.289331+0.232826j,0.833040-3.182359j,0.533091-3.086555j,0.105417
-0.286961+0.233137j,0.834611-3.183118j,0.531075-3.085327j,0.107478
-0.284544+0.233449j,0.836223-3.183904j,0.529003-3.084050j,0.109617
-0.282168+0.233750j,0.837818-3.184687j,0.526950-3.082770j,0.111756
-0.279744+0.234052j,0.839454-3.185498j,0.524839-3.081438j,0.113975
-0.277362+0.234343j,0.841072-3.186306j,0.522747-3.080102j,0.116193
-0.274932+0.234634j,0.842731-3.187141j,0.520598-3.078713j,0.118494
-0.272543+0.234915j,0.844372-3.187974j,0.518469-3.077320j,0.120795
-0.270108+0.235196j,0.846054-3.188836j,0.516281-3.075871j,0.123181
-0.267713+0.235466j,0.847718-3.189694j,0.514114-3.074419j,0.125567
-0.265272+0.235736j,0.849424-3.190582j,0.511889-3.072908j,0.128040
-0.262872+0.235996j,0.851110-3.191466j,0.509685-3.071394j,0.130514
-0.260426+0.236255j,0.852839-3.192381j,0.507422-3.069820j,0.133078
-0.258021+0.236503j,0.854547-3.193292j,0.505182-3.068242j,0.135641
-0.255570+0.236751j,0.856298-3.194233j,0.502882-3.066601j,0.138299
-0.253159+0.236988j,0.858029-3.195171j,0.500605-3.064956j,0.140955
-0.250703+0.237224j,0.859802-3.196140j,0.498269-3.063247j,0.143709
-0.248288+0.237450j,0.861554-3.197106j,0.495957-3.061533j,0.146462
-0.245828+0.237674j,0.863349-3.198103j,0.493586-3.059752j,0.149314
-0.243408+0.237888j,0.865123-3.199097j,0.491239-3.057966j,0.152166
-0.240944+0.238100j,0.866939-3.200123j,0.488833-3.056112j,0.155121
-0.238520+0.238302j,0.868734-3.201145j,0.486452-3.054252j,0.158075
-0.236052+0.238501j,0.870571-3.202200j,0.484013-3.052321j,0.161135
-0.233624+0.238691j,0.872387-3.203251j,0.481599-3.050384j,0.164194
-0.231152+0.238878j,0.874244-3.204336j,0.479127-3.048373j,0.167362
-0.228721+0.239055j,0.876080-3.205416j,0.476681-3.046357j,0.170530
-0.226245+0.239229j,0.877958-3.206531j,0.474178-3.044264j,0.173810
-0.223811+0.239394j,0.879814-3.207641j,0.471702-3.042165j,0.177089
-0.221332+0.239555j,0.881712-3.208787j,0.469168-3.039987j,0.180483
-0.218894+0.239706j,0.883587-3.209928j,0.466663-3.037803j,0.183877
-0.216413+0.239854j,0.885505-3.211104j,0.464101-3.035537j,0.187390
-0.213972+0.239992j,0.887399-3.212276j,0.461569-3.033265j,0.190902
-0.211488+0.240126j,0.889335-3.213483j,0.458980-3.030908j,0.194536
-0.209045+0.240251j,0.891248-3.214686j,0.456421-3.028545j,0.198170
-0.206558+0.240371j,0.893203-3.215926j,0.453807-3.026094j,0.201929
-0.204112+0.240483j,0.895133-3.217161j,0.451225-3.023637j,0.205688
-0.201624+0.240589j,0.897106-3.218433j,0.448587-3.021088j,0.209576
-0.199176+0.240687j,0.899055-3.219700j,0.445983-3.018534j,0.213464
-0.196686+0.240778j,0.901045-3.221005j,0.443325-3.015885j,0.217485
-0.194236+0.240862j,0.903011-3.222305j,0.440701-3.013230j,0.221504
-0.191743+0.240939j,0.905018-3.223643j,0.438023-3.010478j,0.225661
-0.189292+0.241008j,0.907000-3.224976j,0.435382-3.007719j,0.229817
-0.186879+0.241069j,0.908959-3.226304j,0.432776-3.004953j,0.233972
-0.184384+0.241125j,0.910991-3.227693j,0.430075-3.002041j,0.238339
-0.181929+0.241172j,0.912997-3.229076j,0.427412-2.999121j,0.242706
-0.179514+0.241211j,0.914979-3.230453j,0.424787-2.996195j,0.247071
-0.177017+0.241244j,0.917034-3.231894j,0.422069-2.993115j,0.251657
-0.174561+0.241270j,0.919064-3.233329j,0.419392-2.990028j,0.256241
-0.172143+0.241287j,0.921068-3.234757j,0.416754-2.986933j,0.260825
-0.169646+0.241297j,0.923144-3.236249j,0.414028-2.983681j,0.265635
-0.167190+0.241299j,0.925194-3.237735j,0.411345-2.980421j,0.270444
-0.164772+0.241294j,0.927218-3.239215j,0.408704-2.977154j,0.275253
-0.162279+0.241281j,0.929311-3.240757j,0.405982-2.973725j,0.280289
-0.159826+0.241260j,0.931377-3.242293j,0.403305-2.970290j,0.285324
-0.157411+0.241232j,0.933417-3.243823j,0.400671-2.966848j,0.290358
-0.154923+0.241195j,0.935526-3.245417j,0.397961-2.963238j,0.295630
-0.152473+0.241151j,0.937608-3.247004j,0.395298-2.959620j,0.300900
-0.150061+0.241099j,0.939663-3.248585j,0.392681-2.955996j,0.306170
-0.147576+0.241038j,0.941787-3.250231j,0.389992-2.952197j,0.311686
-0.145129+0.240970j,0.943884-3.251871j,0.387352-2.948390j,0.317202
-0.142719+0.240895j,0.945954-3.253503j,0.384761-2.944577j,0.322717
-0.140237+0.240810j,0.948092-3.255204j,0.382102-2.940580j,0.328489
-0.137793+0.240718j,0.950203-3.256897j,0.379495-2.936578j,0.334260
-0.135386+0.240619j,0.952287-3.258583j,0.376940-2.932569j,0.340030
-0.132906+0.240508j,0.954439-3.260339j,0.374322-2.928368j,0.346068
-0.130464+0.240391j,0.956563-3.262088j,0.371759-2.924162j,0.352106
-0.128059+0.240268j,0.958660-3.263828j,0.369251-2.919950j,0.358142
-0.125580+0.240132j,0.960825-3.265641j,0.366685-2.915538j,0.364459
-0.123140+0.239990j,0.962962-3.267446j,0.364178-2.911121j,0.370774
-0.120735+0.239841j,0.965072-3.269243j,0.361728-2.906699j,0.377088
-0.118258+0.239680j,0.967250-3.271114j,0.359228-2.902068j,0.383695
-0.115818+0.239512j,0.969400-3.272978j,0.356789-2.897433j,0.390301
-0.113414+0.239338j,0.971522-3.274833j,0.354411-2.892795j,0.396907
-0.110936+0.239150j,0.973713-3.276765j,0.351988-2.887938j,0.403818
-0.108496+0.238956j,0.975876-3.278689j,0.349632-2.883078j,0.410728
-0.106091+0.238756j,0.978010-3.280604j,0.347340-2.878215j,0.417638
-0.103612+0.238541j,0.980214-3.282599j,0.345011-2.873124j,0.424869
-0.101170+0.238320j,0.982388-3.284585j,0.342751-2.868032j,0.432098
-0.098763+0.238093j,0.984535-3.286563j,0.340560-2.862938j,0.439327
-0.096281+0.237850j,0.986751-3.288624j,0.338340-2.857606j,0.446894
-0.093836+0.237601j,0.988939-3.290675j,0.336194-2.852274j,0.454460
-0.091426+0.237347j,0.991097-3.292718j,0.334121-2.846942j,0.462025
-0.088939+0.237075j,0.993327-3.294848j,0.332027-2.841361j,0.469946
-0.086489+0.236798j,0.995528-3.296968j,0.330012-2.835781j,0.477867
-0.084073+0.236515j,0.997699-3.299079j,0.328075-2.830204j,0.485786
-0.081580+0.236214j,0.999943-3.301281j,0.326127-2.824366j,0.494083
-0.079122+0.235907j,1.002157-3.303474j,0.324262-2.818532j,0.502379
-0.076700+0.235595j,1.004342-3.305657j,0.322479-2.812703j,0.510673
-0.074197+0.235262j,1.006601-3.307936j,0.320698-2.806599j,0.519369
-0.071730+0.234924j,1.008830-3.310205j,0.319004-2.800502j,0.528064
-0.069298+0.234581j,1.011029-3.312464j,0.317398-2.794413j,0.536757
-0.066783+0.234216j,1.013305-3.314825j,0.315805-2.788035j,0.545879
-0.064303+0.233846j,1.015550-3.317176j,0.314306-2.781667j,0.554999
-0.061858+0.233471j,1.017765-3.319517j,0.312899-2.775311j,0.564119
-0.059327+0.233072j,1.020059-3.321965j,0.311520-2.768650j,0.573697
-0.056832+0.232667j,1.022322-3.324404j,0.310240-2.762003j,0.583275
-0.054288+0.232244j,1.024630-3.326915j,0.309020-2.755147j,0.593179
-0.051780+0.231815j,1.026906-3.329416j,0.307904-2.748308j,0.603082
-0.049221+0.231367j,1.029228-3.331995j,0.306856-2.741252j,0.613331
-0.046698+0.230913j,1.031519-3.334562j,0.305916-2.734217j,0.623578
-0.044122+0.230439j,1.033858-3.337211j,0.305055-2.726956j,0.634191
-0.041582+0.229959j,1.036164-3.339850j,0.304307-2.719721j,0.644801
-0.038992+0.229457j,1.038515-3.342568j,0.303650-2.712267j,0.655775
-0.036438+0.228951j,1.040833-3.345275j,0.303109-2.704844j,0.666747
-0.033919+0.228439j,1.043119-3.347973j,0.302684-2.697451j,0.677718
-0.031313+0.227898j,1.045483-3.350792j,0.302360-2.689734j,0.689224
-0.028743+0.227351j,1.047813-3.353601j,0.302158-2.682054j,0.700729
-0.026208+0.226800j,1.050110-3.356399j,0.302077-2.674413j,0.712233
-0.023586+0.226217j,1.052485-3.359323j,0.302120-2.666446j,0.724292
-0.021000+0.225628j,1.054825-3.362237j,0.302291-2.658524j,0.736350
-0.018449+0.225035j,1.057133-3.365141j,0.302587-2.650650j,0.748406
-0.015812+0.224408j,1.059515-3.368173j,0.303031-2.642454j,0.761036
-0.013210+0.223776j,1.061864-3.371195j,0.303607-2.634312j,0.773663
-0.010643+0.223139j,1.064179-3.374207j,0.304315-2.626226j,0.786289
-0.007993+0.222468j,1.066566-3.377349j,0.305192-2.617829j,0.799498
-0.005377+0.221791j,1.068918-3.380482j,0.306206-2.609496j,0.812705
-0.002795+0.221109j,1.071237-3.383606j,0.307355-2.601229j,0.825910
-0.000135+0.220391j,1.073623-3.386859j,0.308696-2.592670j,0.839697
0.002492+0.219668j,1.075975-3.390102j,0.310176-2.584185j,0.853482
0.005085+0.218940j,1.078292-3.393338j,0.311795-2.575776j,0.867266
0.007751+0.218176j,1.080671-3.396699j,0.313622-2.567103j,0.881619
0.010383+0.217407j,1.083015-3.400051j,0.315592-2.558515j,0.895970
0.012983+0.216631j,1.085325-3.403397j,0.317701-2.550014j,0.910319
0.015552+0.215851j,1.087602-3.406735j,0.319945-2.541602j,0.924667
0.018090+0.215065j,1.089847-3.410067j,0.322321-2.533278j,0.939012
0.020684+0.214246j,1.092136-3.413507j,0.324914-2.524763j,0.953852
0.023248+0.213422j,1.094392-3.416941j,0.327642-2.516346j,0.968689
0.025783+0.212592j,1.096617-3.420370j,0.330500-2.508027j,0.983525
0.028288+0.211756j,1.098810-3.423793j,0.333485-2.499809j,0.998359
0.030766+0.210915j,1.100973-3.427212j,0.336593-2.491691j,1.013191
0.033217+0.210069j,1.103106-3.430627j,0.339821-2.483675j,1.028021
0.035642+0.209216j,1.105210-3.434037j,0.343166-2.475761j,1.042850
0.038042+0.208359j,1.107285-3.437445j,0.346625-2.467950j,1.057677
0.040417+0.207496j,1.109332-3.440849j,0.350193-2.460243j,1.072502
0.042769+0.206627j,1.111352-3.444251j,0.353868-2.452639j,1.087325
0.045097+0.205753j,1.113345-3.447650j,0.357647-2.445140j,1.102147
0.047403+0.204874j,1.115312-3.451048j,0.361527-2.437745j,1.116968
0.049687+0.203989j,1.117253-3.454444j,0.365504-2.430456j,1.131787
0.051949+0.203099j,1.119169-3.457839j,0.369575-2.423271j,1.146604
0.054191+0.202204j,1.121060-3.461233j,0.373738-2.416192j,1.161420
0.056413+0.201303j,1.122926-3.464627j,0.377989-2.409218j,1.176234
0.058615+0.200397j,1.124768-3.468020j,0.382326-2.402349j,1.191048
0.060798+0.199485j,1.126587-3.471414j,0.386745-2.395586j,1.205860
0.062962+0.198567j,1.128382-3.474808j,0.391245-2.388928j,1.220670
0.065109+0.197645j,1.130155-3.478204j,0.395823-2.382375j,1.235480
0.067237+0.196717j,1.131905-3.481600j,0.400475-2.375927j,1.250288
0.069424+0.195749j,1.133694-3.485120j,0.405370-2.369358j,1.265627
0.071593+0.194776j,1.135459-3.488641j,0.410340-2.362901j,1.280966
0.073744+0.193797j,1.137202-3.492165j,0.415382-2.356556j,1.296303
0.075878+0.192812j,1.138922-3.495692j,0.420494-2.350323j,1.311639
0.077995+0.191821j,1.140619-3.499221j,0.425672-2.344200j,1.326973
0.080096+0.190824j,1.142293-3.502753j,0.430914-2.338187j,1.342307
0.082180+0.189821j,1.143946-3.506289j,0.436217-2.332285j,1.357639
0.084250+0.188812j,1.145577-3.509829j,0.441580-2.326492j,1.372970
0.086303+0.187797j,1.147187-3.513372j,0.447000-2.320807j,1.388300
0.088342+0.186776j,1.148776-3.516920j,0.452474-2.315231j,1.403629
0.090367+0.185748j,1.150343-3.520473j,0.458001-2.309763j,1.418957
0.092450+0.184677j,1.151946-3.524160j,0.463782-2.304207j,1.434844
0.094518+0.183599j,1.153526-3.527852j,0.469614-2.298766j,1.450730
0.096572+0.182515j,1.155085-3.531551j,0.475495-2.293438j,1.466614
0.098611+0.181423j,1.156622-3.535255j,0.481424-2.288223j,1.482498
0.100636+0.180325j,1.158137-3.538966j,0.487396-2.283119j,1.498381
0.102647+0.179220j,1.159632-3.542683j,0.493412-2.278126j,1.514262
0.104645+0.178109j,1.161105-3.546407j,0.499468-2.273243j,1.530142
0.106630+0.176990j,1.162557-3.550139j,0.505562-2.268469j,1.546022
0.108602+0.175865j,1.163989-3.553878j,0.511692-2.263802j,1.561900
0.110632+0.174691j,1.165451-3.557761j,0.518084-2.259079j,1.578359
0.112650+0.173510j,1.166891-3.561653j,0.524510-2.254469j,1.594818
0.114654+0.172321j,1.168309-3.565554j,0.530970-2.249972j,1.611275
0.116645+0.171124j,1.169706-3.569464j,0.537461-2.245587j,1.627731
0.118623+0.169921j,1.171081-3.573383j,0.543981-2.241313j,1.644186
0.120590+0.168709j,1.172434-3.577312j,0.550529-2.237149j,1.660640
0.122544+0.167490j,1.173766-3.581251j,0.557102-2.233094j,1.677093
0.124486+0.166263j,1.175077-3.585200j,0.563700-2.229146j,1.693545
0.126486+0.164983j,1.176414-3.589303j,0.570560-2.225167j,1.710594
0.128474+0.163695j,1.177727-3.593417j,0.577443-2.221302j,1.727642
0.130450+0.162399j,1.179019-3.597543j,0.584346-2.217548j,1.744689
0.132413+0.161094j,1.180287-3.601682j,0.591269-2.213905j,1.761735
0.134365+0.159780j,1.181534-3.605832j,0.598209-2.210372j,1.778780
0.136306+0.158458j,1.182758-3.609995j,0.605164-2.206947j,1.795824
0.138235+0.157128j,1.183960-3.614170j,0.612134-2.203629j,1.812867
0.140218+0.155743j,1.185180-3.618501j,0.619355-2.200309j,1.830490
0.142189+0.154349j,1.186376-3.622847j,0.626589-2.197101j,1.848112
0.144149+0.152945j,1.187548-3.627207j,0.633833-2.194004j,1.865734
0.146097+0.151532j,1.188698-3.631582j,0.641086-2.191016j,1.883354
0.148034+0.150110j,1.189823-3.635972j,0.648348-2.188135j,1.900974
0.149960+0.148678j,1.190926-3.640377j,0.655616-2.185361j,1.918592
0.151875+0.147237j,1.192004-3.644797j,0.662890-2.182693j,1.936210
0.153847+0.145734j,1.193097-3.649393j,0.670429-2.180038j,1.954459
0.155808+0.144221j,1.194165-3.654006j,0.677971-2.177494j,1.972707
0.157758+0.142697j,1.195208-3.658636j,0.685515-2.175059j,1.990954
0.159696+0.141163j,1.196226-3.663285j,0.693060-2.172731j,2.009200
0.161624+0.139619j,1.197219-3.667951j,0.700605-2.170508j,2.027445
0.163540+0.138064j,1.198187-3.672636j,0.708148-2.168391j,2.045689
0.165446+0.136498j,1.199129-3.677340j,0.715689-2.166377j,2.063933
0.167412+0.134863j,1.200081-3.682238j,0.723506-2.164396j,2.082855
0.169367+0.133217j,1.201005-3.687158j,0.731319-2.162523j,2.101776
0.171310+0.131559j,1.201903-3.692098j,0.739125-2.160756j,2.120696
0.173243+0.129889j,1.202773-3.697060j,0.746925-2.159096j,2.139615
0.175165+0.128208j,1.203617-3.702044j,0.754716-2.157539j,2.158533
0.177076+0.126516j,1.204433-3.707049j,0.762499-2.156085j,2.177451
0.178976+0.124811j,1.205222-3.712077j,0.770272-2.154732j,2.196368
0.180938+0.123029j,1.206012-3.717320j,0.778329-2.153433j,2.216004
0.182888+0.121235j,1.206773-3.722587j,0.786374-2.152241j,2.235639
0.184827+0.119428j,1.207505-3.727880j,0.794406-2.151153j,2.255274
0.186755+0.117608j,1.208207-3.733198j,0.802424-2.150169j,2.274908
0.188673+0.115775j,1.208879-3.738541j,0.810428-2.149286j,2.294541
0.190579+0.113929j,1.209522-3.743911j,0.818415-2.148504j,2.314173
0.192475+0.112070j,1.210135-3.749307j,0.826386-2.147821j,2.333805
0.194432+0.110126j,1.210740-3.754938j,0.834644-2.147215j,2.354185
0.196378+0.108169j,1.211312-3.760597j,0.842883-2.146714j,2.374565
0.198312+0.106197j,1.211853-3.766286j,0.851102-2.146314j,2.394945
0.200235+0.104210j,1.212360-3.772006j,0.859301-2.146016j,2.415323
0.202147+0.102210j,1.212835-3.777755j,0.867479-2.145818j,2.435701
0.204048+0.100195j,1.213278-3.783535j,0.875635-2.145717j,2.456077
0.205938+0.098166j,1.213687-3.789346j,0.883769-2.145714j,2.476454
0.207887+0.096046j,1.214077-3.795408j,0.892182-2.145811j,2.497589
0.209825+0.093911j,1.214432-3.801504j,0.900571-2.146010j,2.518724
0.211750+0.091760j,1.214750-3.807634j,0.908934-2.146309j,2.539858
0.213665+0.089593j,1.215033-3.813800j,0.917271-2.146706j,2.560992
0.215567+0.087410j,1.215279-3.820001j,0.925581-2.147200j,2.582124
0.217459+0.085212j,1.215490-3.826238j,0.933864-2.147790j,2.603256
0.219339+0.082998j,1.215664-3.832512j,0.942120-2.148475j,2.624388
0.221273+0.080689j,1.215805-3.839045j,0.950637-2.149282j,2.646260
0.223195+0.078363j,1.215907-3.845619j,0.959124-2.150187j,2.668132
0.225105+0.076020j,1.215970-3.852233j,0.967580-2.151189j,2.690004
0.227004+0.073660j,1.215993-3.858888j,0.976004-2.152287j,2.711875
0.228890+0.071283j,1.215976-3.865585j,0.984398-2.153479j,2.733745
0.230764+0.068889j,1.215919-3.872324j,0.992760-2.154764j,2.755614
0.232627+0.066477j,1.215821-3.879106j,1.001089-2.156141j,2.777483
0.234478+0.064048j,1.215683-3.885932j,1.009386-2.157609j,2.799351
0.236382+0.061513j,1.215497-3.893048j,1.017947-2.159223j,2.822003
0.238275+0.058960j,1.215268-3.900212j,1.026473-2.160932j,2.844653
0.240154+0.056388j,1.214994-3.907424j,1.034963-2.162733j,2.867303
0.242022+0.053797j,1.214676-3.914685j,1.043417-2.164627j,2.889953
0.243876+0.051188j,1.214314-3.921996j,1.051835-2.166611j,2.912602
0.245718+0.048559j,1.213906-3.929357j,1.060217-2.168685j,2.935250
0.247548+0.045912j,1.213454-3.936768j,1.068562-2.170846j,2.957898
0.249365+0.043246j,1.212957-3.944231j,1.076871-2.173095j,2.980545
0.251170+0.040561j,1.212414-3.951746j,1.085143-2.175429j,3.003192
0.252963+0.037856j,1.211826-3.959314j,1.093379-2.177848j,3.025838
0.254809+0.035032j,1.211167-3.967220j,1.101880-2.180444j,3.049323
0.256641+0.032187j,1.210459-3.975184j,1.110342-2.183129j,3.072807
0.258461+0.029321j,1.209701-3.983206j,1.118764-2.185902j,3.096291
0.260267+0.026435j,1.208894-3.991289j,1.127145-2.188761j,3.119775
0.262060+0.023528j,1.208036-3.999433j,1.135486-2.191705j,3.143257
0.263839+0.020601j,1.207128-4.007638j,1.143787-2.194732j,3.166740
0.265605+0.017653j,1.206169-4.015906j,1.152047-2.197843j,3.190222
0.267359+0.014684j,1.205159-4.024237j,1.160267-2.201035j,3.213703
0.269098+0.011695j,1.204099-4.032632j,1.168446-2.204308j,3.237185
0.270825+0.008685j,1.202987-4.041092j,1.176584-2.207660j,3.260666
0.272538+0.005655j,1.201824-4.049618j,1.184682-2.211091j,3.284146
0.274238+0.002603j,1.200609-4.058211j,1.192739-2.214600j,3.307626
0.275986-0.000581j,1.199295-4.067188j,1.201045-2.218317j,3.331958
0.277719-0.003787j,1.197926-4.076239j,1.209308-2.222115j,3.356289
0.279439-0.007015j,1.196501-4.085365j,1.217527-2.225992j,3.380621
0.281144-0.010265j,1.195020-4.094567j,1.225702-2.229949j,3.404952
0.282834-0.013538j,1.193483-4.103846j,1.233834-2.233984j,3.429282
0.284511-0.016833j,1.191889-4.113203j,1.241921-2.238096j,3.453613
0.286173-0.020150j,1.190239-4.122640j,1.249964-2.242284j,3.477943
0.287820-0.023489j,1.188532-4.132158j,1.257964-2.246547j,3.502273
0.289454-0.026850j,1.186769-4.141757j,1.265920-2.250884j,3.526602
0.291073-0.030234j,1.184949-4.151439j,1.273832-2.255295j,3.550932
0.292678-0.033639j,1.183072-4.161206j,1.281700-2.259777j,3.575262
0.294268-0.037066j,1.181138-4.171058j,1.289524-2.264331j,3.599591
0.295844-0.040516j,1.179148-4.180997j,1.297304-2.268955j,3.623920
0.297405-0.043987j,1.177100-4.191024j,1.305041-2.273648j,3.648249
0.298952-0.047480j,1.174996-4.201141j,1.312734-2.278411j,3.672578
0.300485-0.050995j,1.172835-4.211348j,1.320383-2.283241j,3.696907
0.302003-0.054532j,1.170618-4.221648j,1.327988-2.288138j,3.721236
0.303506-0.058091j,1.168344-4.232041j,1.335550-2.293101j,3.745565
0.304995-0.061671j,1.166013-4.242529j,1.343068-2.298130j,3.769894
0.306469-0.065272j,1.163627-4.253113j,1.350543-2.303223j,3.794223
0.307929-0.068896j,1.161184-4.263795j,1.357974-2.308380j,3.818553
0.309374-0.072540j,1.158685-4.274577j,1.365361-2.313599j,3.842882
0.310804-0.076207j,1.156131-4.285459j,1.372705-2.318881j,3.867211
0.312219-0.079894j,1.153522-4.296444j,1.380005-2.324225j,3.891540
0.313620-0.083602j,1.150857-4.307532j,1.387262-2.329629j,3.915870
0.315006-0.087332j,1.148138-4.318726j,1.394475-2.335092j,3.940199
0.316377-0.091083j,1.145364-4.330027j,1.401645-2.340616j,3.964529
0.317733-0.094854j,1.142537-4.341437j,1.408771-2.346197j,3.988859
0.319074-0.098646j,1.139656-4.352957j,1.415854-2.351837j,4.013189
0.320400-0.102459j,1.136723-4.364589j,1.422894-2.357533j,4.037520
0.321711-0.106293j,1.133737-4.376334j,1.429890-2.363286j,4.061850
0.322871-0.109740j,1.131022-4.386941j,1.436113-2.368480j,4.083624
0.324020-0.113204j,1.128265-4.397641j,1.442301-2.373719j,4.105398
0.325156-0.116683j,1.125469-4.408436j,1.448455-2.379001j,4.127173
0.326279-0.120179j,1.122633-4.419328j,1.454573-2.384327j,4.148947
0.327391-0.123691j,1.119757-4.430316j,1.460657-2.389695j,4.170722
0.328490-0.127218j,1.116843-4.441403j,1.466706-2.395105j,4.192497
0.329577-0.130762j,1.113890-4.452589j,1.472720-2.400557j,4.214272
0.330651-0.134321j,1.110901-4.463877j,1.478700-2.406050j,4.236048
0.331713-0.137895j,1.107874-4.475267j,1.484644-2.411584j,4.257823
0.332763-0.141485j,1.104812-4.486760j,1.490554-2.417158j,4.279599
0.333800-0.145090j,1.101715-4.498359j,1.496429-2.422773j,4.301376
0.334824-0.148711j,1.098584-4.510064j,1.502269-2.428427j,4.323152
0.335836-0.152346j,1.095419-4.521876j,1.508074-2.434119j,4.344929
0.336835-0.155997j,1.092222-4.533797j,1.513843-2.439851j,4.366706
0.337821-0.159662j,1.088994-4.545828j,1.519578-2.445621j,4.388484
0.338794-0.163342j,1.085735-4.557971j,1.525278-2.451428j,4.410261
0.339755-0.167036j,1.082447-4.570227j,1.530942-2.457273j,4.432039
0.340702-0.170745j,1.079130-4.582596j,1.536572-2.463155j,4.453818
0.341636-0.174467j,1.075787-4.595082j,1.542166-2.469073j,4.475597
0.342558-0.178205j,1.072418-4.607683j,1.547724-2.475028j,4.497376
0.343373-0.181571j,1.069372-4.619097j,1.552684-2.480404j,4.516931
0.344179-0.184949j,1.066308-4.630606j,1.557616-2.485808j,4.536486
0.344973-0.188338j,1.063226-4.642213j,1.562518-2.491241j,4.556041
0.345756-0.191738j,1.060127-4.653917j,1.567392-2.496702j,4.575597
0.346529-0.195148j,1.057013-4.665720j,1.572238-2.502190j,4.595153
0.347290-0.198570j,1.053884-4.677623j,1.577054-2.507706j,4.614709
0.348041-0.202001j,1.050741-4.689627j,1.581842-2.513249j,4.634266
0.348781-0.205444j,1.047587-4.701731j,1.586600-2.518819j,4.653823
0.349509-0.208896j,1.044421-4.713938j,1.591330-2.524415j,4.673380
0.350226-0.212359j,1.041246-4.726248j,1.596030-2.530038j,4.692937
0.350932-0.215832j,1.038062-4.738662j,1.600701-2.535687j,4.712495
0.351626-0.219315j,1.034871-4.751181j,1.605343-2.541361j,4.732053
0.352309-0.222807j,1.031674-4.763806j,1.609955-2.547062j,4.751611
0.352981-0.226310j,1.028473-4.776536j,1.614538-2.552787j,4.771169
0.353641-0.229821j,1.025268-4.789374j,1.619091-2.558538j,4.790728
0.354289-0.233343j,1.022063-4.802319j,1.623615-2.564313j,4.810287
0.354925-0.236873j,1.018858-4.815373j,1.628108-2.570113j,4.829847
0.355549-0.240413j,1.015654-4.828536j,1.632572-2.575937j,4.849407
0.356162-0.243962j,1.012454-4.841808j,1.637006-2.581786j,4.868967
0.356762-0.247520j,1.009259-4.855191j,1.641410-2.587658j,4.888527
0.357351-0.251086j,1.006070-4.868685j,1.645784-2.593554j,4.908087
0.357927-0.254662j,1.002890-4.882291j,1.650127-2.599473j,4.927648
0.358490-0.258245j,0.999721-4.896008j,1.654439-2.605415j,4.947210
0.359042-0.261837j,0.996563-4.909837j,1.658722-2.611381j,4.966771
0.359580-0.265438j,0.993419-4.923780j,1.662973-2.617369j,4.986333
0.360095-0.268968j,0.990358-4.937529j,1.667102-2.623249j,5.005471
