-1.022097-0.022097j,0.693147-3.141593j,0.693147-3.141593j,0.000000
-1.021799-0.021739j,0.693147-3.141593j,0.693147-3.141593j,0.000000
-1.021636-0.021508j,0.693147-3.141593j,0.693147-3.141593j,0.000000
-1.021486-0.021321j,0.693147-3.141593j,0.693147-3.141593j,0.000000
-1.021348-0.021155j,0.693147-3.141593j,0.693147-3.141593j,0.000000
-1.021221-0.021003j,0.693147-3.141593j,0.693147-3.141593j,0.000000
-1.021100-0.020860j,0.693147-3.141593j,0.693147-3.141593j,0.000000
-1.020985-0.020724j,0.693147-3.141593j,0.693147-3.141593j,0.000000
-1.020875-0.020594j,0.693147-3.141593j,0.693147-3.141593j,0.000000
-1.020769-0.020468j,0.693147-3.141593j,0.693147-3.141593j,0.000000
-1.020665-0.020345j,0.693148-3.141593j,0.693147-3.141593j,0.000000
-1.020565-0.020226j,0.693148-3.141593j,0.693147-3.141593j,0.000000
-1.020467-0.020110j,0.693148-3.141593j,0.693147-3.141593j,0.000000
-1.020371-0.019996j,0.693148-3.141593j,0.693147-3.141593j,0.000000
-1.020277-0.019884j,0.693148-3.141593j,0.693147-3.141593j,0.000000
-1.020184-0.019774j,0.693148-3.141593j,0.693147-3.141593j,0.000000
-1.020094-0.019666j,0.693148-3.141593j,0.693147-3.141593j,0.000000
-1.020004-0.019560j,0.693148-3.141593j,0.693147-3.141593j,0.000000
-1.019916-0.019455j,0.693148-3.141593j,0.693147-3.141593j,0.000000
-1.019829-0.019351j,0.693148-3.141593j,0.693147-3.141593j,0.000000
-1.019743-0.019248j,0.693148-3.141593j,0.693147-3.141593j,0.000000
-1.019659-0.019147j,0.693148-3.141593j,0.693147-3.141593j,0.000000
-1.019575-0.019046j,0.693148-3.141593j,0.693147-3.141593j,0.000000
-1.019492-0.018947j,0.693148-3.141593j,0.693147-3.141593j,0.000000
-1.019410-0.018848j,0.693148-3.141593j,0.693147-3.141593j,0.000000
-1.019328-0.018750j,0.693148-3.141593j,0.693147-3.141593j,0.000000
-1.019247-0.018653j,0.693148-3.141593j,0.693147-3.141593j,0.000000
-1.019167-0.018557j,0.693148-3.141593j,0.693147-3.141593j,0.000000
-1.019088-0.018461j,0.693148-3.141593j,0.693147-3.141593j,0.000000
-1.019009-0.018366j,0.693148-3.141593j,0.693147-3.141593j,0.000000
-1.018931-0.018272j,0.693148-3.141593j,0.693147-3.141593j,0.000000
-1.018853-0.018178j,0.693148-3.141593j,0.693147-3.141593j,0.000000
-1.018776-0.018084j,0.693148-3.141593j,0.693147-3.141593j,0.000000
-1.018699-0.017991j,0.693148-3.141593j,0.693147-3.141593j,0.000000
-1.018623-0.017899j,0.693148-3.141593j,0.693147-3.141593j,0.000000
-1.018547-0.017807j,0.693148-3.141593j,0.693147-3.141593j,0.000000
-1.018471-0.017716j,0.693148-3.141593j,0.693147-3.141593j,0.000000
-1.018396-0.017625j,0.693148-3.141593j,0.693147-3.141593j,0.000000
-1.018321-0.017534j,0.693148-3.141593j,0.693147-3.141593j,0.000000
-1.018247-0.017443j,0.693148-3.141593j,0.693147-3.141593j,0.000000
-1.018173-0.017353j,0.693148-3.141593j,0.693147-3.141593j,0.000000
-1.018099-0.017264j,0.693148-3.141593j,0.693147-3.141593j,0.000000
-1.018026-0.017174j,0.693148-3.141593j,0.693147-3.141593j,0.000000
-1.017953-0.017085j,0.693148-3.141593j,0.693147-3.141593j,0.000000
-1.017880-0.016996j,0.693148-3.141593j,0.693147-3.141593j,0.000000
-1.017807-0.016908j,0.693148-3.141593j,0.693147-3.141593j,0.000000
-1.017735-0.016820j,0.693148-3.141593j,0.693147-3.141593j,0.000000
-1.017663-0.016732j,0.693148-3.141593j,0.693147-3.141593j,0.000000
-1.017591-0.016644j,0.693148-3.141593j,0.693147-3.141593j,0.000000
-1.017519-0.016556j,0.693148-3.141593j,0.693147-3.141593j,0.000000
-1.017448-0.016469j,0.693148-3.141593j,0.693147-3.141593j,0.000000
-1.017376-0.016382j,0.693148-3.141593j,0.693147-3.141593j,0.000000
-1.017305-0.016295j,0.693148-3.141593j,0.693147-3.141593j,0.000000
-1.017235-0.016208j,0.693148-3.141593j,0.693147-3.141593j,0.000000
-1.017164-0.016122j,0.693148-3.141593j,0.693147-3.141593j,0.000000
-1.017094-0.016035j,0.693148-3.141593j,0.693147-3.141593j,0.000000
-1.017023-0.015949j,0.693148-3.141593j,0.693147-3.141593j,0.000000
-1.016953-0.015863j,0.693148-3.141593j,0.693147-3.141593j,0.000000
-1.016883-0.015777j,0.693148-3.141593j,0.693147-3.141593j,0.000000
-1.016813-0.015692j,0.693148-3.141593j,0.693147-3.141593j,0.000000
-1.016744-0.015606j,0.693148-3.141593j,0.693147-3.141593j,0.000000
-1.016674-0.015521j,0.693148-3.141593j,0.693147-3.141593j,0.000000
-1.016605-0.015435j,0.693148-3.141593j,0.693147-3.141593j,0.000000
-1.016535-0.015350j,0.693148-3.141593j,0.693147-3.141593j,0.000000
-1.016466-0.015265j,0.693148-3.141593j,0.693147-3.141593j,0.000000
-1.016397-0.015180j,0.693148-3.141593j,0.693147-3.141593j,0.000000
-1.016328-0.015095j,0.693148-3.141593j,0.693147-3.141593j,0.000000
-1.016260-0.015011j,0.693148-3.141593j,0.693147-3.141593j,0.000000
-1.016191-0.014926j,0.693148-3.141593j,0.693147-3.141593j,0.000000
-1.016122-0.014841j,0.693148-3.141593j,0.693147-3.141593j,0.000000
-1.016054-0.014757j,0.693148-3.141593j,0.693147-3.141593j,0.000000
-1.015986-0.014673j,0.693148-3.141593j,0.693147-3.141593j,0.000000
-1.015917-0.014588j,0.693148-3.141593j,0.693147-3.141593j,0.000000
-1.015849-0.014504j,0.693148-3.141593j,0.693147-3.141593j,0.000000
-1.015781-0.014420j,0.693148-3.141593j,0.693147-3.141593j,0.000000
-1.015713-0.014336j,0.693148-3.141593j,0.693147-3.141593j,0.000000
-1.015645-0.014252j,0.693148-3.141593j,0.693147-3.141593j,0.000000
-1.015577-0.014168j,0.693148-3.141593j,0.693147-3.141593j,0.000000
-1.015509-0.014084j,0.693148-3.141593j,0.693147-3.141593j,0.000000
-1.015442-0.014001j,0.693148-3.141593j,0.693147-3.141593j,0.000000
-1.015374-0.013917j,0.693148-3.141593j,0.693147-3.141593j,0.000000
-1.015306-0.013833j,0.693148-3.141593j,0.693147-3.141593j,0.000000
-1.015239-0.013750j,0.693148-3.141593j,0.693147-3.141593j,0.000000
-1.015171-0.013666j,0.693148-3.141593j,0.693147-3.141593j,0.000000
-1.015104-0.013583j,0.693148-3.141593j,0.693147-3.141593j,0.000000
-1.015037-0.013500j,0.693148-3.141593j,0.693147-3.141593j,0.000000
-1.014969-0.013416j,0.693148-3.141593j,0.693147-3.141593j,0.000000
-1.014902-0.013333j,0.693148-3.141593j,0.693147-3.141593j,0.000000
-1.014835-0.013250j,0.693148-3.141593j,0.693147-3.141593j,0.000000
-1.014768-0.013167j,0.693148-3.141593j,0.693147-3.141593j,0.000000
-1.014701-0.013084j,0.693148-3.141593j,0.693147-3.141593j,0.000000
-1.014634-0.013000j,0.693148-3.141593j,0.693147-3.141593j,0.000000
-1.014567-0.012917j,0.693148-3.141593j,0.693147-3.141593j,0.000000
-1.014500-0.012834j,0.693148-3.141593j,0.693147-3.141593j,0.000000
-1.014433-0.012751j,0.693148-3.141593j,0.693147-3.141593j,0.000000
-1.014366-0.012669j,0.693148-3.141593j,0.693147-3.141593j,0.000000
-1.014299-0.012586j,0.693148-3.141593j,0.693147-3.141593j,0.000000
-1.014233-0.012503j,0.693148-3.141593j,0.693147-3.141593j,0.000000
-1.014166-0.012420j,0.693148-3.141593j,0.693147-3.141593j,0.000000
-1.014099-0.012337j,0.693148-3.141593j,0.693147-3.141593j,0.000000
-1.014033-0.012254j,0.693148-3.141593j,0.693147-3.141593j,0.000000
-1.013966-0.012172j,0.693148-3.141593j,0.693147-3.141593j,0.000000
-1.013899-0.012089j,0.693148-3.141593j,0.693147-3.141593j,0.000000
-1.013833-0.012006j,0.693148-3.141593j,0.693147-3.141593j,0.000000
-1.013766-0.011924j,0.693148-3.141593j,0.693147-3.141593j,0.000000
-1.013700-0.011841j,0.693148-3.141593j,0.693147-3.141593j,0.000000
-1.013633-0.011758j,0.693148-3.141593j,0.693147-3.141593j,0.000000
-1.013567-0.011676j,0.693148-3.141593j,0.693147-3.141593j,0.000000
-1.013500-0.011593j,0.693148-3.141593j,0.693147-3.141593j,0.000000
-1.013434-0.011511j,0.693148-3.141593j,0.693147-3.141593j,0.000000
-1.013367-0.011428j,0.693148-3.141593j,0.693147-3.141593j,0.000000
-1.013301-0.011346j,0.693148-3.141593j,0.693147-3.141593j,0.000000
-1.013235-0.011263j,0.693148-3.141593j,0.693147-3.141593j,0.000000
-1.013168-0.011181j,0.693148-3.141593j,0.693147-3.141593j,0.000000
-1.013102-0.011099j,0.693148-3.141593j,0.693147-3.141593j,0.000000
-1.013036-0.011016j,0.693148-3.141593j,0.693147-3.141593j,0.000000
-1.012969-0.010934j,0.693148-3.141593j,0.693147-3.141593j,0.000000
-1.012903-0.010851j,0.693148-3.141593j,0.693147-3.141593j,0.000000
-1.012837-0.010769j,0.693148-3.141593j,0.693147-3.141593j,0.000000
-1.012770-0.010687j,0.693148-3.141593j,0.693147-3.141593j,0.000000
-1.012704-0.010604j,0.693148-3.141593j,0.693147-3.141593j,0.000000
-1.012638-0.010522j,0.693148-3.141593j,0.693147-3.141593j,0.000000
-1.012572-0.010440j,0.693148-3.141593j,0.693147-3.141593j,0.000000
-1.012506-0.010358j,0.693148-3.141593j,0.693147-3.141593j,0.000000
-1.012439-0.010275j,0.693148-3.141593j,0.693147-3.141593j,0.000000
-1.012373-0.010193j,0.693148-3.141593j,0.693147-3.141593j,0.000000
-1.012307-0.010111j,0.693148-3.141593j,0.693147-3.141593j,0.000000
-1.012241-0.010029j,0.693148-3.141593j,0.693147-3.141593j,0.000000
-1.012175-0.009947j,0.693148-3.141593j,0.693147-3.141593j,0.000000
-1.012109-0.009864j,0.693148-3.141593j,0.693147-3.141593j,0.000000
-1.012042-0.009782j,0.693148-3.141593j,0.693147-3.141593j,0.000000
-1.011976-0.009700j,0.693148-3.141593j,0.693147-3.141593j,0.000000
-1.011910-0.009618j,0.693148-3.141593j,0.693147-3.141593j,0.000000
-1.011844-0.009536j,0.693148-3.141593j,0.693147-3.141593j,0.000000
-1.011778-0.009454j,0.693148-3.141593j,0.693147-3.141593j,0.000000
-1.011712-0.009372j,0.693148-3.141593j,0.693147-3.141593j,0.000000
-1.011646-0.009290j,0.693148-3.141593j,0.693147-3.141593j,0.000000
-1.011580-0.009208j,0.693148-3.141593j,0.693147-3.141593j,0.000000
-1.011514-0.009126j,0.693148-3.141593j,0.693147-3.141593j,0.000000
-1.011448-0.009044j,0.693148-3.141593j,0.693147-3.141593j,0.000000
-1.011382-0.008961j,0.693148-3.141593j,0.693147-3.141593j,0.000000
-1.011315-0.008879j,0.693148-3.141593j,0.693147-3.141593j,0.000000
-1.011249-0.008797j,0.693148-3.141593j,0.693147-3.141593j,0.000000
-1.011183-0.008716j,0.693148-3.141593j,0.693147-3.141593j,0.000000
-1.011117-0.008634j,0.693148-3.141593j,0.693147-3.141593j,0.000000
-1.011051-0.008552j,0.693148-3.141593j,0.693147-3.141593j,0.000000
-1.010985-0.008470j,0.693148-3.141593j,0.693147-3.141593j,0.000000
-1.010919-0.008388j,0.693148-3.141593j,0.693147-3.141593j,0.000000
-1.010853-0.008306j,0.693148-3.141593j,0.693147-3.141593j,0.000000
-1.010787-0.008224j,0.693148-3.141593j,0.693147-3.141593j,0.000000
-1.010721-0.008142j,0.693148-3.141593j,0.693147-3.141593j,0.000000
-1.010655-0.008060j,0.693148-3.141593j,0.693147-3.141593j,0.000000
-1.010589-0.007978j,0.693148-3.141593j,0.693147-3.141593j,0.000000
-1.010523-0.007896j,0.693148-3.141593j,0.693147-3.141593j,0.000000
-1.010457-0.007814j,0.693148-3.141593j,0.693147-3.141593j,0.000000
-1.010391-0.007733j,0.693148-3.141593j,0.693147-3.141593j,0.000000
-1.010325-0.007651j,0.693148-3.141593j,0.693147-3.141593j,0.000000
-1.010259-0.007569j,0.693148-3.141593j,0.693147-3.141593j,0.000000
-1.010193-0.007487j,0.693148-3.141593j,0.693147-3.141593j,0.000000
-1.010127-0.007405j,0.693148-3.141593j,0.693147-3.141593j,0.000000
-1.010061-0.007323j,0.693148-3.141593j,0.693147-3.141593j,0.000000
-1.009995-0.007242j,0.693148-3.141593j,0.693147-3.141593j,0.000000
-1.009929-0.007160j,0.693148-3.141593j,0.693147-3.141593j,0.000000
-1.009863-0.007078j,0.693148-3.141593j,0.693147-3.141593j,0.000000
-1.009797-0.006996j,0.693148-3.141593j,0.693147-3.141593j,0.000000
-1.009730-0.006915j,0.693148-3.141593j,0.693147-3.141593j,0.000000
-1.009664-0.006833j,0.693148-3.141593j,0.693147-3.141593j,0.000000
-1.009598-0.006751j,0.693148-3.141593j,0.693147-3.141593j,0.000000
-1.009532-0.006669j,0.693148-3.141593j,0.693147-3.141593j,0.000000
-1.009466-0.006588j,0.693148-3.141593j,0.693147-3.141593j,0.000000
-1.009400-0.006506j,0.693148-3.141593j,0.693147-3.141593j,0.000000
-1.009334-0.006424j,0.693148-3.141593j,0.693147-3.141593j,0.000000
-1.009268-0.006343j,0.693148-3.141593j,0.693147-3.141593j,0.000000
-1.009202-0.006261j,0.693148-3.141593j,0.693147-3.141593j,0.000000
-1.009136-0.006179j,0.693148-3.141593j,0.693147-3.141593j,0.000000
-1.009070-0.006098j,0.693148-3.141593j,0.693147-3.141593j,0.000000
-1.009004-0.006016j,0.693148-3.141593j,0.693147-3.141593j,0.000000
-1.008938-0.005934j,0.693148-3.141593j,0.693147-3.141593j,0.000000
-1.008872-0.005853j,0.693148-3.141593j,0.693147-3.141593j,0.000000
-1.008806-0.005771j,0.693148-3.141593j,0.693147-3.141593j,0.000000
-1.008740-0.005690j,0.693148-3.141593j,0.693147-3.141593j,0.000000
-1.008674-0.005608j,0.693148-3.141593j,0.693147-3.141593j,0.000000
-1.008608-0.005526j,0.693148-3.141593j,0.693147-3.141593j,0.000000
-1.008542-0.005445j,0.693148-3.141593j,0.693147-3.141593j,0.000000
-1.008476-0.005363j,0.693148-3.141593j,0.693147-3.141593j,0.000000
-1.008410-0.005282j,0.693148-3.141593j,0.693147-3.141593j,0.000000
-1.008344-0.005200j,0.693148-3.141593j,0.693147-3.141593j,0.000000
-1.008277-0.005119j,0.693148-3.141593j,0.693147-3.141593j,0.000000
-1.008211-0.005037j,0.693148-3.141593j,0.693147-3.141593j,0.000000
-1.008145-0.004956j,0.693148-3.141593j,0.693147-3.141593j,0.000000
-1.008079-0.004874j,0.693148-3.141593j,0.693147-3.141593j,0.000000
-1.008013-0.004793j,0.693148-3.141593j,0.693147-3.141593j,0.000000
-1.007947-0.004711j,0.693148-3.141593j,0.693147-3.141593j,0.000000
-1.007881-0.004630j,0.693148-3.141593j,0.693147-3.141593j,0.000000
-1.007815-0.004548j,0.693148-3.141593j,0.693147-3.141593j,0.000000
-1.007749-0.004467j,0.693148-3.141593j,0.693147-3.141593j,0.000000
-1.007683-0.004386j,0.693148-3.141593j,0.693147-3.141593j,0.000000
-1.007617-0.004304j,0.693148-3.141593j,0.693147-3.141593j,0.000000
-1.007551-0.004223j,0.693148-3.141593j,0.693147-3.141593j,0.000000
-1.007485-0.004141j,0.693148-3.141593j,0.693147-3.141593j,0.000000
-1.007418-0.004060j,0.693148-3.141593j,0.693147-3.141593j,0.000000
-1.007352-0.003979j,0.693148-3.141593j,0.693147-3.141593j,0.000000
-1.007286-0.003897j,0.693148-3.141593j,0.693147-3.141593j,0.000000
-1.007220-0.003816j,0.693148-3.141593j,0.693147-3.141593j,0.000000
-1.007154-0.003735j,0.693148-3.141593j,0.693147-3.141593j,0.000000
-1.007088-0.003653j,0.693148-3.141593j,0.693147-3.141593j,0.000000
-1.007022-0.003572j,0.693148-3.141593j,0.693147-3.141593j,0.000000
-1.006956-0.003491j,0.693148-3.141593j,0.693147-3.141593j,0.000000
-1.006890-0.003409j,0.693148-3.141593j,0.693147-3.141593j,0.000000
-1.006824-0.003328j,0.693148-3.141593j,0.693147-3.141593j,0.000000
-1.006757-0.003247j,0.693148-3.141593j,0.693147-3.141593j,0.000000
-1.006691-0.003166j,0.693148-3.141593j,0.693147-3.141593j,0.000000
-1.006625-0.003084j,0.693148-3.141593j,0.693147-3.141593j,0.000000
-1.006559-0.003003j,0.693148-3.141593j,0.693147-3.141593j,0.000000
-1.006493-0.002922j,0.693148-3.141593j,0.693147-3.141593j,0.000000
-1.006427-0.002841j,0.693148-3.141593j,0.693147-3.141593j,0.000000
-1.006361-0.002759j,0.693148-3.141593j,0.693147-3.141593j,0.000000
-1.006295-0.002678j,0.693148-3.141593j,0.693147-3.141593j,0.000000
-1.006229-0.002597j,0.693148-3.141593j,0.693147-3.141593j,0.000000
-1.006162-0.002516j,0.693148-3.141593j,0.693147-3.141593j,0.000000
-1.006096-0.002435j,0.693148-3.141593j,0.693147-3.141593j,0.000000
-1.006030-0.002353j,0.693148-3.141593j,0.693147-3.141593j,0.000000
-1.005964-0.002272j,0.693148-3.141593j,0.693147-3.141593j,0.000000
-1.005898-0.002191j,0.693148-3.141593j,0.693147-3.141593j,0.000000
-1.005832-0.002110j,0.693148-3.141593j,0.693147-3.141593j,0.000000
-1.005766-0.002029j,0.693148-3.141593j,0.693147-3.141593j,0.000000
-1.005699-0.001948j,0.693148-3.141593j,0.693147-3.141593j,0.000000
-1.005633-0.001867j,0.693148-3.141593j,0.693147-3.141593j,0.000000
-1.005567-0.001786j,0.693148-3.141593j,0.693147-3.141593j,0.000000
-1.005501-0.001705j,0.693148-3.141593j,0.693147-3.141593j,0.000000
-1.005435-0.001624j,0.693148-3.141593j,0.693147-3.141593j,0.000000
-1.005369-0.001542j,0.693148-3.141593j,0.693147-3.141593j,0.000000
-1.005302-0.001461j,0.693148-3.141593j,0.693147-3.141593j,0.000000
-1.005236-0.001380j,0.693148-3.141593j,0.693147-3.141593j,0.000000
-1.005170-0.001299j,0.693148-3.141593j,0.693147-3.141593j,0.000000
-1.005104-0.001218j,0.693148-3.141593j,0.693147-3.141593j,0.000000
-1.005038-0.001137j,0.693148-3.141593j,0.693147-3.141593j,0.000000
-1.004972-0.001056j,0.693148-3.141593j,0.693147-3.141593j,0.000000
-1.004905-0.000975j,0.693148-3.141593j,0.693147-3.141593j,0.000000
-1.004839-0.000894j,0.693148-3.141593j,0.693147-3.141593j,0.000000
-1.004773-0.000814j,0.693148-3.141593j,0.693147-3.141593j,0.000000
-1.004707-0.000733j,0.693148-3.141593j,0.693147-3.141593j,0.000000
-1.004641-0.000652j,0.693148-3.141593j,0.693147-3.141593j,0.000000
-1.004575-0.000571j,0.693148-3.141593j,0.693147-3.141593j,0.000000
-1.004508-0.000490j,0.693148-3.141593j,0.693147-3.141593j,0.000000
-1.004442-0.000409j,0.693148-3.141593j,0.693147-3.141593j,0.000000
-1.004376-0.000328j,0.693148-3.141593j,0.693147-3.141593j,0.000000
-1.004310-0.000247j,0.693148-3.141593j,0.693147-3.141593j,0.000000
-1.004244-0.000166j,0.693148-3.141593j,0.693147-3.141593j,0.000000
-1.004177-0.000085j,0.693148-3.141593j,0.693147-3.141593j,0.000000
-1.004111-0.000005j,0.693148-3.141593j,0.693147-3.141593j,0.000000
-1.004045+0.000076j,0.693148-3.141593j,0.693147-3.141593j,0.000000
-1.003979+0.000157j,0.693148-3.141593j,0.693147-3.141593j,0.000000
-1.003913+0.000238j,0.693148-3.141593j,0.693147-3.141593j,0.000000
-1.003846+0.000319j,0.693148-3.141593j,0.693147-3.141593j,0.000000
-1.003780+0.000400j,0.693148-3.141593j,0.693147-3.141593j,0.000000
-1.003714+0.000480j,0.693148-3.141593j,0.693147-3.141593j,0.000000
-1.003648+0.000561j,0.693148-3.141593j,0.693147-3.141593j,0.000000
-1.003582+0.000642j,0.693148-3.141593j,0.693147-3.141593j,0.000000
-1.003515+0.000723j,0.693148-3.141593j,0.693147-3.141593j,0.000000
-1.003449+0.000803j,0.693148-3.141593j,0.693147-3.141593j,0.000000
-1.003383+0.000884j,0.693148-3.141593j,0.693147-3.141593j,0.000000
-1.003317+0.000965j,0.693148-3.141593j,0.693147-3.141593j,0.000000
-1.003251+0.001046j,0.693148-3.141593j,0.693147-3.141593j,0.000000
-1.003184+0.001126j,0.693148-3.141593j,0.693147-3.141593j,0.000000
-1.003118+0.001207j,0.693148-3.141593j,0.693147-3.141593j,0.000000
-1.003052+0.001288j,0.693148-3.141593j,0.693147-3.141593j,0.000000
-1.002986+0.001368j,0.693148-3.141593j,0.693147-3.141593j,0.000000
-1.002919+0.001449j,0.693148-3.141593j,0.693147-3.141593j,0.000000
-1.002853+0.001530j,0.693148-3.141593j,0.693147-3.141593j,0.000000
-1.002787+0.001610j,0.693148-3.141593j,0.693147-3.141593j,0.000000
-1.002721+0.001691j,0.693148-3.141593j,0.693147-3.141593j,0.000000
-1.002654+0.001771j,0.693148-3.141593j,0.693147-3.141593j,0.000000
-1.002588+0.001852j,0.693148-3.141593j,0.693147-3.141593j,0.000000
-1.002522+0.001933j,0.693148-3.141593j,0.693147-3.141593j,0.000000
-1.002456+0.002013j,0.693148-3.141593j,0.693147-3.141593j,0.000000
-1.002389+0.002094j,0.693148-3.141593j,0.693147-3.141593j,0.000000
-1.002323+0.002174j,0.693148-3.141593j,0.693147-3.141593j,0.000000
-1.002257+0.002255j,0.693148-3.141593j,0.693147-3.141593j,0.000000
-1.002191+0.002335j,0.693148-3.141593j,0.693147-3.141593j,0.000000
-1.002124+0.002416j,0.693148-3.141593j,0.693147-3.141593j,0.000000
-1.002058+0.002496j,0.693148-3.141593j,0.693147-3.141593j,0.000000
-1.001992+0.002577j,0.693148-3.141593j,0.693147-3.141593j,0.000000
-1.001926+0.002657j,0.693148-3.141593j,0.693147-3.141593j,0.000000
-1.001859+0.002738j,0.693148-3.141593j,0.693147-3.141593j,0.000000
-1.001793+0.002818j,0.693148-3.141593j,0.693147-3.141593j,0.000000
-1.001727+0.002899j,0.693148-3.141593j,0.693147-3.141593j,0.000000
-1.001660+0.002979j,0.693148-3.141593j,0.693147-3.141593j,0.000000
-1.001594+0.003060j,0.693148-3.141593j,0.693147-3.141593j,0.000000
-1.001528+0.003140j,0.693148-3.141593j,0.693147-3.141593j,0.000000
-1.001462+0.003221j,0.693148-3.141593j,0.693147-3.141593j,0.000000
-1.001395+0.003301j,0.693148-3.141593j,0.693147-3.141593j,0.000000
-1.001329+0.003381j,0.693148-3.141593j,0.693147-3.141593j,0.000000
-1.001263+0.003462j,0.693148-3.141593j,0.693147-3.141593j,0.000000
-1.001197+0.003542j,0.693148-3.141593j,0.693147-3.141593j,0.000000
-1.001130+0.003623j,0.693148-3.141593j,0.693147-3.141593j,0.000000
-1.001064+0.003703j,0.693148-3.141593j,0.693147-3.141593j,0.000000
-1.000998+0.003783j,0.693148-3.141593j,0.693147-3.141593j,0.000000
-1.000931+0.003864j,0.693148-3.141593j,0.693147-3.141593j,0.000000
-1.000865+0.003944j,0.693148-3.141593j,0.693147-3.141593j,0.000000
-1.000799+0.004024j,0.693148-3.141593j,0.693147-3.141593j,0.000000
-1.000732+0.004105j,0.693148-3.141593j,0.693147-3.141593j,0.000000
-1.000666+0.004185j,0.693148-3.141593j,0.693147-3.141593j,0.000000
-1.000600+0.004265j,0.693148-3.141593j,0.693147-3.141593j,0.000000
-1.000533+0.004345j,0.693148-3.141593j,0.693147-3.141593j,0.000000
-1.000467+0.004426j,0.693148-3.141593j,0.693147-3.141593j,0.000000
-1.000401+0.004506j,0.693148-3.141593j,0.693147-3.141593j,0.000000
-1.000335+0.004586j,0.693148-3.141593j,0.693147-3.141593j,0.000000
-1.000268+0.004666j,0.693148-3.141593j,0.693147-3.141593j,0.000000
-1.000202+0.004747j,0.693148-3.141593j,0.693147-3.141593j,0.000000
-1.000136+0.004827j,0.693148-3.141593j,0.693147-3.141593j,0.000000
-1.000069+0.004907j,0.693148-3.141593j,0.693147-3.141593j,0.000000
-1.000003+0.004987j,0.693148-3.141593j,0.693147-3.141593j,0.000000
-0.999937+0.005067j,0.693148-3.141593j,0.693147-3.141593j,0.000000
-0.999870+0.005148j,0.693148-3.141593j,0.693147-3.141593j,0.000000
-0.999804+0.005228j,0.693148-3.141593j,0.693147-3.141593j,0.000000
-0.999738+0.005308j,0.693148-3.141593j,0.693147-3.141593j,0.000000
-0.999671+0.005388j,0.693148-3.141593j,0.693147-3.141593j,0.000000
-0.999605+0.005468j,0.693148-3.141593j,0.693147-3.141593j,0.000000
-0.999539+0.005548j,0.693148-3.141593j,0.693147-3.141593j,0.000000
-0.999472+0.005628j,0.693148-3.141593j,0.693147-3.141593j,0.000000
-0.999406+0.005709j,0.693148-3.141593j,0.693147-3.141593j,0.000000
-0.999340+0.005789j,0.693148-3.141593j,0.693147-3.141593j,0.000000
-0.999273+0.005869j,0.693148-3.141593j,0.693147-3.141593j,0.000000
-0.999207+0.005949j,0.693148-3.141593j,0.693147-3.141593j,0.000000
-0.999140+0.006029j,0.693148-3.141593j,0.693147-3.141593j,0.000000
-0.999074+0.006109j,0.693148-3.141593j,0.693147-3.141593j,0.000000
-0.999008+0.006189j,0.693148-3.141593j,0.693147-3.141593j,0.000000
-0.998941+0.006269j,0.693148-3.141593j,0.693147-3.141593j,0.000000
-0.998875+0.006349j,0.693148-3.141593j,0.693147-3.141593j,0.000000
-0.998809+0.006429j,0.693148-3.141593j,0.693147-3.141593j,0.000000
-0.998742+0.006509j,0.693148-3.141593j,0.693147-3.141593j,0.000000
-0.998676+0.006589j,0.693148-3.141593j,0.693147-3.141593j,0.000000
-0.998610+0.006669j,0.693148-3.141593j,0.693147-3.141593j,0.000000
-0.998543+0.006749j,0.693148-3.141593j,0.693147-3.141593j,0.000000
-0.998477+0.006829j,0.693148-3.141593j,0.693147-3.141593j,0.000000
-0.998410+0.006909j,0.693148-3.141593j,0.693147-3.141593j,0.000000
-0.998344+0.006989j,0.693148-3.141593j,0.693147-3.141593j,0.000000
-0.998278+0.007068j,0.693148-3.141593j,0.693147-3.141593j,0.000000
-0.998211+0.007148j,0.693148-3.141593j,0.693147-3.141593j,0.000000
-0.998145+0.007228j,0.693148-3.141593j,0.693147-3.141593j,0.000000
-0.998079+0.007308j,0.693148-3.141593j,0.693147-3.141593j,0.000000
-0.998012+0.007388j,0.693148-3.141593j,0.693147-3.141593j,0.000000
-0.997946+0.007468j,0.693148-3.141593j,0.693147-3.141593j,0.000000
-0.997879+0.007548j,0.693148-3.141593j,0.693147-3.141593j,0.000000
-0.997813+0.007628j,0.693148-3.141593j,0.693147-3.141593j,0.000000
-0.997747+0.007707j,0.693148-3.141593j,0.693147-3.141593j,0.000000
-0.997680+0.007787j,0.693148-3.141593j,0.693147-3.141593j,0.000000
-0.997614+0.007867j,0.693148-3.141593j,0.693147-3.141593j,0.000000
-0.997547+0.007947j,0.693148-3.141593j,0.693147-3.141593j,0.000000
-0.997481+0.008027j,0.693148-3.141593j,0.693147-3.141593j,0.000000
-0.997415+0.008106j,0.693148-3.141593j,0.693147-3.141593j,0.000000
-0.997348+0.008186j,0.693148-3.141593j,0.693147-3.141593j,0.000000
-0.997282+0.008266j,0.693148-3.141593j,0.693147-3.141593j,0.000000
-0.997215+0.008346j,0.693148-3.141593j,0.693147-3.141593j,0.000000
-0.997149+0.008425j,0.693148-3.141593j,0.693147-3.141593j,0.000000
-0.997082+0.008505j,0.693148-3.141593j,0.693147-3.141593j,0.000000
-0.997016+0.008585j,0.693148-3.141593j,0.693147-3.141593j,0.000000
-0.996950+0.008664j,0.693148-3.141593j,0.693147-3.141593j,0.000000
-0.996883+0.008744j,0.693148-3.141593j,0.693147-3.141593j,0.000000
-0.996817+0.008824j,0.693148-3.141593j,0.693147-3.141593j,0.000000
-0.996750+0.008904j,0.693148-3.141593j,0.693147-3.141593j,0.000000
-0.996684+0.008983j,0.693148-3.141593j,0.693147-3.141593j,0.000000
-0.996617+0.009063j,0.693148-3.141593j,0.693147-3.141593j,0.000000
-0.996551+0.009142j,0.693148-3.141593j,0.693147-3.141593j,0.000000
-0.996485+0.009222j,0.693148-3.141593j,0.693147-3.141593j,0.000000
-0.996418+0.009302j,0.693148-3.141593j,0.693147-3.141593j,0.000000
-0.996352+0.009381j,0.693148-3.141593j,0.693147-3.141593j,0.000000
-0.996285+0.009461j,0.693148-3.141593j,0.693147-3.141593j,0.000000
-0.996219+0.009540j,0.693148-3.141593j,0.693147-3.141593j,0.000000
-0.996152+0.009620j,0.693148-3.141593j,0.693147-3.141593j,0.000000
-0.996086+0.009700j,0.693148-3.141593j,0.693147-3.141593j,0.000000
-0.996020+0.009779j,0.693148-3.141593j,0.693147-3.141593j,0.000000
-0.995953+0.009859j,0.693148-3.141593j,0.693147-3.141593j,0.000000
-0.995887+0.009938j,0.693148-3.141593j,0.693147-3.141593j,0.000000
-0.995820+0.010018j,0.693148-3.141593j,0.693147-3.141593j,0.000000
-0.995754+0.010097j,0.693148-3.141593j,0.693147-3.141593j,0.000000
-0.995687+0.010177j,0.693148-3.141593j,0.693147-3.141593j,0.000000
-0.995621+0.010256j,0.693148-3.141593j,0.693147-3.141593j,0.000000
-0.995554+0.010336j,0.693148-3.141593j,0.693147-3.141593j,0.000000
-0.995488+0.010415j,0.693148-3.141593j,0.693147-3.141593j,0.000000
-0.995421+0.010495j,0.693148-3.141593j,0.693147-3.141593j,0.000000
-0.995355+0.010574j,0.693148-3.141593j,0.693147-3.141593j,0.000000
-0.995289+0.010653j,0.693148-3.141593j,0.693147-3.141593j,0.000000
-0.995222+0.010733j,0.693148-3.141593j,0.693147-3.141593j,0.000000
-0.995156+0.010812j,0.693148-3.141593j,0.693147-3.141593j,0.000000
-0.995089+0.010892j,0.693148-3.141593j,0.693147-3.141593j,0.000000
-0.995023+0.010971j,0.693148-3.141593j,0.693147-3.141593j,0.000000
-0.994956+0.011050j,0.693148-3.141593j,0.693147-3.141593j,0.000000
-0.994890+0.011130j,0.693148-3.141593j,0.693147-3.141593j,0.000000
-0.994823+0.011209j,0.693148-3.141593j,0.693147-3.141593j,0.000000
-0.994757+0.011288j,0.693148-3.141593j,0.693147-3.141593j,0.000000
-0.994690+0.011368j,0.693148-3.141593j,0.693147-3.141593j,0.000000
-0.994624+0.011447j,0.693148-3.141593j,0.693147-3.141593j,0.000000
-0.994557+0.011526j,0.693148-3.141593j,0.693147-3.141593j,0.000000
-0.994491+0.011606j,0.693148-3.141593j,0.693147-3.141593j,0.000000
-0.994425+0.011685j,0.693148-3.141593j,0.693147-3.141593j,0.000000
-0.994358+0.011764j,0.693148-3.141593j,0.693147-3.141593j,0.000000
-0.994292+0.011843j,0.693148-3.141593j,0.693147-3.141593j,0.000000
-0.994225+0.011923j,0.693148-3.141593j,0.693147-3.141593j,0.000000
-0.994159+0.012002j,0.693148-3.141593j,0.693147-3.141593j,0.000000
-0.994092+0.012081j,0.693148-3.141593j,0.693147-3.141593j,0.000000
-0.994026+0.012160j,0.693148-3.141593j,0.693147-3.141593j,0.000000
-0.993959+0.012240j,0.693148-3.141593j,0.693147-3.141593j,0.000000
-0.993893+0.012319j,0.693148-3.141593j,0.693147-3.141593j,0.000000
-0.993826+0.012398j,0.693148-3.141593j,0.693147-3.141593j,0.000000
-0.993760+0.012477j,0.693148-3.141593j,0.693147-3.141593j,0.000000
-0.993694+0.012556j,0.693148-3.141593j,0.693147-3.141593j,0.000000
-0.993627+0.012635j,0.693148-3.141593j,0.693147-3.141593j,0.000000
-0.993561+0.012715j,0.693148-3.141593j,0.693147-3.141593j,0.000000
-0.993494+0.012794j,0.693148-3.141593j,0.693147-3.141593j,0.000000
-0.993428+0.012873j,0.693148-3.141593j,0.693147-3.141593j,0.000000
-0.993361+0.012952j,0.693148-3.141593j,0.693147-3.141593j,0.000000
-0.993295+0.013031j,0.693148-3.141593j,0.693147-3.141593j,0.000000
-0.993229+0.013110j,0.693148-3.141593j,0.693147-3.141593j,0.000000
-0.993162+0.013189j,0.693148-3.141593j,0.693147-3.141593j,0.000000
-0.993096+0.013268j,0.693148-3.141593j,0.693147-3.141593j,0.000000
-0.993029+0.013347j,0.693148-3.141593j,0.693147-3.141593j,0.000000
-0.992963+0.013426j,0.693148-3.141593j,0.693147-3.141593j,0.000000
-0.992897+0.013505j,0.693148-3.141593j,0.693147-3.141593j,0.000000
-0.992830+0.013585j,0.693148-3.141593j,0.693147-3.141593j,0.000000
-0.992764+0.013664j,0.693148-3.141593j,0.693147-3.141593j,0.000000
-0.992697+0.013743j,0.693148-3.141593j,0.693147-3.141593j,0.000000
-0.992631+0.013822j,0.693148-3.141593j,0.693147-3.141593j,0.000000
-0.992565+0.013901j,0.693148-3.141593j,0.693147-3.141593j,0.000000
-0.992498+0.013980j,0.693148-3.141593j,0.693147-3.141593j,0.000000
-0.992432+0.014059j,0.693148-3.141593j,0.693147-3.141593j,0.000000
-0.992366+0.014138j,0.693148-3.141593j,0.693147-3.141593j,0.000000
-0.992299+0.014216j,0.693148-3.141593j,0.693147-3.141593j,0.000000
-0.992233+0.014295j,0.693148-3.141593j,0.693147-3.141593j,0.000000
-0.992167+0.014374j,0.693148-3.141593j,0.693147-3.141593j,0.000000
-0.992100+0.014453j,0.693148-3.141593j,0.693147-3.141593j,0.000000
-0.992034+0.014532j,0.693148-3.141593j,0.693147-3.141593j,0.000000
-0.991968+0.014611j,0.693148-3.141593j,0.693147-3.141593j,0.000000
-0.991902+0.014690j,0.693148-3.141593j,0.693147-3.141593j,0.000000
-0.991835+0.014769j,0.693148-3.141593j,0.693147-3.141593j,0.000000
-0.991769+0.014848j,0.693148-3.141593j,0.693147-3.141593j,0.000000
-0.991703+0.014927j,0.693148-3.141593j,0.693147-3.141593j,0.000000
-0.991637+0.015006j,0.693148-3.141593j,0.693147-3.141593j,0.000000
-0.991571+0.015085j,0.693148-3.141593j,0.693147-3.141593j,0.000000
-0.991505+0.015164j,0.693148-3.141593j,0.693147-3.141593j,0.000000
-0.991438+0.015242j,0.693148-3.141593j,0.693147-3.141593j,0.000000
-0.991372+0.015321j,0.693148-3.141593j,0.693147-3.141593j,0.000000
-0.991306+0.015400j,0.693148-3.141593j,0.693147-3.141593j,0.000000
-0.991240+0.015479j,0.693148-3.141593j,0.693147-3.141593j,0.000000
-0.991174+0.015558j,0.693148-3.141593j,0.693147-3.141593j,0.000000
-0.991108+0.015637j,0.693148-3.141593j,0.693147-3.141593j,0.000000
-0.991042+0.015716j,0.693148-3.141593j,0.693147-3.141593j,0.000000
-0.990976+0.015795j,0.693148-3.141593j,0.693147-3.141593j,0.000000
-0.990910+0.015873j,0.693148-3.141593j,0.693147-3.141593j,0.000000
-0.990844+0.015952j,0.693148-3.141593j,0.693147-3.141593j,0.000000
-0.990778+0.016031j,0.693148-3.141593j,0.693147-3.141593j,0.000000
-0.990712+0.016110j,0.693148-3.141593j,0.693147-3.141593j,0.000000
-0.990647+0.016189j,0.693148-3.141593j,0.693147-3.141593j,0.000000
-0.990581+0.016268j,0.693148-3.141593j,0.693147-3.141593j,0.000000
-0.990515+0.016347j,0.693148-3.141593j,0.693147-3.141593j,0.000000
-0.990449+0.016426j,0.693148-3.141593j,0.693147-3.141593j,0.000000
-0.990384+0.016504j,0.693148-3.141593j,0.693147-3.141593j,0.000000
-0.990318+0.016583j,0.693148-3.141593j,0.693147-3.141593j,0.000000
-0.990252+0.016662j,0.693148-3.141593j,0.693147-3.141593j,0.000000
-0.990187+0.016741j,0.693148-3.141593j,0.693147-3.141593j,0.000000
-0.990121+0.016820j,0.693148-3.141593j,0.693147-3.141593j,0.000000
-0.990056+0.016899j,0.693148-3.141593j,0.693147-3.141593j,0.000000
-0.989990+0.016978j,0.693148-3.141593j,0.693147-3.141593j,0.000000
-0.989925+0.017057j,0.693148-3.141593j,0.693147-3.141593j,0.000000
-0.989859+0.017136j,0.693148-3.141593j,0.693147-3.141593j,0.000000
-0.989794+0.017215j,0.693148-3.141593j,0.693147-3.141593j,0.000000
-0.989729+0.017294j,0.693148-3.141593j,0.693147-3.141593j,0.000000
-0.989663+0.017373j,0.693148-3.141593j,0.693147-3.141593j,0.000000
-0.989598+0.017452j,0.693148-3.141593j,0.693147-3.141593j,0.000000
-0.989533+0.017531j,0.693148-3.141593j,0.693147-3.141593j,0.000000
-0.989468+0.017610j,0.693148-3.141593j,0.693147-3.141593j,0.000000
-0.989403+0.017689j,0.693148-3.141593j,0.693147-3.141593j,0.000000
-0.989338+0.017768j,0.693148-3.141593j,0.693147-3.141593j,0.000000
-0.989273+0.017847j,0.693148-3.141593j,0.693147-3.141593j,0.000000
-0.989208+0.017926j,0.693148-3.141593j,0.693147-3.141593j,0.000000
-0.989144+0.018006j,0.693148-3.141593j,0.693147-3.141593j,0.000000
-0.989079+0.018085j,0.693148-3.141593j,0.693147-3.141593j,0.000000
-0.989014+0.018164j,0.693148-3.141593j,0.693147-3.141593j,0.000000
-0.988950+0.018243j,0.693148-3.141593j,0.693147-3.141593j,0.000000
-0.988885+0.018323j,0.693148-3.141593j,0.693147-3.141593j,0.000000
-0.988821+0.018402j,0.693148-3.141593j,0.693147-3.141593j,0.000000
-0.988757+0.018481j,0.693148-3.141593j,0.693147-3.141593j,0.000000
-0.988692+0.018561j,0.693148-3.141593j,0.693147-3.141593j,0.000000
-0.988628+0.018640j,0.693148-3.141593j,0.693147-3.141593j,0.000000
-0.988564+0.018720j,0.693148-3.141593j,0.693147-3.141593j,0.000000
-0.988500+0.018799j,0.693148-3.141593j,0.693147-3.141593j,0.000000
-0.988436+0.018879j,0.693148-3.141593j,0.693147-3.141593j,0.000000
-0.988373+0.018958j,0.693148-3.141593j,0.693147-3.141593j,0.000000
-0.988309+0.019038j,0.693148-3.141593j,0.693147-3.141593j,0.000000
-0.988245+0.019117j,0.693148-3.141593j,0.693147-3.141593j,0.000000
-0.988182+0.019197j,0.693148-3.141593j,0.693147-3.141593j,0.000000
-0.988119+0.019277j,0.693148-3.141593j,0.693147-3.141593j,0.000000
-0.988055+0.019357j,0.693148-3.141593j,0.693147-3.141593j,0.000000
-0.987992+0.019437j,0.693148-3.141593j,0.693147-3.141593j,0.000000
-0.987929+0.019517j,0.693148-3.141593j,0.693147-3.141593j,0.000000
-0.987866+0.019597j,0.693148-3.141593j,0.693147-3.141593j,0.000000
-0.987804+0.019677j,0.693148-3.141593j,0.693147-3.141593j,0.000000
-0.987741+0.019757j,0.693148-3.141593j,0.693147-3.141593j,0.000000
-0.987679+0.019837j,0.693148-3.141593j,0.693147-3.141593j,0.000000
-0.987616+0.019917j,0.693148-3.141593j,0.693147-3.141593j,0.000000
-0.987554+0.019997j,0.693148-3.141593j,0.693147-3.141593j,0.000000
-0.987492+0.020078j,0.693148-3.141593j,0.693147-3.141593j,0.000000
-0.987430+0.020158j,0.693148-3.141593j,0.693147-3.141593j,0.000000
-0.987369+0.020239j,0.693148-3.141593j,0.693147-3.141593j,0.000000
-0.987307+0.020319j,0.693148-3.141593j,0.693147-3.141593j,0.000000
-0.987246+0.020400j,0.693148-3.141593j,0.693147-3.141593j,0.000000
-0.987185+0.020481j,0.693148-3.141593j,0.693147-3.141593j,0.000000
-0.987124+0.020561j,0.693148-3.141593j,0.693147-3.141593j,0.000000
-0.987063+0.020642j,0.693148-3.141593j,0.693147-3.141593j,0.000000
-0.987002+0.020723j,0.693148-3.141593j,0.693147-3.141593j,0.000000
-0.986942+0.020804j,0.693148-3.141593j,0.693147-3.141593j,0.000000
-0.986881+0.020885j,0.693148-3.141593j,0.693147-3.141593j,0.000000
-0.986822+0.020966j,0.693148-3.141593j,0.693147-3.141593j,0.000000
-0.986762+0.021048j,0.693148-3.141593j,0.693147-3.141593j,0.000000
-0.986702+0.021129j,0.693148-3.141593j,0.693147-3.141593j,0.000000
-0.986643+0.021211j,0.693148-3.141593j,0.693147-3.141593j,0.000000
-0.986584+0.021292j,0.693148-3.141593j,0.693147-3.141593j,0.000000
-0.986525+0.021374j,0.693148-3.141593j,0.693147-3.141593j,0.000000
-0.986466+0.021455j,0.693148-3.141593j,0.693147-3.141593j,0.000000
-0.986408+0.021537j,0.693148-3.141593j,0.693147-3.141593j,0.000000
-0.986350+0.021619j,0.693148-3.141593j,0.693147-3.141593j,0.000000
-0.986292+0.021701j,0.693148-3.141593j,0.693147-3.141593j,0.000000
-0.986235+0.021783j,0.693148-3.141593j,0.693147-3.141593j,0.000000
-0.986178+0.021865j,0.693148-3.141593j,0.693147-3.141593j,0.000000
-0.986121+0.021947j,0.693148-3.141593j,0.693147-3.141593j,0.000000
-0.986064+0.022030j,0.693148-3.141593j,0.693147-3.141593j,0.000000
-0.986008+0.022112j,0.693148-3.141593j,0.693147-3.141593j,0.000000
-0.985952+0.022194j,0.693148-3.141593j,0.693147-3.141593j,0.000000
-0.985896+0.022277j,0.693148-3.141593j,0.693147-3.141593j,0.000000
-0.985841+0.022359j,0.693148-3.141593j,0.693147-3.141593j,0.000000
-0.985786+0.022442j,0.693148-3.141593j,0.693147-3.141593j,0.000000
-0.985731+0.022525j,0.693148-3.141593j,0.693147-3.141593j,0.000000
-0.985677+0.022608j,0.693148-3.141593j,0.693147-3.141593j,0.000000
-0.985623+0.022691j,0.693148-3.141593j,0.693147-3.141593j,0.000000
-0.985570+0.022773j,0.693148-3.141593j,0.693147-3.141593j,0.000000
-0.985517+0.022856j,0.693148-3.141593j,0.693147-3.141593j,0.000000
-0.985464+0.022939j,0.693148-3.141593j,0.693147-3.141593j,0.000000
-0.985412+0.023023j,0.693148-3.141593j,0.693147-3.141593j,0.000000
-0.985360+0.023106j,0.693148-3.141593j,0.693147-3.141593j,0.000000
-0.985309+0.023189j,0.693148-3.141593j,0.693147-3.141593j,0.000000
-0.985258+0.023272j,0.693148-3.141593j,0.693147-3.141593j,0.000000
-0.985207+0.023355j,0.693148-3.141593j,0.693147-3.141593j,0.000000
-0.985157+0.023438j,0.693148-3.141593j,0.693147-3.141593j,0.000000
-0.985107+0.023521j,0.693148-3.141593j,0.693147-3.141593j,0.000000
-0.985058+0.023605j,0.693148-3.141593j,0.693147-3.141593j,0.000000
-0.985010+0.023688j,0.693148-3.141593j,0.693147-3.141593j,0.000000
-0.984961+0.023771j,0.693148-3.141593j,0.693147-3.141593j,0.000000
-0.984913+0.023854j,0.693148-3.141593j,0.693147-3.141593j,0.000000
-0.984866+0.023937j,0.693148-3.141593j,0.693147-3.141593j,0.000000
-0.984819+0.024020j,0.693148-3.141593j,0.693147-3.141593j,0.000000
-0.984773+0.024103j,0.693148-3.141593j,0.693147-3.141593j,0.000000
-0.984727+0.024186j,0.693148-3.141593j,0.693147-3.141593j,0.000000
-0.984682+0.024269j,0.693148-3.141593j,0.693147-3.141593j,0.000000
-0.984637+0.024352j,0.693148-3.141593j,0.693147-3.141593j,0.000000
-0.984593+0.024435j,0.693148-3.141593j,0.693147-3.141593j,0.000000
-0.984549+0.024517j,0.693148-3.141593j,0.693147-3.141593j,0.000000
-0.984506+0.024600j,0.693148-3.141593j,0.693147-3.141593j,0.000000
-0.984463+0.024682j,0.693148-3.141593j,0.693147-3.141593j,0.000000
-0.984421+0.024764j,0.693148-3.141593j,0.693147-3.141593j,0.000000
-0.984380+0.024846j,0.693148-3.141593j,0.693147-3.141593j,0.000000
-0.984338+0.024928j,0.693148-3.141593j,0.693147-3.141593j,0.000000
-0.984298+0.025010j,0.693148-3.141593j,0.693147-3.141593j,0.000000
-0.984258+0.025091j,0.693148-3.141593j,0.693147-3.141593j,0.000000
-0.984218+0.025172j,0.693148-3.141593j,0.693147-3.141593j,0.000000
-0.984179+0.025254j,0.693148-3.141593j,0.693147-3.141593j,0.000000
-0.984140+0.025334j,0.693148-3.141593j,0.693147-3.141593j,0.000000
-0.984102+0.025415j,0.693148-3.141593j,0.693147-3.141593j,0.000000
-0.984065+0.025495j,0.693148-3.141593j,0.693147-3.141593j,0.000000
-0.984028+0.025576j,0.693148-3.141593j,0.693147-3.141593j,0.000000
-0.983991+0.025656j,0.693148-3.141593j,0.693147-3.141593j,0.000000
-0.983955+0.025735j,0.693148-3.141593j,0.693147-3.141593j,0.000000
-0.983920+0.025815j,0.693148-3.141593j,0.693147-3.141592j,0.000000
-0.983885+0.025894j,0.693148-3.141593j,0.693147-3.141592j,0.000000
-0.983850+0.025973j,0.693148-3.141593j,0.693147-3.141592j,0.000000
-0.983816+0.026051j,0.693148-3.141593j,0.693147-3.141592j,0.000000
-0.983782+0.026129j,0.693148-3.141593j,0.693147-3.141592j,0.000000
-0.983749+0.026207j,0.693148-3.141593j,0.693147-3.141592j,0.000000
-0.983716+0.026285j,0.693148-3.141593j,0.693147-3.141592j,0.000000
-0.983684+0.026362j,0.693148-3.141593j,0.693147-3.141592j,0.000000
-0.983652+0.026439j,0.693148-3.141593j,0.693147-3.141592j,0.000000
-0.983621+0.026515j,0.693148-3.141593j,0.693147-3.141592j,0.000000
-0.983590+0.026592j,0.693148-3.141593j,0.693147-3.141592j,0.000000
-0.983559+0.026667j,0.693148-3.141593j,0.693147-3.141592j,0.000000
-0.983529+0.026743j,0.693148-3.141593j,0.693147-3.141592j,0.000000
-0.983499+0.026818j,0.693148-3.141593j,0.693147-3.141592j,0.000000
-0.983470+0.026893j,0.693148-3.141593j,0.693147-3.141592j,0.000000
-0.983441+0.026967j,0.693148-3.141593j,0.693147-3.141592j,0.000000
-0.983412+0.027041j,0.693148-3.141593j,0.693147-3.141592j,0.000000
-0.983384+0.027115j,0.693148-3.141593j,0.693147-3.141592j,0.000000
-0.983356+0.027188j,0.693148-3.141593j,0.693147-3.141592j,0.000000
-0.983329+0.027261j,0.693148-3.141593j,0.693147-3.141592j,0.000000
-0.983301+0.027334j,0.693148-3.141593j,0.693147-3.141592j,0.000000
-0.983274+0.027406j,0.693148-3.141593j,0.693147-3.141592j,0.000000
-0.983248+0.027478j,0.693148-3.141593j,0.693147-3.141592j,0.000000
-0.983222+0.027549j,0.693148-3.141593j,0.693147-3.141592j,0.000000
-0.983196+0.027620j,0.693148-3.141593j,0.693147-3.141592j,0.000000
-0.983170+0.027691j,0.693148-3.141593j,0.693147-3.141592j,0.000000
-0.983145+0.027761j,0.693148-3.141593j,0.693147-3.141592j,0.000000
-0.983120+0.027831j,0.693148-3.141593j,0.693147-3.141592j,0.000000
-0.983095+0.027901j,0.693148-3.141593j,0.693147-3.141592j,0.000000
-0.983071+0.027970j,0.693148-3.141593j,0.693147-3.141592j,0.000000
-0.983047+0.028038j,0.693148-3.141593j,0.693147-3.141592j,0.000000
-0.983023+0.028107j,0.693148-3.141593j,0.693147-3.141592j,0.000000
-0.982999+0.028175j,0.693148-3.141593j,0.693147-3.141592j,0.000000
-0.982976+0.028242j,0.693148-3.141593j,0.693147-3.141592j,0.000000
-0.982953+0.028310j,0.693148-3.141593j,0.693147-3.141592j,0.000000
-0.982930+0.028376j,0.693148-3.141593j,0.693147-3.141592j,0.000000
-0.982907+0.028443j,0.693148-3.141593j,0.693147-3.141592j,0.000000
-0.982885+0.028509j,0.693148-3.141593j,0.693147-3.141592j,0.000000
-0.982863+0.028575j,0.693148-3.141593j,0.693147-3.141592j,0.000000
-0.982841+0.028640j,0.693148-3.141593j,0.693147-3.141592j,0.000000
-0.982819+0.028705j,0.693148-3.141593j,0.693147-3.141592j,0.000000
-0.982798+0.028769j,0.693148-3.141593j,0.693147-3.141592j,0.000000
-0.982776+0.028834j,0.693148-3.141593j,0.693147-3.141592j,0.000000
-0.982755+0.028898j,0.693148-3.141593j,0.693146-3.141592j,0.000000
-0.982734+0.028961j,0.693148-3.141593j,0.693146-3.141592j,0.000000
-0.982714+0.029024j,0.693148-3.141593j,0.693146-3.141592j,0.000000
-0.982693+0.029087j,0.693148-3.141593j,0.693146-3.141592j,0.000000
-0.982673+0.029149j,0.693148-3.141593j,0.693146-3.141592j,0.000000
-0.982653+0.029212j,0.693148-3.141593j,0.693146-3.141592j,0.000000
-0.982633+0.029273j,0.693148-3.141593j,0.693146-3.141592j,0.000000
-0.982613+0.029335j,0.693148-3.141593j,0.693146-3.141592j,0.000000
-0.982593+0.029396j,0.693148-3.141593j,0.693146-3.141592j,0.000000
-0.982574+0.029456j,0.693148-3.141593j,0.693146-3.141592j,0.000000
-0.982554+0.029517j,0.693148-3.141593j,0.693146-3.141592j,0.000000
-0.982535+0.029577j,0.693148-3.141593j,0.693146-3.141592j,0.000000
-0.982516+0.029637j,0.693148-3.141593j,0.693146-3.141592j,0.000000
-0.982497+0.029696j,0.693148-3.141593j,0.693146-3.141592j,0.000000
-0.982478+0.029755j,0.693148-3.141593j,0.693146-3.141592j,0.000000
-0.982460+0.029814j,0.693148-3.141593j,0.693146-3.141592j,0.000000
-0.982441+0.029872j,0.693148-3.141593j,0.693146-3.141592j,0.000000
-0.982423+0.029930j,0.693148-3.141593j,0.693146-3.141592j,0.000000
-0.982405+0.029988j,0.693148-3.141593j,0.693146-3.141592j,0.000000
-0.982386+0.030045j,0.693148-3.141593j,0.693146-3.141592j,0.000000
-0.982368+0.030103j,0.693148-3.141593j,0.693146-3.141592j,0.000000
-0.982351+0.030159j,0.693148-3.141593j,0.693146-3.141592j,0.000000
-0.982333+0.030216j,0.693148-3.141593j,0.693146-3.141592j,0.000000
-0.982315+0.030272j,0.693148-3.141593j,0.693146-3.141592j,0.000000
-0.982298+0.030328j,0.693148-3.141593j,0.693146-3.141592j,0.000000
-0.982280+0.030384j,0.693148-3.141593j,0.693146-3.141592j,0.000000
-0.982263+0.030439j,0.693148-3.141593j,0.693146-3.141592j,0.000000
-0.982246+0.030494j,0.693148-3.141593j,0.693146-3.141592j,0.000000
-0.982229+0.030549j,0.693148-3.141593j,0.693146-3.141592j,0.000000
-0.982212+0.030603j,0.693148-3.141593j,0.693146-3.141592j,0.000000
-0.982195+0.030657j,0.693148-3.141593j,0.693146-3.141592j,0.000000
-0.982178+0.030711j,0.693148-3.141593j,0.693146-3.141592j,0.000000
-0.982162+0.030765j,0.693148-3.141593j,0.693146-3.141592j,0.000000
-0.982145+0.030818j,0.693148-3.141593j,0.693146-3.141592j,0.000000
-0.982129+0.030871j,0.693148-3.141593j,0.693146-3.141592j,0.000000
-0.982112+0.030924j,0.693148-3.141593j,0.693146-3.141592j,0.000000
-0.982096+0.030977j,0.693148-3.141593j,0.693146-3.141592j,0.000000
-0.982080+0.031029j,0.693148-3.141593j,0.693146-3.141592j,0.000000
-0.982064+0.031081j,0.693148-3.141593j,0.693146-3.141592j,0.000000
-0.982048+0.031132j,0.693148-3.141593j,0.693146-3.141592j,0.000000
-0.982032+0.031184j,0.693148-3.141593j,0.693146-3.141592j,0.000000
-0.982016+0.031235j,0.693148-3.141593j,0.693146-3.141592j,0.000000
-0.982000+0.031286j,0.693148-3.141593j,0.693146-3.141592j,0.000000
-0.981984+0.031337j,0.693148-3.141593j,0.693146-3.141592j,0.000000
-0.981969+0.031387j,0.693148-3.141593j,0.693146-3.141592j,0.000000
-0.981953+0.031437j,0.693148-3.141593j,0.693146-3.141592j,0.000000
-0.981938+0.031487j,0.693148-3.141593j,0.693146-3.141592j,0.000000
-0.981922+0.031537j,0.693148-3.141593j,0.693146-3.141592j,0.000000
-0.981907+0.031586j,0.693148-3.141593j,0.693146-3.141592j,0.000000
-0.981892+0.031636j,0.693148-3.141593j,0.693146-3.141592j,0.000000
-0.981877+0.031685j,0.693148-3.141593j,0.693146-3.141592j,0.000000
-0.981862+0.031733j,0.693148-3.141593j,0.693146-3.141592j,0.000000
-0.981846+0.031782j,0.693148-3.141593j,0.693146-3.141592j,0.000000
-0.981831+0.031830j,0.693148-3.141593j,0.693146-3.141592j,0.000000
-0.981817+0.031878j,0.693148-3.141593j,0.693146-3.141592j,0.000000
-0.981802+0.031926j,0.693148-3.141593j,0.693146-3.141592j,0.000000
-0.981787+0.031974j,0.693148-3.141593j,0.693146-3.141592j,0.000000
-0.981772+0.032021j,0.693148-3.141593j,0.693146-3.141592j,0.000000
-0.981758+0.032068j,0.693148-3.141593j,0.693146-3.141592j,0.000000
-0.981743+0.032115j,0.693148-3.141593j,0.693146-3.141592j,0.000000
-0.981728+0.032162j,0.693148-3.141593j,0.693146-3.141592j,0.000000
-0.981714+0.032208j,0.693148-3.141593j,0.693146-3.141592j,0.000000
-0.981700+0.032255j,0.693148-3.141593j,0.693146-3.141592j,0.000000
-0.981685+0.032301j,0.693148-3.141593j,0.693146-3.141592j,0.000000
-0.981671+0.032347j,0.693148-3.141593j,0.693146-3.141592j,0.000000
-0.981657+0.032392j,0.693148-3.141593j,0.693146-3.141592j,0.000000
-0.981642+0.032438j,0.693148-3.141593j,0.693146-3.141592j,0.000000
-0.981628+0.032483j,0.693148-3.141593j,0.693146-3.141592j,0.000000
-0.981614+0.032528j,0.693148-3.141593j,0.693146-3.141592j,0.000000
-0.981600+0.032573j,0.693148-3.141593j,0.693146-3.141592j,0.000000
-0.981586+0.032617j,0.693148-3.141593j,0.693146-3.141592j,0.000000
-0.981572+0.032662j,0.693148-3.141593j,0.693146-3.141592j,0.000000
-0.981558+0.032706j,0.693148-3.141593j,0.693146-3.141592j,0.000000
-0.981545+0.032750j,0.693148-3.141593j,0.693146-3.141592j,0.000000
-0.981531+0.032794j,0.693148-3.141593j,0.693146-3.141592j,0.000000
-0.981517+0.032838j,0.693148-3.141593j,0.693146-3.141592j,0.000000
-0.981503+0.032881j,0.693148-3.141593j,0.693146-3.141592j,0.000000
-0.981490+0.032924j,0.693148-3.141593j,0.693146-3.141592j,0.000000
-0.981476+0.032968j,0.693148-3.141593j,0.693146-3.141592j,0.000000
-0.981463+0.033010j,0.693148-3.141593j,0.693146-3.141592j,0.000000
-0.981449+0.033053j,0.693148-3.141593j,0.693146-3.141592j,0.000000
-0.981436+0.033096j,0.693148-3.141593j,0.693146-3.141592j,0.000000
-0.981422+0.033138j,0.693148-3.141593j,0.693146-3.141592j,0.000000
-0.981409+0.033180j,0.693148-3.141593j,0.693146-3.141592j,0.000000
-0.981396+0.033222j,0.693148-3.141593j,0.693146-3.141592j,0.000000
-0.981382+0.033264j,0.693148-3.141593j,0.693146-3.141592j,0.000000
-0.981369+0.033306j,0.693148-3.141593j,0.693146-3.141592j,0.000000
-0.981356+0.033347j,0.693148-3.141593j,0.693146-3.141592j,0.000000
-0.981343+0.033389j,0.693148-3.141593j,0.693146-3.141592j,0.000000
-0.981330+0.033430j,0.693148-3.141593j,0.693146-3.141592j,0.000000
-0.981317+0.033471j,0.693148-3.141593j,0.693146-3.141592j,0.000000
-0.981304+0.033512j,0.693148-3.141593j,0.693146-3.141592j,0.000000
-0.981291+0.033552j,0.693148-3.141593j,0.693146-3.141592j,0.000000
-0.981278+0.033593j,0.693148-3.141593j,0.693146-3.141592j,0.000000
-0.981265+0.033633j,0.693148-3.141593j,0.693146-3.141592j,0.000000
-0.981252+0.033673j,0.693148-3.141593j,0.693146-3.141592j,0.000000
-0.981239+0.033713j,0.693148-3.141593j,0.693146-3.141592j,0.000000
-0.981226+0.033753j,0.693148-3.141593j,0.693146-3.141592j,0.000000
-0.981214+0.033793j,0.693148-3.141593j,0.693146-3.141592j,0.000000
-0.981201+0.033832j,0.693148-3.141593j,0.693146-3.141592j,0.000000
-0.981188+0.033872j,0.693148-3.141593j,0.693146-3.141592j,0.000000
-0.981176+0.033911j,0.693148-3.141593j,0.693146-3.141592j,0.000000
-0.981163+0.033950j,0.693148-3.141593j,0.693146-3.141592j,0.000000
-0.981151+0.033989j,0.693148-3.141593j,0.693146-3.141592j,0.000000
-0.981138+0.034028j,0.693148-3.141593j,0.693146-3.141592j,0.000000
-0.981126+0.034066j,0.693148-3.141593j,0.693146-3.141592j,0.000000
-0.981113+0.034105j,0.693148-3.141593j,0.693146-3.141592j,0.000000
-0.981101+0.034143j,0.693148-3.141593j,0.693146-3.141592j,0.000000
-0.981088+0.034181j,0.693148-3.141593j,0.693146-3.141592j,0.000000
-0.981076+0.034219j,0.693148-3.141593j,0.693146-3.141592j,0.000000
-0.981064+0.034257j,0.693148-3.141593j,0.693146-3.141592j,0.000000
-0.981051+0.034295j,0.693148-3.141593j,0.693146-3.141592j,0.000000
-0.981039+0.034333j,0.693148-3.141593j,0.693146-3.141592j,0.000000
-0.981027+0.034370j,0.693148-3.141593j,0.693146-3.141592j,0.000000
-0.981015+0.034407j,0.693148-3.141593j,0.693146-3.141592j,0.000000
-0.981003+0.034445j,0.693148-3.141593j,0.693146-3.141592j,0.000000
-0.980991+0.034482j,0.693148-3.141593j,0.693146-3.141592j,0.000000
-0.980978+0.034519j,0.693148-3.141593j,0.693146-3.141592j,0.000000
-0.980966+0.034555j,0.693148-3.141593j,0.693146-3.141592j,0.000000
-0.980954+0.034592j,0.693148-3.141593j,0.693146-3.141592j,0.000000
-0.980942+0.034628j,0.693148-3.141593j,0.693146-3.141592j,0.000000
-0.980930+0.034665j,0.693148-3.141593j,0.693146-3.141592j,0.000000
-0.980918+0.034701j,0.693148-3.141593j,0.693146-3.141592j,0.000000
-0.980907+0.034737j,0.693148-3.141593j,0.693146-3.141592j,0.000000
-0.980895+0.034773j,0.693148-3.141593j,0.693146-3.141592j,0.000000
-0.980883+0.034809j,0.693148-3.141593j,0.693146-3.141592j,0.000000
-0.980871+0.034845j,0.693148-3.141593j,0.693146-3.141592j,0.000000
-0.980859+0.034880j,0.693148-3.141593j,0.693146-3.141592j,0.000000
-0.980848+0.034916j,0.693148-3.141593j,0.693146-3.141592j,0.000000
-0.980836+0.034951j,0.693148-3.141593j,0.693146-3.141592j,0.000000
-0.980824+0.034986j,0.693148-3.141593j,0.693146-3.141592j,0.000000
-0.980813+0.035022j,0.693148-3.141593j,0.693146-3.141592j,0.000000
-0.980801+0.035056j,0.693148-3.141593j,0.693146-3.141592j,0.000000
-0.980789+0.035091j,0.693148-3.141593j,0.693146-3.141592j,0.000000
-0.980778+0.035126j,0.693148-3.141593j,0.693146-3.141592j,0.000000
-0.980766+0.035161j,0.693148-3.141593j,0.693146-3.141592j,0.000000
-0.980755+0.035195j,0.693148-3.141593j,0.693146-3.141592j,0.000000
-0.980743+0.035230j,0.693148-3.141593j,0.693146-3.141592j,0.000000
-0.980732+0.035264j,0.693148-3.141593j,0.693146-3.141592j,0.000000
-0.980720+0.035298j,0.693148-3.141593j,0.693146-3.141592j,0.000000
-0.980709+0.035332j,0.693148-3.141593j,0.693146-3.141592j,0.000000
-0.980697+0.035366j,0.693148-3.141593j,0.693146-3.141592j,0.000000
-0.980686+0.035400j,0.693148-3.141593j,0.693146-3.141592j,0.000000
-0.980675+0.035433j,0.693148-3.141593j,0.693146-3.141592j,0.000000
-0.980663+0.035467j,0.693148-3.141593j,0.693146-3.141592j,0.000000
-0.980652+0.035501j,0.693148-3.141593j,0.693146-3.141592j,0.000000
-0.980641+0.035534j,0.693148-3.141593j,0.693146-3.141592j,0.000000
-0.980630+0.035567j,0.693148-3.141593j,0.693146-3.141592j,0.000000
-0.980619+0.035600j,0.693148-3.141593j,0.693146-3.141592j,0.000000
-0.980607+0.035633j,0.693148-3.141593j,0.693146-3.141592j,0.000000
-0.980596+0.035666j,0.693148-3.141593j,0.693146-3.141592j,0.000000
-0.980585+0.035699j,0.693148-3.141593j,0.693146-3.141592j,0.000000
-0.980574+0.035732j,0.693149-3.141593j,0.693146-3.141592j,0.000000
-0.980563+0.035764j,0.693149-3.141593j,0.693146-3.141592j,0.000000
-0.980552+0.035797j,0.693149-3.141593j,0.693146-3.141592j,0.000000
-0.980541+0.035829j,0.693149-3.141593j,0.693146-3.141592j,0.000000
-0.980530+0.035862j,0.693149-3.141593j,0.693146-3.141592j,0.000000
-0.980519+0.035894j,0.693149-3.141593j,0.693146-3.141592j,0.000000
-0.980508+0.035926j,0.693149-3.141593j,0.693146-3.141592j,0.000000
-0.980497+0.035958j,0.693149-3.141593j,0.693146-3.141592j,0.000000
-0.980486+0.035990j,0.693149-3.141593j,0.693146-3.141592j,0.000000
-0.980475+0.036021j,0.693149-3.141593j,0.693146-3.141592j,0.000000
-0.980464+0.036053j,0.693149-3.141593j,0.693146-3.141592j,0.000000
-0.980453+0.036085j,0.693149-3.141593j,0.693146-3.141592j,0.000000
-0.980443+0.036116j,0.693149-3.141593j,0.693146-3.141592j,0.000000
-0.980432+0.036148j,0.693149-3.141593j,0.693146-3.141592j,0.000000
-0.980421+0.036179j,0.693149-3.141593j,0.693146-3.141592j,0.000000
-0.980410+0.036210j,0.693149-3.141593j,0.693146-3.141592j,0.000000
-0.980400+0.036241j,0.693149-3.141593j,0.693146-3.141592j,0.000000
-0.980389+0.036272j,0.693149-3.141593j,0.693146-3.141592j,0.000000
-0.980378+0.036303j,0.693149-3.141593j,0.693146-3.141592j,0.000000
-0.980368+0.036334j,0.693149-3.141593j,0.693146-3.141592j,0.000000
-0.980357+0.036365j,0.693149-3.141593j,0.693146-3.141592j,0.000000
-0.980346+0.036395j,0.693149-3.141593j,0.693146-3.141592j,0.000000
-0.980336+0.036426j,0.693149-3.141593j,0.693146-3.141592j,0.000000
-0.980325+0.036456j,0.693149-3.141593j,0.693146-3.141592j,0.000000
-0.980315+0.036487j,0.693149-3.141593j,0.693146-3.141592j,0.000000
-0.980304+0.036517j,0.693149-3.141593j,0.693146-3.141592j,0.000000
-0.980294+0.036547j,0.693149-3.141593j,0.693146-3.141592j,0.000000
-0.980283+0.036577j,0.693149-3.141593j,0.693146-3.141592j,0.000000
-0.980273+0.036607j,0.693149-3.141593j,0.693146-3.141592j,0.000000
-0.980262+0.036637j,0.693149-3.141593j,0.693146-3.141592j,0.000000
-0.980252+0.036667j,0.693149-3.141593j,0.693146-3.141592j,0.000000
-0.980242+0.036697j,0.693149-3.141593j,0.693146-3.141592j,0.000000
-0.980231+0.036726j,0.693149-3.141593j,0.693146-3.141592j,0.000000
-0.980221+0.036756j,0.693149-3.141593j,0.693146-3.141592j,0.000000
-0.980211+0.036785j,0.693149-3.141593j,0.693146-3.141592j,0.000000
-0.980200+0.036815j,0.693149-3.141593j,0.693146-3.141592j,0.000000
-0.980190+0.036844j,0.693149-3.141593j,0.693146-3.141592j,0.000000
-0.980180+0.036873j,0.693149-3.141593j,0.693146-3.141592j,0.000000
-0.980169+0.036902j,0.693149-3.141593j,0.693146-3.141592j,0.000000
-0.980159+0.036931j,0.693149-3.141593j,0.693146-3.141592j,0.000000
-0.980149+0.036960j,0.693149-3.141593j,0.693146-3.141592j,0.000000
-0.980139+0.036989j,0.693149-3.141593j,0.693146-3.141592j,0.000000
-0.980129+0.037018j,0.693149-3.141593j,0.693146-3.141592j,0.000000
-0.980118+0.037047j,0.693149-3.141593j,0.693146-3.141592j,0.000000
-0.980108+0.037075j,0.693149-3.141593j,0.693146-3.141592j,0.000000
-0.980098+0.037104j,0.693149-3.141593j,0.693146-3.141592j,0.000000
-0.980088+0.037132j,0.693149-3.141593j,0.693146-3.141592j,0.000000
-0.980078+0.037161j,0.693149-3.141593j,0.693146-3.141592j,0.000000
-0.980068+0.037189j,0.693149-3.141593j,0.693146-3.141592j,0.000000
-0.980058+0.037217j,0.693149-3.141593j,0.693146-3.141592j,0.000000
-0.980048+0.037246j,0.693149-3.141593j,0.693146-3.141592j,0.000000
-0.980038+0.037274j,0.693149-3.141593j,0.693146-3.141592j,0.000000
-0.980028+0.037302j,0.693149-3.141593j,0.693146-3.141592j,0.000000
-0.980018+0.037330j,0.693149-3.141593j,0.693146-3.141592j,0.000000
-0.980008+0.037357j,0.693149-3.141593j,0.693146-3.141592j,0.000000
-0.979998+0.037385j,0.693149-3.141593j,0.693146-3.141592j,0.000000
-0.979988+0.037413j,0.693149-3.141593j,0.693146-3.141592j,0.000000
-0.979978+0.037441j,0.693149-3.141593j,0.693146-3.141592j,0.000000
-0.979969+0.037468j,0.693149-3.141593j,0.693146-3.141592j,0.000000
-0.979959+0.037496j,0.693149-3.141593j,0.693146-3.141592j,0.000000
-0.979949+0.037523j,0.693149-3.141593j,0.693146-3.141592j,0.000000
-0.979939+0.037550j,0.693149-3.141593j,0.693146-3.141592j,0.000000
-0.979929+0.037578j,0.693149-3.141593j,0.693146-3.141592j,0.000000
-0.979920+0.037605j,0.693149-3.141593j,0.693146-3.141592j,0.000000
-0.979910+0.037632j,0.693149-3.141593j,0.693146-3.141592j,0.000000
-0.979900+0.037659j,0.693149-3.141593j,0.693146-3.141592j,0.000000
-0.979890+0.037686j,0.693149-3.141593j,0.693146-3.141592j,0.000000
-0.979881+0.037713j,0.693149-3.141593j,0.693146-3.141592j,0.000000
-0.979871+0.037740j,0.693149-3.141593j,0.693146-3.141592j,0.000000
-0.979861+0.037767j,0.693149-3.141593j,0.693146-3.141592j,0.000000
-0.979852+0.037793j,0.693149-3.141593j,0.693146-3.141592j,0.000000
-0.979842+0.037820j,0.693149-3.141593j,0.693146-3.141592j,0.000000
-0.979832+0.037846j,0.693149-3.141593j,0.693146-3.141592j,0.000000
-0.979823+0.037873j,0.693149-3.141593j,0.693146-3.141592j,0.000000
-0.979813+0.037899j,0.693149-3.141593j,0.693146-3.141592j,0.000000
-0.979804+0.037926j,0.693149-3.141593j,0.693146-3.141592j,0.000000
-0.979794+0.037952j,0.693149-3.141593j,0.693146-3.141592j,0.000000
-0.979785+0.037978j,0.693149-3.141593j,0.693146-3.141592j,0.000000
-0.979775+0.038004j,0.693149-3.141593j,0.693146-3.141592j,0.000000
-0.979766+0.038031j,0.693149-3.141593j,0.693146-3.141592j,0.000000
-0.979756+0.038057j,0.693149-3.141593j,0.693146-3.141592j,0.000000
-0.979747+0.038083j,0.693149-3.141593j,0.693146-3.141592j,0.000000
-0.979737+0.038108j,0.693149-3.141593j,0.693146-3.141592j,0.000000
-0.979728+0.038134j,0.693149-3.141593j,0.693146-3.141592j,0.000000
-0.979718+0.038160j,0.693149-3.141593j,0.693146-3.141592j,0.000000
-0.979709+0.038186j,0.693149-3.141593j,0.693146-3.141592j,0.000000
-0.979700+0.038211j,0.693149-3.141593j,0.693145-3.141592j,0.000000
-0.979690+0.038237j,0.693149-3.141593j,0.693145-3.141592j,0.000000
-0.979681+0.038262j,0.693149-3.141593j,0.693145-3.141592j,0.000000
-0.979672+0.038288j,0.693149-3.141593j,0.693145-3.141592j,0.000000
-0.979662+0.038313j,0.693149-3.141593j,0.693145-3.141592j,0.000000
-0.979653+0.038339j,0.693149-3.141593j,0.693145-3.141592j,0.000000
-0.979644+0.038364j,0.693149-3.141593j,0.693145-3.141592j,0.000000
-0.979634+0.038389j,0.693149-3.141593j,0.693145-3.141592j,0.000000
-0.979625+0.038414j,0.693149-3.141593j,0.693145-3.141592j,0.000000
-0.979616+0.038439j,0.693149-3.141593j,0.693145-3.141592j,0.000000
-0.979607+0.038464j,0.693149-3.141593j,0.693145-3.141592j,0.000000
-0.979598+0.038489j,0.693149-3.141593j,0.693145-3.141592j,0.000000
-0.979588+0.038514j,0.693149-3.141593j,0.693145-3.141592j,0.000000
-0.979579+0.038539j,0.693149-3.141593j,0.693145-3.141592j,0.000000
-0.979570+0.038564j,0.693149-3.141593j,0.693145-3.141592j,0.000000
-0.979561+0.038588j,0.693149-3.141593j,0.693145-3.141592j,0.000000
-0.979552+0.038613j,0.693149-3.141593j,0.693145-3.141592j,0.000000
-0.979543+0.038638j,0.693149-3.141593j,0.693145-3.141592j,0.000000
-0.979534+0.038662j,0.693149-3.141593j,0.693145-3.141592j,0.000000
-0.979525+0.038687j,0.693149-3.141593j,0.693145-3.141592j,0.000000
-0.979515+0.038711j,0.693149-3.141593j,0.693145-3.141592j,0.000000
-0.979506+0.038736j,0.693149-3.141593j,0.693145-3.141592j,0.000000
-0.979497+0.038760j,0.693149-3.141593j,0.693145-3.141592j,0.000000
-0.979488+0.038784j,0.693149-3.141593j,0.693145-3.141592j,0.000000
-0.979479+0.038808j,0.693149-3.141593j,0.693145-3.141592j,0.000000
-0.979470+0.038832j,0.693149-3.141593j,0.693145-3.141592j,0.000000
-0.979461+0.038857j,0.693149-3.141593j,0.693145-3.141592j,0.000000
-0.979452+0.038881j,0.693149-3.141593j,0.693145-3.141592j,0.000000
-0.979443+0.038905j,0.693149-3.141593j,0.693145-3.141592j,0.000000
-0.979435+0.038928j,0.693149-3.141593j,0.693145-3.141592j,0.000000
-0.979426+0.038952j,0.693149-3.141593j,0.693145-3.141592j,0.000000
-0.979417+0.038976j,0.693149-3.141593j,0.693145-3.141592j,0.000000
-0.979408+0.039000j,0.693149-3.141593j,0.693145-3.141592j,0.000000
-0.979399+0.039024j,0.693149-3.141593j,0.693145-3.141592j,0.000000
-0.979390+0.039047j,0.693149-3.141593j,0.693145-3.141592j,0.000000
-0.979381+0.039071j,0.693149-3.141593j,0.693145-3.141592j,0.000000
-0.979372+0.039094j,0.693149-3.141593j,0.693145-3.141592j,0.000000
-0.979364+0.039118j,0.693149-3.141593j,0.693145-3.141592j,0.000000
-0.979355+0.039141j,0.693149-3.141593j,0.693145-3.141592j,0.000000
-0.979346+0.039165j,0.693149-3.141593j,0.693145-3.141592j,0.000000
-0.979337+0.039188j,0.693149-3.141593j,0.693145-3.141592j,0.000000
-0.979329+0.039211j,0.693149-3.141593j,0.693145-3.141592j,0.000000
-0.979320+0.039235j,0.693149-3.141593j,0.693145-3.141592j,0.000000
-0.979311+0.039258j,0.693149-3.141593j,0.693145-3.141592j,0.000000
-0.979302+0.039281j,0.693149-3.141593j,0.693145-3.141592j,0.000000
-0.979294+0.039304j,0.693149-3.141593j,0.693145-3.141592j,0.000000
-0.979285+0.039327j,0.693149-3.141593j,0.693145-3.141592j,0.000000
-0.979276+0.039350j,0.693149-3.141593j,0.693145-3.141592j,0.000000
-0.979268+0.039373j,0.693149-3.141593j,0.693145-3.141592j,0.000000
-0.979259+0.039396j,0.693149-3.141593j,0.693145-3.141592j,0.000000
-0.979250+0.039419j,0.693149-3.141593j,0.693145-3.141592j,0.000000
-0.979242+0.039441j,0.693149-3.141593j,0.693145-3.141592j,0.000000
-0.979233+0.039464j,0.693149-3.141593j,0.693145-3.141592j,0.000000
-0.979225+0.039487j,0.693149-3.141593j,0.693145-3.141592j,0.000000
-0.979216+0.039509j,0.693149-3.141593j,0.693145-3.141592j,0.000000
-0.979207+0.039532j,0.693149-3.141593j,0.693145-3.141592j,0.000000
-0.979199+0.039555j,0.693149-3.141593j,0.693145-3.141592j,0.000000
-0.979190+0.039577j,0.693149-3.141593j,0.693145-3.141592j,0.000000
-0.979182+0.039599j,0.693149-3.141593j,0.693145-3.141592j,0.000000
-0.979173+0.039622j,0.693149-3.141593j,0.693145-3.141592j,0.000000
-0.979165+0.039644j,0.693149-3.141593j,0.693145-3.141592j,0.000000
-0.979156+0.039666j,0.693149-3.141593j,0.693145-3.141592j,0.000000
-0.979148+0.039689j,0.693149-3.141593j,0.693145-3.141592j,0.000000
-0.979139+0.039711j,0.693149-3.141593j,0.693145-3.141592j,0.000000
-0.979131+0.039733j,0.693149-3.141593j,0.693145-3.141592j,0.000000
-0.979122+0.039755j,0.693149-3.141593j,0.693145-3.141592j,0.000000
-0.979114+0.039777j,0.693149-3.141593j,0.693145-3.141592j,0.000000
-0.979106+0.039799j,0.693149-3.141593j,0.693145-3.141592j,0.000000
-0.979097+0.039821j,0.693149-3.141593j,0.693145-3.141592j,0.000000
-0.979089+0.039843j,0.693149-3.141593j,0.693145-3.141592j,0.000000
-0.979080+0.039865j,0.693149-3.141593j,0.693145-3.141592j,0.000000
-0.979072+0.039887j,0.693149-3.141593j,0.693145-3.141592j,0.000000
-0.979064+0.039909j,0.693149-3.141593j,0.693145-3.141592j,0.000000
-0.979055+0.039930j,0.693149-3.141593j,0.693145-3.141592j,0.000000
-0.979047+0.039952j,0.693149-3.141593j,0.693145-3.141592j,0.000000
-0.979039+0.039974j,0.693149-3.141593j,0.693145-3.141592j,0.000000
-0.979030+0.039995j,0.693149-3.141593j,0.693145-3.141592j,0.000000
-0.979022+0.040017j,0.693149-3.141593j,0.693145-3.141592j,0.000000
-0.979014+0.040038j,0.693149-3.141593j,0.693145-3.141592j,0.000000
-0.979006+0.040060j,0.693149-3.141593j,0.693145-3.141592j,0.000000
-0.978997+0.040081j,0.693149-3.141593j,0.693145-3.141592j,0.000000
-0.978989+0.040103j,0.693149-3.141593j,0.693145-3.141592j,0.000000
-0.978981+0.040124j,0.693149-3.141593j,0.693145-3.141592j,0.000000
-0.978973+0.040145j,0.693149-3.141593j,0.693145-3.141592j,0.000000
-0.978965+0.040167j,0.693149-3.141593j,0.693145-3.141592j,0.000000
-0.978956+0.040188j,0.693149-3.141593j,0.693145-3.141592j,0.000000
-0.978948+0.040209j,0.693149-3.141593j,0.693145-3.141592j,0.000000
-0.978940+0.040230j,0.693149-3.141593j,0.693145-3.141592j,0.000000
-0.978932+0.040251j,0.693149-3.141593j,0.693145-3.141592j,0.000000
-0.978924+0.040272j,0.693149-3.141593j,0.693145-3.141592j,0.000000
-0.978916+0.040293j,0.693149-3.141593j,0.693145-3.141592j,0.000000
-0.978907+0.040314j,0.693149-3.141593j,0.693145-3.141592j,0.000000
-0.978899+0.040335j,0.693149-3.141593j,0.693145-3.141592j,0.000000
-0.978891+0.040356j,0.693149-3.141593j,0.693145-3.141592j,0.000000
-0.978883+0.040377j,0.693149-3.141593j,0.693145-3.141592j,0.000000
-0.978875+0.040398j,0.693149-3.141593j,0.693145-3.141592j,0.000000
-0.978867+0.040418j,0.693149-3.141593j,0.693145-3.141592j,0.000000
-0.978859+0.040439j,0.693149-3.141593j,0.693145-3.141592j,0.000000
-0.978851+0.040460j,0.693149-3.141593j,0.693145-3.141592j,0.000000
-0.978843+0.040480j,0.693149-3.141593j,0.693145-3.141592j,0.000000
-0.978835+0.040501j,0.693149-3.141593j,0.693145-3.141592j,0.000000
-0.978827+0.040522j,0.693149-3.141593j,0.693145-3.141592j,0.000000
-0.978819+0.040542j,0.693149-3.141593j,0.693145-3.141592j,0.000000
-0.978811+0.040563j,0.693149-3.141593j,0.693145-3.141592j,0.000000
-0.978803+0.040583j,0.693149-3.141593j,0.693145-3.141592j,0.000000
-0.978795+0.040603j,0.693149-3.141593j,0.693145-3.141592j,0.000000
-0.978787+0.040624j,0.693149-3.141593j,0.693145-3.141592j,0.000000
-0.978779+0.040644j,0.693149-3.141593j,0.693145-3.141592j,0.000000
-0.978771+0.040664j,0.693149-3.141593j,0.693145-3.141592j,0.000000
-0.978763+0.040685j,0.693149-3.141593j,0.693145-3.141592j,0.000000
-0.978755+0.040705j,0.693149-3.141593j,0.693145-3.141592j,0.000000
-0.978748+0.040725j,0.693149-3.141593j,0.693145-3.141592j,0.000000
-0.978740+0.040745j,0.693149-3.141593j,0.693145-3.141592j,0.000000
-0.978732+0.040765j,0.693149-3.141593j,0.693145-3.141592j,0.000000
-0.978724+0.040785j,0.693149-3.141593j,0.693145-3.141592j,0.000000
-0.978716+0.040805j,0.693149-3.141593j,0.693145-3.141592j,0.000000
-0.978708+0.040825j,0.693149-3.141593j,0.693145-3.141592j,0.000000
-0.978700+0.040845j,0.693149-3.141593j,0.693145-3.141592j,0.000000
-0.978693+0.040865j,0.693149-3.141593j,0.693145-3.141592j,0.000000
-0.978685+0.040885j,0.693149-3.141593j,0.693145-3.141592j,0.000000
-0.978677+0.040905j,0.693149-3.141593j,0.693145-3.141592j,0.000000
-0.978669+0.040925j,0.693149-3.141593j,0.693145-3.141592j,0.000000
-0.978662+0.040944j,0.693149-3.141593j,0.693145-3.141592j,0.000000
-0.978654+0.040964j,0.693149-3.141593j,0.693145-3.141592j,0.000000
-0.978646+0.040984j,0.693149-3.141593j,0.693145-3.141592j,0.000000
-0.978638+0.041003j,0.693149-3.141593j,0.693145-3.141592j,0.000000
-0.978631+0.041023j,0.693149-3.141593j,0.693145-3.141592j,0.000000
-0.978623+0.041043j,0.693149-3.141593j,0.693145-3.141592j,0.000000
-0.978615+0.041062j,0.693149-3.141593j,0.693145-3.141592j,0.000000
-0.978607+0.041082j,0.693149-3.141593j,0.693145-3.141592j,0.000000
-0.978600+0.041101j,0.693149-3.141593j,0.693145-3.141592j,0.000000
-0.978592+0.041121j,0.693149-3.141593j,0.693145-3.141592j,0.000000
-0.978584+0.041140j,0.693149-3.141593j,0.693145-3.141592j,0.000000
-0.978577+0.041159j,0.693149-3.141593j,0.693145-3.141592j,0.000000
-0.978569+0.041179j,0.693149-3.141593j,0.693145-3.141592j,0.000000
-0.978561+0.041198j,0.693149-3.141593j,0.693145-3.141592j,0.000000
-0.978554+0.041217j,0.693149-3.141593j,0.693145-3.141592j,0.000000
-0.978546+0.041236j,0.693149-3.141593j,0.693145-3.141592j,0.000000
-0.978539+0.041256j,0.693149-3.141593j,0.693145-3.141592j,0.000000
-0.978531+0.041275j,0.693149-3.141593j,0.693145-3.141592j,0.000000
-0.978523+0.041294j,0.693149-3.141593j,0.693145-3.141592j,0.000000
-0.978516+0.041313j,0.693149-3.141593j,0.693145-3.141592j,0.000000
-0.978508+0.041332j,0.693149-3.141593j,0.693145-3.141592j,0.000000
-0.978501+0.041351j,0.693149-3.141593j,0.693145-3.141592j,0.000000
-0.978493+0.041370j,0.693149-3.141593j,0.693145-3.141592j,0.000000
-0.978486+0.041389j,0.693149-3.141593j,0.693145-3.141592j,0.000000
-0.978478+0.041408j,0.693149-3.141593j,0.693145-3.141592j,0.000000
-0.978471+0.041427j,0.693149-3.141593j,0.693145-3.141592j,0.000000
-0.978463+0.041446j,0.693149-3.141593j,0.693145-3.141592j,0.000000
-0.978463+0.041446j,0.693149-3.141593j,0.693145-3.141592j,0.000000
-0.978456+0.041465j,0.693149-3.141593j,0.693145-3.141592j,0.000000
-0.978422+0.041549j,0.693149-3.141593j,0.693145-3.141592j,0.000000
-0.978305+0.041840j,0.693150-3.141593j,0.693145-3.141592j,0.000000
-0.978191+0.042123j,0.693150-3.141593j,0.693145-3.141592j,0.000000
-0.978075+0.042409j,0.693150-3.141593j,0.693145-3.141592j,0.000000
-0.977961+0.042688j,0.693150-3.141594j,0.693145-3.141592j,0.000000
-0.977843+0.042976j,0.693150-3.141594j,0.693145-3.141592j,0.000000
-0.977727+0.043257j,0.693150-3.141594j,0.693144-3.141592j,0.000000
-0.977606+0.043548j,0.693150-3.141594j,0.693144-3.141592j,0.000000
-0.977488+0.043830j,0.693150-3.141594j,0.693144-3.141592j,0.000000
-0.977365+0.044123j,0.693150-3.141594j,0.693144-3.141592j,0.000000
-0.977245+0.044408j,0.693150-3.141594j,0.693144-3.141592j,0.000000
-0.977120+0.044703j,0.693150-3.141594j,0.693144-3.141592j,0.000000
-0.976998+0.044990j,0.693150-3.141594j,0.693144-3.141592j,0.000000
-0.976871+0.045288j,0.693150-3.141594j,0.693144-3.141592j,0.000000
-0.976746+0.045578j,0.693150-3.141594j,0.693144-3.141592j,0.000000
-0.976617+0.045877j,0.693151-3.141594j,0.693144-3.141592j,0.000000
-0.976490+0.046170j,0.693151-3.141594j,0.693144-3.141592j,0.000000
-0.976359+0.046471j,0.693151-3.141594j,0.693144-3.141592j,0.000000
-0.976230+0.046766j,0.693151-3.141594j,0.693144-3.141592j,0.000000
-0.976096+0.047070j,0.693151-3.141594j,0.693143-3.141591j,0.000000
-0.975965+0.047367j,0.693151-3.141594j,0.693143-3.141591j,0.000000
-0.975829+0.047674j,0.693151-3.141594j,0.693143-3.141591j,0.000000
-0.975697+0.047973j,0.693151-3.141594j,0.693143-3.141591j,0.000000
-0.975558+0.048283j,0.693151-3.141594j,0.693143-3.141591j,0.000000
-0.975423+0.048585j,0.693151-3.141594j,0.693143-3.141591j,0.000000
-0.975283+0.048897j,0.693152-3.141594j,0.693143-3.141591j,0.000000
-0.975146+0.049202j,0.693152-3.141594j,0.693143-3.141591j,0.000000
-0.975004+0.049516j,0.693152-3.141594j,0.693143-3.141591j,0.000000
-0.974864+0.049823j,0.693152-3.141594j,0.693143-3.141591j,0.000000
-0.974720+0.050141j,0.693152-3.141594j,0.693142-3.141591j,0.000000
-0.974579+0.050450j,0.693152-3.141594j,0.693142-3.141591j,0.000000
-0.974432+0.050770j,0.693152-3.141594j,0.693142-3.141591j,0.000000
-0.974289+0.051082j,0.693152-3.141594j,0.693142-3.141591j,0.000000
-0.974140+0.051405j,0.693152-3.141594j,0.693142-3.141591j,0.000000
-0.973995+0.051720j,0.693153-3.141594j,0.693142-3.141591j,0.000000
-0.973844+0.052046j,0.693153-3.141594j,0.693142-3.141591j,0.000000
-0.973697+0.052363j,0.693153-3.141594j,0.693142-3.141591j,0.000000
-0.973544+0.052692j,0.693153-3.141594j,0.693141-3.141591j,0.000000
-0.973394+0.053012j,0.693153-3.141594j,0.693141-3.141591j,0.000000
-0.973240+0.053343j,0.693153-3.141594j,0.693141-3.141591j,0.000000
-0.973088+0.053666j,0.693153-3.141594j,0.693141-3.141591j,0.000000
-0.972931+0.054000j,0.693154-3.141595j,0.693141-3.141591j,0.000000
-0.972778+0.054326j,0.693154-3.141595j,0.693141-3.141591j,0.000000
-0.972619+0.054663j,0.693154-3.141595j,0.693140-3.141591j,0.000000
-0.972463+0.054992j,0.693154-3.141595j,0.693140-3.141591j,0.000000
-0.972302+0.055331j,0.693154-3.141595j,0.693140-3.141591j,0.000000
-0.972144+0.055663j,0.693154-3.141595j,0.693140-3.141591j,0.000000
-0.971981+0.056006j,0.693155-3.141595j,0.693140-3.141590j,0.000000
-0.971822+0.056340j,0.693155-3.141595j,0.693140-3.141590j,0.000000
-0.971656+0.056686j,0.693155-3.141595j,0.693139-3.141590j,0.000000
-0.971495+0.057024j,0.693155-3.141595j,0.693139-3.141590j,0.000000
-0.971327+0.057373j,0.693155-3.141595j,0.693139-3.141590j,0.000000
-0.971164+0.057713j,0.693156-3.141595j,0.693139-3.141590j,0.000000
-0.970994+0.058065j,0.693156-3.141595j,0.693139-3.141590j,0.000000
-0.970828+0.058409j,0.693156-3.141595j,0.693138-3.141590j,0.000000
-0.970657+0.058764j,0.693156-3.141595j,0.693138-3.141590j,0.000000
-0.970489+0.059111j,0.693156-3.141595j,0.693138-3.141590j,0.000000
-0.970316+0.059469j,0.693157-3.141595j,0.693138-3.141590j,0.000000
-0.970146+0.059819j,0.693157-3.141595j,0.693138-3.141590j,0.000000
-0.969970+0.060181j,0.693157-3.141595j,0.693137-3.141590j,0.000000
-0.969798+0.060533j,0.693157-3.141596j,0.693137-3.141590j,0.000000
-0.969621+0.060898j,0.693157-3.141596j,0.693137-3.141590j,0.000000
-0.969447+0.061254j,0.693158-3.141596j,0.693137-3.141590j,0.000000
-0.969267+0.061622j,0.693158-3.141596j,0.693136-3.141590j,0.000000
-0.969091+0.061981j,0.693158-3.141596j,0.693136-3.141589j,0.000000
-0.968909+0.062353j,0.693159-3.141596j,0.693136-3.141589j,0.000000
-0.968731+0.062715j,0.693159-3.141596j,0.693136-3.141589j,0.000000
-0.968547+0.063090j,0.693159-3.141596j,0.693135-3.141589j,0.000000
-0.968367+0.063455j,0.693159-3.141596j,0.693135-3.141589j,0.000000
-0.968181+0.063833j,0.693160-3.141596j,0.693135-3.141589j,0.000000
-0.967999+0.064202j,0.693160-3.141596j,0.693134-3.141589j,0.000000
-0.967810+0.064584j,0.693160-3.141596j,0.693134-3.141589j,0.000000
-0.967626+0.064956j,0.693161-3.141596j,0.693134-3.141589j,0.000000
-0.967436+0.065341j,0.693161-3.141597j,0.693134-3.141589j,0.000000
-0.967249+0.065717j,0.693161-3.141597j,0.693133-3.141589j,0.000000
-0.967057+0.066105j,0.693161-3.141597j,0.693133-3.141589j,0.000001
-0.966869+0.066484j,0.693162-3.141597j,0.693133-3.141588j,0.000001
-0.966674+0.066875j,0.693162-3.141597j,0.693132-3.141588j,0.000001
-0.966484+0.067257j,0.693163-3.141597j,0.693132-3.141588j,0.000001
-0.966287+0.067652j,0.693163-3.141597j,0.693131-3.141588j,0.000001
-0.966095+0.068038j,0.693163-3.141597j,0.693131-3.141588j,0.000001
-0.965896+0.068436j,0.693164-3.141597j,0.693131-3.141588j,0.000001
-0.965701+0.068825j,0.693164-3.141597j,0.693130-3.141588j,0.000001
-0.965500+0.069227j,0.693164-3.141598j,0.693130-3.141588j,0.000001
-0.965303+0.069620j,0.693165-3.141598j,0.693130-3.141588j,0.000001
-0.965100+0.070026j,0.693165-3.141598j,0.693129-3.141588j,0.000001
-0.964901+0.070422j,0.693166-3.141598j,0.693129-3.141587j,0.000001
-0.964696+0.070831j,0.693166-3.141598j,0.693128-3.141587j,0.000001
-0.964495+0.071231j,0.693166-3.141598j,0.693128-3.141587j,0.000001
-0.964288+0.071643j,0.693167-3.141598j,0.693127-3.141587j,0.000001
-0.964085+0.072046j,0.693167-3.141598j,0.693127-3.141587j,0.000001
-0.963875+0.072463j,0.693168-3.141599j,0.693127-3.141587j,0.000001
-0.963670+0.072870j,0.693168-3.141599j,0.693126-3.141587j,0.000001
-0.963458+0.073290j,0.693169-3.141599j,0.693126-3.141586j,0.000001
-0.963251+0.073700j,0.693169-3.141599j,0.693125-3.141586j,0.000001
-0.963036+0.074124j,0.693170-3.141599j,0.693125-3.141586j,0.000001
-0.962827+0.074538j,0.693170-3.141599j,0.693124-3.141586j,0.000001
-0.962610+0.074965j,0.693171-3.141599j,0.693124-3.141586j,0.000001
-0.962399+0.075383j,0.693171-3.141600j,0.693123-3.141586j,0.000001
-0.962180+0.075814j,0.693172-3.141600j,0.693122-3.141586j,0.000001
-0.961966+0.076235j,0.693172-3.141600j,0.693122-3.141585j,0.000001
-0.961746+0.076670j,0.693173-3.141600j,0.693121-3.141585j,0.000001
-0.961530+0.077096j,0.693174-3.141600j,0.693121-3.141585j,0.000001
-0.961306+0.077534j,0.693174-3.141600j,0.693120-3.141585j,0.000001
-0.961088+0.077963j,0.693175-3.141601j,0.693119-3.141585j,0.000001
-0.960863+0.078406j,0.693176-3.141601j,0.693119-3.141584j,0.000001
-0.960642+0.078838j,0.693176-3.141601j,0.693118-3.141584j,0.000001
-0.960415+0.079285j,0.693177-3.141601j,0.693118-3.141584j,0.000001
-0.960192+0.079721j,0.693177-3.141601j,0.693117-3.141584j,0.000001
-0.959962+0.080172j,0.693178-3.141602j,0.693116-3.141584j,0.000001
-0.959737+0.080612j,0.693179-3.141602j,0.693116-3.141583j,0.000001
-0.959505+0.081066j,0.693180-3.141602j,0.693115-3.141583j,0.000001
-0.959278+0.081510j,0.693180-3.141602j,0.693114-3.141583j,0.000001
-0.959043+0.081968j,0.693181-3.141602j,0.693113-3.141583j,0.000001
-0.958813+0.082416j,0.693182-3.141603j,0.693113-3.141583j,0.000001
-0.958576+0.082878j,0.693183-3.141603j,0.693112-3.141582j,0.000001
-0.958345+0.083330j,0.693183-3.141603j,0.693111-3.141582j,0.000002
-0.958105+0.083796j,0.693184-3.141603j,0.693110-3.141582j,0.000002
-0.957871+0.084252j,0.693185-3.141604j,0.693109-3.141582j,0.000002
-0.957629+0.084722j,0.693186-3.141604j,0.693109-3.141581j,0.000002
-0.957393+0.085182j,0.693187-3.141604j,0.693108-3.141581j,0.000002
-0.957149+0.085656j,0.693188-3.141604j,0.693107-3.141581j,0.000002
-0.956910+0.086120j,0.693188-3.141605j,0.693106-3.141581j,0.000002
-0.956664+0.086598j,0.693189-3.141605j,0.693105-3.141580j,0.000002
-0.956423+0.087066j,0.693190-3.141605j,0.693104-3.141580j,0.000002
-0.956174+0.087548j,0.693191-3.141606j,0.693103-3.141580j,0.000002
-0.955930+0.088020j,0.693192-3.141606j,0.693102-3.141579j,0.000002
-0.955679+0.088507j,0.693193-3.141606j,0.693101-3.141579j,0.000002
-0.955433+0.088982j,0.693194-3.141607j,0.693100-3.141579j,0.000002
-0.955179+0.089473j,0.693195-3.141607j,0.693099-3.141578j,0.000002
-0.954931+0.089953j,0.693196-3.141607j,0.693098-3.141578j,0.000002
-0.954675+0.090448j,0.693197-3.141607j,0.693097-3.141578j,0.000002
-0.954424+0.090932j,0.693198-3.141608j,0.693096-3.141577j,0.000002
-0.954165+0.091431j,0.693200-3.141608j,0.693095-3.141577j,0.000002
-0.953912+0.091919j,0.693201-3.141609j,0.693094-3.141577j,0.000002
-0.953651+0.092422j,0.693202-3.141609j,0.693092-3.141576j,0.000003
-0.953395+0.092914j,0.693203-3.141609j,0.693091-3.141576j,0.000003
-0.953132+0.093422j,0.693204-3.141610j,0.693090-3.141576j,0.000003
-0.952873+0.093918j,0.693206-3.141610j,0.693089-3.141575j,0.000003
-0.952607+0.094430j,0.693207-3.141610j,0.693087-3.141575j,0.000003
-0.952347+0.094931j,0.693208-3.141611j,0.693086-3.141574j,0.000003
-0.952078+0.095447j,0.693210-3.141611j,0.693085-3.141574j,0.000003
-0.951815+0.095952j,0.693211-3.141612j,0.693084-3.141574j,0.000003
-0.951543+0.096472j,0.693212-3.141612j,0.693082-3.141573j,0.000003
-0.951278+0.096981j,0.693214-3.141613j,0.693081-3.141573j,0.000003
-0.951004+0.097506j,0.693215-3.141613j,0.693079-3.141572j,0.000003
-0.950736+0.098020j,0.693217-3.141614j,0.693078-3.141572j,0.000003
-0.950459+0.098549j,0.693218-3.141614j,0.693076-3.141571j,0.000003
-0.950188+0.099066j,0.693220-3.141614j,0.693075-3.141571j,0.000004
-0.949909+0.099600j,0.693221-3.141615j,0.693073-3.141570j,0.000004
-0.949636+0.100122j,0.693223-3.141615j,0.693072-3.141570j,0.000004
-0.949354+0.100660j,0.693224-3.141616j,0.693070-3.141569j,0.000004
-0.949078+0.101187j,0.693226-3.141617j,0.693068-3.141569j,0.000004
-0.948794+0.101729j,0.693228-3.141617j,0.693067-3.141568j,0.000004
-0.948515+0.102260j,0.693229-3.141618j,0.693065-3.141568j,0.000004
-0.948228+0.102807j,0.693231-3.141618j,0.693063-3.141567j,0.000004
-0.947947+0.103342j,0.693233-3.141619j,0.693061-3.141567j,0.000004
-0.947657+0.103894j,0.693235-3.141619j,0.693060-3.141566j,0.000005
-0.947373+0.104434j,0.693237-3.141620j,0.693058-3.141565j,0.000005
-0.947080+0.104990j,0.693239-3.141621j,0.693056-3.141565j,0.000005
-0.946794+0.105534j,0.693240-3.141621j,0.693054-3.141564j,0.000005
-0.946498+0.106095j,0.693242-3.141622j,0.693052-3.141563j,0.000005
-0.946209+0.106644j,0.693244-3.141623j,0.693050-3.141563j,0.000005
-0.945911+0.107209j,0.693247-3.141623j,0.693048-3.141562j,0.000005
-0.945619+0.107762j,0.693249-3.141624j,0.693046-3.141561j,0.000005
-0.945318+0.108332j,0.693251-3.141625j,0.693044-3.141561j,0.000006
-0.945023+0.108890j,0.693253-3.141625j,0.693041-3.141560j,0.000006
-0.944720+0.109465j,0.693255-3.141626j,0.693039-3.141559j,0.000006
-0.944422+0.110027j,0.693257-3.141627j,0.693037-3.141559j,0.000006
-0.944116+0.110606j,0.693260-3.141628j,0.693035-3.141558j,0.000006
-0.943815+0.111173j,0.693262-3.141628j,0.693032-3.141557j,0.000006
-0.943506+0.111757j,0.693265-3.141629j,0.693030-3.141556j,0.000007
-0.943203+0.112329j,0.693267-3.141630j,0.693027-3.141555j,0.000007
-0.942891+0.112918j,0.693270-3.141631j,0.693025-3.141554j,0.000007
-0.942585+0.113494j,0.693272-3.141632j,0.693022-3.141554j,0.000007
-0.942270+0.114088j,0.693275-3.141633j,0.693020-3.141553j,0.000007
-0.941961+0.114669j,0.693277-3.141633j,0.693017-3.141552j,0.000007
-0.941643+0.115267j,0.693280-3.141634j,0.693014-3.141551j,0.000008
-0.941331+0.115853j,0.693283-3.141635j,0.693012-3.141550j,0.000008
-0.941010+0.116456j,0.693286-3.141636j,0.693009-3.141549j,0.000008
-0.940696+0.117047j,0.693289-3.141637j,0.693006-3.141548j,0.000008
-0.940372+0.117655j,0.693292-3.141638j,0.693003-3.141547j,0.000009
-0.940054+0.118250j,0.693294-3.141639j,0.693000-3.141546j,0.000009
-0.939727+0.118863j,0.693298-3.141640j,0.692997-3.141545j,0.000009
-0.939407+0.119463j,0.693301-3.141641j,0.692994-3.141544j,0.000009
-0.939077+0.120080j,0.693304-3.141642j,0.692991-3.141543j,0.000009
-0.938754+0.120685j,0.693307-3.141643j,0.692987-3.141542j,0.000010
-0.938421+0.121308j,0.693310-3.141645j,0.692984-3.141541j,0.000010
-0.938094+0.121918j,0.693314-3.141646j,0.692981-3.141540j,0.000010
-0.937758+0.122545j,0.693317-3.141647j,0.692977-3.141538j,0.000010
-0.937429+0.123160j,0.693321-3.141648j,0.692974-3.141537j,0.000011
-0.937090+0.123793j,0.693324-3.141649j,0.692970-3.141536j,0.000011
-0.936757+0.124412j,0.693328-3.141651j,0.692967-3.141535j,0.000011
-0.936415+0.125050j,0.693332-3.141652j,0.692963-3.141533j,0.000012
-0.936080+0.125674j,0.693335-3.141653j,0.692959-3.141532j,0.000012
-0.935734+0.126317j,0.693339-3.141655j,0.692955-3.141531j,0.000012
-0.935396+0.126947j,0.693343-3.141656j,0.692951-3.141529j,0.000013
-0.935047+0.127594j,0.693347-3.141657j,0.692947-3.141528j,0.000013
-0.934706+0.128229j,0.693351-3.141659j,0.692943-3.141527j,0.000013
-0.934354+0.128882j,0.693355-3.141660j,0.692939-3.141525j,0.000014
-0.934009+0.129521j,0.693359-3.141662j,0.692935-3.141524j,0.000014
-0.933655+0.130179j,0.693364-3.141663j,0.692930-3.141522j,0.000014
-0.933307+0.130824j,0.693368-3.141665j,0.692926-3.141521j,0.000015
-0.932949+0.131487j,0.693373-3.141666j,0.692922-3.141519j,0.000015
-0.932598+0.132136j,0.693377-3.141668j,0.692917-3.141517j,0.000015
-0.932236+0.132804j,0.693382-3.141670j,0.692912-3.141516j,0.000016
-0.931882+0.133459j,0.693387-3.141671j,0.692908-3.141514j,0.000016
-0.931517+0.134133j,0.693392-3.141673j,0.692903-3.141512j,0.000017
-0.931160+0.134792j,0.693396-3.141675j,0.692898-3.141511j,0.000017
-0.930792+0.135471j,0.693401-3.141676j,0.692893-3.141509j,0.000017
-0.930431+0.136136j,0.693407-3.141678j,0.692888-3.141507j,0.000018
-0.930060+0.136820j,0.693412-3.141680j,0.692883-3.141505j,0.000018
-0.929696+0.137490j,0.693417-3.141682j,0.692877-3.141503j,0.000019
-0.929321+0.138179j,0.693423-3.141684j,0.692872-3.141501j,0.000019
-0.928954+0.138855j,0.693428-3.141686j,0.692866-3.141499j,0.000020
-0.928576+0.139549j,0.693434-3.141688j,0.692861-3.141497j,0.000020
-0.928206+0.140230j,0.693439-3.141690j,0.692855-3.141495j,0.000021
-0.927824+0.140930j,0.693445-3.141692j,0.692849-3.141493j,0.000021
-0.927450+0.141615j,0.693451-3.141694j,0.692843-3.141491j,0.000022
-0.927065+0.142321j,0.693457-3.141697j,0.692837-3.141489j,0.000022
-0.926688+0.143012j,0.693463-3.141699j,0.692831-3.141486j,0.000023
-0.926300+0.143722j,0.693470-3.141701j,0.692825-3.141484j,0.000024
-0.925919+0.144419j,0.693476-3.141703j,0.692818-3.141482j,0.000024
-0.925527+0.145135j,0.693483-3.141706j,0.692812-3.141479j,0.000025
-0.925143+0.145837j,0.693489-3.141708j,0.692805-3.141477j,0.000025
-0.924748+0.146558j,0.693496-3.141711j,0.692798-3.141474j,0.000026
-0.924360+0.147265j,0.693503-3.141713j,0.692791-3.141472j,0.000027
-0.923961+0.147992j,0.693510-3.141716j,0.692784-3.141469j,0.000027
-0.923570+0.148705j,0.693517-3.141719j,0.692777-3.141467j,0.000028
-0.923168+0.149437j,0.693524-3.141721j,0.692770-3.141464j,0.000029
-0.922773+0.150155j,0.693532-3.141724j,0.692763-3.141461j,0.000029
-0.922367+0.150893j,0.693539-3.141727j,0.692755-3.141458j,0.000030
-0.921969+0.151617j,0.693547-3.141730j,0.692747-3.141455j,0.000031
-0.921559+0.152360j,0.693555-3.141733j,0.692739-3.141452j,0.000032
-0.921158+0.153089j,0.693563-3.141736j,0.692731-3.141449j,0.000032
-0.920744+0.153838j,0.693571-3.141739j,0.692723-3.141446j,0.000033
-0.920339+0.154573j,0.693579-3.141742j,0.692715-3.141443j,0.000034
-0.919922+0.155327j,0.693588-3.141745j,0.692706-3.141440j,0.000035
-0.919513+0.156067j,0.693596-3.141748j,0.692698-3.141437j,0.000036
-0.919092+0.156828j,0.693605-3.141752j,0.692689-3.141433j,0.000037
-0.918680+0.157573j,0.693614-3.141755j,0.692680-3.141430j,0.000038
-0.918255+0.158339j,0.693623-3.141759j,0.692671-3.141427j,0.000039
-0.917839+0.159090j,0.693632-3.141762j,0.692662-3.141423j,0.000040
-0.917411+0.159862j,0.693642-3.141766j,0.692652-3.141419j,0.000041
-0.916990+0.160619j,0.693651-3.141769j,0.692643-3.141416j,0.000042
-0.916558+0.161396j,0.693661-3.141773j,0.692633-3.141412j,0.000043
-0.916135+0.162159j,0.693671-3.141777j,0.692623-3.141408j,0.000044
-0.915699+0.162942j,0.693681-3.141781j,0.692613-3.141404j,0.000045
-0.915271+0.163710j,0.693691-3.141785j,0.692603-3.141400j,0.000046
-0.914832+0.164499j,0.693702-3.141789j,0.692592-3.141396j,0.000047
-0.914400+0.165273j,0.693713-3.141793j,0.692581-3.141392j,0.000048
-0.913957+0.166068j,0.693724-3.141797j,0.692570-3.141388j,0.000049
-0.913521+0.166847j,0.693735-3.141802j,0.692560-3.141383j,0.000050
-0.913074+0.167648j,0.693746-3.141806j,0.692548-3.141379j,0.000052
-0.912635+0.168433j,0.693757-3.141811j,0.692537-3.141374j,0.000053
-0.912183+0.169239j,0.693769-3.141815j,0.692525-3.141370j,0.000054
-0.911740+0.170030j,0.693781-3.141820j,0.692513-3.141365j,0.000056
-0.911285+0.170843j,0.693793-3.141825j,0.692501-3.141360j,0.000057
-0.910838+0.171639j,0.693805-3.141830j,0.692489-3.141355j,0.000058
-0.910378+0.172458j,0.693818-3.141835j,0.692476-3.141350j,0.000060
-0.909927+0.173260j,0.693831-3.141840j,0.692463-3.141345j,0.000061
-0.909464+0.174084j,0.693844-3.141845j,0.692450-3.141340j,0.000063
-0.909009+0.174893j,0.693857-3.141850j,0.692437-3.141335j,0.000064
-0.908541+0.175723j,0.693871-3.141856j,0.692423-3.141329j,0.000066
-0.908082+0.176537j,0.693884-3.141861j,0.692410-3.141324j,0.000067
-0.907611+0.177374j,0.693898-3.141867j,0.692396-3.141318j,0.000069
-0.907148+0.178194j,0.693912-3.141872j,0.692381-3.141312j,0.000071
-0.906672+0.179036j,0.693927-3.141878j,0.692367-3.141307j,0.000073
-0.906205+0.179862j,0.693942-3.141884j,0.692352-3.141301j,0.000074
-0.905725+0.180710j,0.693957-3.141890j,0.692337-3.141294j,0.000076
-0.905254+0.181542j,0.693972-3.141897j,0.692322-3.141288j,0.000078
-0.904769+0.182397j,0.693988-3.141903j,0.692306-3.141282j,0.000080
-0.904294+0.183235j,0.694003-3.141909j,0.692291-3.141275j,0.000082
-0.903805+0.184095j,0.694019-3.141916j,0.692274-3.141269j,0.000084
-0.903326+0.184939j,0.694036-3.141923j,0.692258-3.141262j,0.000086
-0.902833+0.185806j,0.694053-3.141930j,0.692241-3.141255j,0.000088
-0.902349+0.186656j,0.694069-3.141937j,0.692224-3.141248j,0.000090
-0.901852+0.187529j,0.694087-3.141944j,0.692207-3.141241j,0.000092
-0.901364+0.188385j,0.694104-3.141951j,0.692189-3.141234j,0.000094
-0.900863+0.189264j,0.694122-3.141959j,0.692171-3.141226j,0.000097
-0.900370+0.190126j,0.694140-3.141966j,0.692153-3.141218j,0.000099
-0.899864+0.191012j,0.694159-3.141974j,0.692135-3.141211j,0.000101
-0.899368+0.191880j,0.694177-3.141982j,0.692116-3.141203j,0.000104
-0.898857+0.192771j,0.694197-3.141990j,0.692097-3.141195j,0.000106
-0.898356+0.193646j,0.694216-3.141998j,0.692077-3.141186j,0.000109
-0.897842+0.194544j,0.694236-3.142006j,0.692057-3.141178j,0.000111
-0.897336+0.195424j,0.694256-3.142015j,0.692037-3.141169j,0.000114
-0.896817+0.196328j,0.694277-3.142024j,0.692016-3.141161j,0.000117
-0.896307+0.197215j,0.694298-3.142033j,0.691996-3.141152j,0.000119
-0.895783+0.198126j,0.694319-3.142042j,0.691974-3.141143j,0.000122
-0.895269+0.199019j,0.694340-3.142051j,0.691953-3.141133j,0.000125
-0.894741+0.199935j,0.694363-3.142060j,0.691930-3.141124j,0.000128
-0.894222+0.200835j,0.694385-3.142070j,0.691908-3.141114j,0.000131
-0.893689+0.201758j,0.694408-3.142080j,0.691885-3.141104j,0.000134
-0.893166+0.202663j,0.694431-3.142090j,0.691862-3.141094j,0.000137
-0.892628+0.203593j,0.694455-3.142100j,0.691838-3.141084j,0.000141
-0.892100+0.204505j,0.694478-3.142110j,0.691815-3.141074j,0.000144
-0.891558+0.205441j,0.694503-3.142121j,0.691790-3.141063j,0.000148
-0.891025+0.206359j,0.694528-3.142132j,0.691765-3.141052j,0.000151
-0.890478+0.207301j,0.694553-3.142143j,0.691740-3.141041j,0.000155
-0.889941+0.208226j,0.694578-3.142154j,0.691714-3.141030j,0.000158
-0.889389+0.209175j,0.694605-3.142166j,0.691688-3.141018j,0.000162
-0.888847+0.210106j,0.694631-3.142177j,0.691661-3.141006j,0.000166
-0.888291+0.211061j,0.694658-3.142189j,0.691634-3.140994j,0.000170
-0.887744+0.211999j,0.694686-3.142201j,0.691607-3.140982j,0.000174
-0.887183+0.212960j,0.694714-3.142214j,0.691579-3.140969j,0.000178
-0.886631+0.213904j,0.694742-3.142226j,0.691550-3.140957j,0.000182
-0.886065+0.214873j,0.694771-3.142240j,0.691521-3.140944j,0.000186
-0.885509+0.215823j,0.694800-3.142253j,0.691492-3.140931j,0.000190
-0.884938+0.216798j,0.694830-3.142266j,0.691462-3.140917j,0.000195
-0.884377+0.217755j,0.694860-3.142280j,0.691431-3.140903j,0.000199
-0.883801+0.218736j,0.694892-3.142294j,0.691400-3.140889j,0.000204
-0.883235+0.219700j,0.694923-3.142308j,0.691369-3.140875j,0.000209
-0.882654+0.220688j,0.694955-3.142322j,0.691336-3.140860j,0.000214
-0.882083+0.221658j,0.694987-3.142337j,0.691304-3.140845j,0.000219
-0.881497+0.222653j,0.695021-3.142352j,0.691271-3.140830j,0.000224
-0.880921+0.223629j,0.695054-3.142368j,0.691237-3.140815j,0.000229
-0.880330+0.224631j,0.695089-3.142383j,0.691203-3.140799j,0.000234
-0.879749+0.225614j,0.695123-3.142399j,0.691168-3.140783j,0.000240
-0.879153+0.226622j,0.695159-3.142416j,0.691132-3.140766j,0.000245
-0.878567+0.227612j,0.695194-3.142432j,0.691097-3.140750j,0.000251
-0.877965+0.228627j,0.695231-3.142449j,0.691060-3.140733j,0.000257
-0.877374+0.229623j,0.695268-3.142466j,0.691023-3.140715j,0.000263
-0.876768+0.230645j,0.695306-3.142484j,0.690984-3.140697j,0.000269
-0.876172+0.231648j,0.695344-3.142502j,0.690946-3.140680j,0.000275
-0.875560+0.232676j,0.695383-3.142520j,0.690907-3.140661j,0.000281
-0.874959+0.233686j,0.695423-3.142539j,0.690867-3.140642j,0.000288
-0.874341+0.234721j,0.695463-3.142558j,0.690826-3.140623j,0.000294
-0.873735+0.235738j,0.695504-3.142577j,0.690786-3.140604j,0.000301
-0.873113+0.236780j,0.695546-3.142597j,0.690743-3.140583j,0.000308
-0.872501+0.237803j,0.695588-3.142617j,0.690701-3.140563j,0.000315
-0.871873+0.238852j,0.695632-3.142638j,0.690658-3.140542j,0.000322
-0.871256+0.239882j,0.695675-3.142658j,0.690614-3.140522j,0.000330
-0.870623+0.240938j,0.695720-3.142680j,0.690569-3.140500j,0.000337
-0.870000+0.241975j,0.695765-3.142701j,0.690524-3.140478j,0.000345
-0.869362+0.243037j,0.695811-3.142724j,0.690477-3.140456j,0.000353
-0.868734+0.244081j,0.695858-3.142746j,0.690431-3.140433j,0.000361
-0.868090+0.245151j,0.695906-3.142769j,0.690383-3.140409j,0.000369
-0.867457+0.246201j,0.695953-3.142792j,0.690334-3.140386j,0.000377
-0.866807+0.247278j,0.696003-3.142817j,0.690285-3.140362j,0.000386
-0.866168+0.248335j,0.696052-3.142841j,0.690235-3.140337j,0.000395
-0.865513+0.249419j,0.696104-3.142866j,0.690184-3.140312j,0.000404
-0.864869+0.250483j,0.696155-3.142891j,0.690132-3.140287j,0.000413
-0.864208+0.251573j,0.696208-3.142917j,0.690079-3.140260j,0.000422
-0.863558+0.252644j,0.696260-3.142943j,0.690026-3.140234j,0.000432
-0.862892+0.253742j,0.696315-3.142970j,0.689971-3.140207j,0.000442
-0.862236+0.254820j,0.696369-3.142997j,0.689917-3.140179j,0.000452
-0.861564+0.255925j,0.696426-3.143025j,0.689860-3.140151j,0.000462
-0.860903+0.257010j,0.696482-3.143053j,0.689803-3.140122j,0.000472
-0.860225+0.258122j,0.696540-3.143082j,0.689745-3.140093j,0.000483
-0.859558+0.259213j,0.696598-3.143111j,0.689686-3.140063j,0.000494
-0.858874+0.260332j,0.696659-3.143142j,0.689626-3.140033j,0.000505
-0.858202+0.261431j,0.696719-3.143172j,0.689566-3.140002j,0.000516
-0.857512+0.262557j,0.696781-3.143203j,0.689503-3.139970j,0.000528
-0.856834+0.263663j,0.696843-3.143235j,0.689441-3.139938j,0.000540
-0.856138+0.264797j,0.696907-3.143267j,0.689376-3.139905j,0.000552
-0.855454+0.265909j,0.696971-3.143300j,0.689312-3.139872j,0.000564
-0.854753+0.267050j,0.697037-3.143334j,0.689245-3.139838j,0.000577
-0.854063+0.268170j,0.697103-3.143368j,0.689179-3.139803j,0.000590
-0.853355+0.269317j,0.697171-3.143403j,0.689110-3.139768j,0.000603
-0.852659+0.270445j,0.697239-3.143438j,0.689042-3.139732j,0.000616
-0.851946+0.271599j,0.697310-3.143475j,0.688971-3.139695j,0.000630
-0.851244+0.272734j,0.697380-3.143511j,0.688900-3.139658j,0.000644
-0.850524+0.273896j,0.697453-3.143549j,0.688827-3.139619j,0.000659
-0.849816+0.275037j,0.697525-3.143587j,0.688754-3.139581j,0.000673
-0.849090+0.276206j,0.697601-3.143626j,0.688678-3.139541j,0.000688
-0.848376+0.277355j,0.697675-3.143666j,0.688603-3.139501j,0.000703
-0.847644+0.278531j,0.697753-3.143707j,0.688525-3.139459j,0.000719
-0.846924+0.279687j,0.697830-3.143747j,0.688447-3.139418j,0.000735
-0.846185+0.280871j,0.697910-3.143790j,0.688366-3.139374j,0.000751
-0.845459+0.282034j,0.697990-3.143832j,0.688286-3.139331j,0.000768
-0.844714+0.283225j,0.698073-3.143876j,0.688203-3.139286j,0.000785
-0.843982+0.284395j,0.698155-3.143920j,0.688120-3.139242j,0.000802
-0.843231+0.285594j,0.698240-3.143966j,0.688034-3.139195j,0.000820
-0.842492+0.286771j,0.698325-3.144011j,0.687949-3.139149j,0.000838
-0.841735+0.287977j,0.698413-3.144059j,0.687860-3.139100j,0.000857
-0.840990+0.289162j,0.698500-3.144106j,0.687772-3.139052j,0.000875
-0.840225+0.290375j,0.698591-3.144155j,0.687681-3.139002j,0.000895
-0.839474+0.291567j,0.698681-3.144205j,0.687590-3.138952j,0.000914
-0.838704+0.292788j,0.698774-3.144256j,0.687495-3.138899j,0.000935
-0.837946+0.293987j,0.698867-3.144307j,0.687402-3.138847j,0.000955
-0.837169+0.295215j,0.698964-3.144360j,0.687304-3.138793j,0.000976
-0.836404+0.296422j,0.699060-3.144412j,0.687207-3.138739j,0.000997
-0.835620+0.297658j,0.699159-3.144467j,0.687107-3.138683j,0.001019
-0.834850+0.298872j,0.699258-3.144522j,0.687007-3.138627j,0.001041
-0.834059+0.300115j,0.699361-3.144579j,0.686904-3.138569j,0.001064
-0.833282+0.301336j,0.699463-3.144636j,0.686801-3.138510j,0.001087
-0.832484+0.302587j,0.699568-3.144695j,0.686694-3.138450j,0.001111
-0.831700+0.303815j,0.699674-3.144754j,0.686588-3.138389j,0.001135
-0.830896+0.305073j,0.699783-3.144816j,0.686478-3.138327j,0.001160
-0.830105+0.306309j,0.699891-3.144877j,0.686369-3.138264j,0.001185
-0.829295+0.307575j,0.700003-3.144940j,0.686255-3.138198j,0.001211
-0.828497+0.308819j,0.700115-3.145004j,0.686142-3.138133j,0.001237
-0.827679+0.310092j,0.700231-3.145070j,0.686025-3.138066j,0.001264
-0.826875+0.311343j,0.700346-3.145136j,0.685909-3.137998j,0.001291
-0.826050+0.312624j,0.700466-3.145204j,0.685788-3.137928j,0.001320
-0.825239+0.313882j,0.700584-3.145273j,0.685668-3.137857j,0.001348
-0.824407+0.315170j,0.700707-3.145343j,0.685544-3.137785j,0.001377
-0.823589+0.316436j,0.700830-3.145414j,0.685420-3.137712j,0.001407
-0.822750+0.317732j,0.700957-3.145488j,0.685292-3.137636j,0.001437
-0.821925+0.319006j,0.701083-3.145561j,0.685164-3.137560j,0.001468
-0.821079+0.320309j,0.701213-3.145638j,0.685032-3.137482j,0.001500
-0.820247+0.321590j,0.701343-3.145714j,0.684901-3.137403j,0.001532
-0.819394+0.322902j,0.701478-3.145793j,0.684765-3.137322j,0.001565
-0.818555+0.324190j,0.701612-3.145872j,0.684629-3.137240j,0.001598
-0.817694+0.325509j,0.701750-3.145954j,0.684489-3.137156j,0.001633
-0.816848+0.326805j,0.701888-3.146036j,0.684349-3.137071j,0.001668
-0.815980+0.328132j,0.702031-3.146121j,0.684204-3.136983j,0.001704
-0.815127+0.329435j,0.702173-3.146205j,0.684061-3.136896j,0.001740
-0.814252+0.330770j,0.702321-3.146294j,0.683912-3.136804j,0.001778
-0.813391+0.332081j,0.702467-3.146382j,0.683763-3.136713j,0.001815
-0.812508+0.333423j,0.702619-3.146473j,0.683610-3.136619j,0.001854
-0.811640+0.334742j,0.702769-3.146564j,0.683457-3.136524j,0.001893
-0.810750+0.336091j,0.702925-3.146659j,0.683299-3.136426j,0.001934
-0.809874+0.337418j,0.703081-3.146753j,0.683141-3.136328j,0.001975
-0.808977+0.338775j,0.703241-3.146851j,0.682978-3.136226j,0.002017
-0.808094+0.340110j,0.703401-3.146949j,0.682816-3.136125j,0.002060
-0.807189+0.341475j,0.703567-3.147051j,0.682648-3.136019j,0.002104
-0.806298+0.342817j,0.703732-3.147152j,0.682481-3.135914j,0.002148
-0.805385+0.344190j,0.703902-3.147258j,0.682308-3.135804j,0.002194
-0.804487+0.345539j,0.704072-3.147363j,0.682136-3.135694j,0.002240
-0.803567+0.346920j,0.704247-3.147472j,0.681958-3.135581j,0.002288
-0.802661+0.348277j,0.704422-3.147581j,0.681781-3.135467j,0.002336
-0.801733+0.349666j,0.704602-3.147694j,0.681598-3.135349j,0.002386
-0.800819+0.351031j,0.704782-3.147807j,0.681415-3.135231j,0.002436
-0.799883+0.352427j,0.704968-3.147924j,0.681226-3.135109j,0.002488
-0.798962+0.353800j,0.705153-3.148041j,0.681039-3.134987j,0.002540
-0.798018+0.355204j,0.705344-3.148162j,0.680844-3.134860j,0.002594
-0.797088+0.356584j,0.705535-3.148284j,0.680651-3.134733j,0.002648
-0.796137+0.357996j,0.705732-3.148409j,0.680450-3.134601j,0.002704
-0.795199+0.359385j,0.705928-3.148535j,0.680251-3.134470j,0.002760
-0.794239+0.360805j,0.706131-3.148665j,0.680045-3.134333j,0.002818
-0.793294+0.362200j,0.706332-3.148795j,0.679840-3.134197j,0.002877
-0.792326+0.363628j,0.706541-3.148930j,0.679628-3.134055j,0.002938
-0.791373+0.365032j,0.706748-3.149065j,0.679417-3.133914j,0.002999
-0.790397+0.366468j,0.706963-3.149204j,0.679198-3.133767j,0.003062
-0.789436+0.367879j,0.707177-3.149344j,0.678981-3.133620j,0.003125
-0.788451+0.369323j,0.707397-3.149488j,0.678756-3.133467j,0.003191
-0.787482+0.370742j,0.707617-3.149633j,0.678532-3.133315j,0.003257
-0.786489+0.372194j,0.707844-3.149783j,0.678301-3.133157j,0.003325
-0.785512+0.373621j,0.708070-3.149932j,0.678071-3.132999j,0.003394
-0.784510+0.375081j,0.708304-3.150087j,0.677833-3.132835j,0.003465
-0.783524+0.376516j,0.708536-3.150242j,0.677596-3.132672j,0.003536
-0.782515+0.377983j,0.708777-3.150403j,0.677351-3.132501j,0.003611
-0.781521+0.379426j,0.709016-3.150563j,0.677107-3.132332j,0.003685
-0.780502+0.380901j,0.709263-3.150729j,0.676855-3.132155j,0.003762
-0.779500+0.382352j,0.709509-3.150895j,0.676604-3.131979j,0.003839
-0.778473+0.383835j,0.709763-3.151067j,0.676345-3.131796j,0.003919
-0.777462+0.385294j,0.710016-3.151239j,0.676087-3.131614j,0.003999
-0.776427+0.386785j,0.710278-3.151417j,0.675820-3.131424j,0.004083
-0.775407+0.388252j,0.710538-3.151595j,0.675554-3.131234j,0.004166
-0.774363+0.389751j,0.710806-3.151779j,0.675280-3.131038j,0.004253
-0.773335+0.391226j,0.711074-3.151963j,0.675007-3.130841j,0.004339
-0.772282+0.392733j,0.711350-3.152154j,0.674725-3.130637j,0.004430
-0.771245+0.394215j,0.711625-3.152344j,0.674444-3.130434j,0.004520
-0.770183+0.395731j,0.711909-3.152542j,0.674153-3.130222j,0.004613
-0.769137+0.397221j,0.712192-3.152739j,0.673865-3.130011j,0.004707
-0.768066+0.398744j,0.712484-3.152943j,0.673566-3.129792j,0.004805
-0.767012+0.400242j,0.712774-3.153147j,0.673269-3.129573j,0.004902
-0.765932+0.401774j,0.713074-3.153359j,0.672962-3.129345j,0.005003
-0.764869+0.403280j,0.713373-3.153570j,0.672657-3.129118j,0.005105
-0.763780+0.404819j,0.713681-3.153788j,0.672341-3.128882j,0.005210
-0.762707+0.406333j,0.713988-3.154007j,0.672027-3.128647j,0.005315
-0.761609+0.407881j,0.714305-3.154233j,0.671702-3.128402j,0.005425
-0.760528+0.409403j,0.714620-3.154459j,0.671380-3.128158j,0.005534
-0.759421+0.410959j,0.714946-3.154693j,0.671046-3.127905j,0.005648
-0.758330+0.412489j,0.715270-3.154926j,0.670714-3.127652j,0.005761
-0.757214+0.414052j,0.715605-3.155168j,0.670371-3.127389j,0.005880
-0.756114+0.415590j,0.715937-3.155410j,0.670030-3.127126j,0.005998
-0.754988+0.417162j,0.716281-3.155660j,0.669678-3.126854j,0.006121
-0.753879+0.418708j,0.716623-3.155910j,0.669327-3.126582j,0.006243
-0.752743+0.420288j,0.716976-3.156169j,0.668965-3.126299j,0.006371
-0.751625+0.421842j,0.717328-3.156427j,0.668604-3.126017j,0.006498
-0.750480+0.423430j,0.717690-3.156695j,0.668232-3.125724j,0.006631
-0.749352+0.424992j,0.718051-3.156962j,0.667862-3.125432j,0.006764
-0.748198+0.426588j,0.718424-3.157239j,0.667479-3.125128j,0.006901
-0.747061+0.428158j,0.718794-3.157515j,0.667099-3.124825j,0.007039
-0.745896+0.429762j,0.719177-3.157802j,0.666706-3.124510j,0.007182
-0.744750+0.431340j,0.719557-3.158087j,0.666315-3.124196j,0.007325
-0.743576+0.432952j,0.719950-3.158383j,0.665912-3.123870j,0.007474
-0.742419+0.434538j,0.720341-3.158678j,0.665510-3.123544j,0.007622
-0.741235+0.436159j,0.720745-3.158984j,0.665095-3.123206j,0.007777
-0.740069+0.437753j,0.721146-3.159289j,0.664683-3.122868j,0.007931
-0.738876+0.439381j,0.721560-3.159606j,0.664257-3.122517j,0.008091
-0.737700+0.440983j,0.721972-3.159921j,0.663834-3.122167j,0.008252
-0.736496+0.442620j,0.722397-3.160248j,0.663396-3.121804j,0.008418
-0.735310+0.444230j,0.722820-3.160574j,0.662961-3.121441j,0.008585
-0.734096+0.445875j,0.723257-3.160911j,0.662512-3.121064j,0.008758
-0.732901+0.447493j,0.723691-3.161248j,0.662065-3.120687j,0.008930
-0.731677+0.449146j,0.724139-3.161597j,0.661604-3.120297j,0.009110
-0.730471+0.450773j,0.724584-3.161945j,0.661146-3.119907j,0.009290
-0.729237+0.452434j,0.725044-3.162306j,0.660672-3.119502j,0.009476
-0.728021+0.454068j,0.725501-3.162665j,0.660201-3.119098j,0.009662
-0.726777+0.455738j,0.725973-3.163038j,0.659715-3.118678j,0.009856
-0.725550+0.457380j,0.726443-3.163409j,0.659232-3.118259j,0.010049
-0.724296+0.459058j,0.726927-3.163794j,0.658733-3.117824j,0.010250
-0.723059+0.460708j,0.727408-3.164178j,0.658237-3.117390j,0.010451
-0.721794+0.462394j,0.727905-3.164575j,0.657725-3.116939j,0.010660
-0.720547+0.464052j,0.728399-3.164971j,0.657216-3.116489j,0.010868
-0.719272+0.465746j,0.728909-3.165382j,0.656690-3.116022j,0.011085
-0.718014+0.467413j,0.729416-3.165791j,0.656168-3.115555j,0.011301
-0.716728+0.469115j,0.729939-3.166215j,0.655629-3.115071j,0.011526
-0.715460+0.470790j,0.730459-3.166637j,0.655093-3.114587j,0.011750
-0.714163+0.472500j,0.730995-3.167075j,0.654539-3.114085j,0.011984
-0.712885+0.474183j,0.731528-3.167512j,0.653990-3.113584j,0.012217
-0.711577+0.475902j,0.732078-3.167963j,0.653422-3.113063j,0.012459
-0.710288+0.477593j,0.732625-3.168414j,0.652858-3.112544j,0.012701
-0.708970+0.479319j,0.733190-3.168880j,0.652276-3.112005j,0.012952
-0.707670+0.481018j,0.733751-3.169346j,0.651697-3.111466j,0.013203
-0.706340+0.482753j,0.734329-3.169827j,0.651100-3.110907j,0.013463
-0.705030+0.484461j,0.734904-3.170307j,0.650507-3.110349j,0.013724
-0.703689+0.486204j,0.735498-3.170804j,0.649895-3.109770j,0.013994
-0.702368+0.487919j,0.736088-3.171300j,0.649286-3.109191j,0.014264
-0.701016+0.489670j,0.736696-3.171813j,0.648659-3.108591j,0.014545
-0.699683+0.491394j,0.737301-3.172324j,0.648035-3.107991j,0.014825
-0.698320+0.493153j,0.737924-3.172853j,0.647392-3.107369j,0.015116
-0.696977+0.494885j,0.738544-3.173381j,0.646752-3.106747j,0.015407
-0.695603+0.496653j,0.739184-3.173927j,0.646093-3.106103j,0.015708
-0.694248+0.498393j,0.739819-3.174471j,0.645437-3.105458j,0.016010
-0.692862+0.500169j,0.740475-3.175035j,0.644761-3.104790j,0.016323
-0.691496+0.501917j,0.741126-3.175597j,0.644090-3.104122j,0.016636
-0.690099+0.503701j,0.741798-3.176178j,0.643397-3.103430j,0.016961
-0.688722+0.505457j,0.742466-3.176757j,0.642709-3.102738j,0.017285
-0.687313+0.507250j,0.743154-3.177356j,0.641999-3.102020j,0.017622
-0.685924+0.509014j,0.743838-3.177954j,0.641294-3.101303j,0.017958
-0.684504+0.510815j,0.744544-3.178572j,0.640567-3.100559j,0.018307
-0.683104+0.512587j,0.745245-3.179189j,0.639844-3.099815j,0.018656
-0.681672+0.514397j,0.745968-3.179826j,0.639100-3.099045j,0.019018
-0.680260+0.516177j,0.746687-3.180462j,0.638360-3.098274j,0.019380
-0.678816+0.517995j,0.747427-3.181119j,0.637597-3.097475j,0.019755
-0.677393+0.519784j,0.748164-3.181774j,0.636839-3.096676j,0.020131
-0.675937+0.521609j,0.748922-3.182452j,0.636059-3.095849j,0.020520
-0.674502+0.523406j,0.749677-3.183127j,0.635283-3.095021j,0.020909
-0.673034+0.525240j,0.750454-3.183826j,0.634484-3.094163j,0.021312
-0.671587+0.527046j,0.751227-3.184522j,0.633689-3.093305j,0.021715
-0.670107+0.528888j,0.752023-3.185242j,0.632871-3.092416j,0.022133
-0.668648+0.530702j,0.752815-3.185960j,0.632058-3.091526j,0.022551
-0.667156+0.532552j,0.753631-3.186702j,0.631221-3.090605j,0.022985
-0.665685+0.534374j,0.754442-3.187441j,0.630389-3.089683j,0.023418
-0.664181+0.536233j,0.755277-3.188206j,0.629532-3.088728j,0.023867
-0.662697+0.538063j,0.756108-3.188968j,0.628681-3.087773j,0.024316
-0.661181+0.539930j,0.756963-3.189756j,0.627805-3.086783j,0.024782
-0.659685+0.541769j,0.757814-3.190541j,0.626934-3.085793j,0.025247
-0.658156+0.543644j,0.758690-3.191353j,0.626037-3.084767j,0.025729
-0.656648+0.545491j,0.759561-3.192162j,0.625147-3.083741j,0.026212
-0.655107+0.547375j,0.760458-3.192997j,0.624230-3.082678j,0.026712
-0.653587+0.549230j,0.761350-3.193831j,0.623320-3.081614j,0.027211
-0.652033+0.551123j,0.762269-3.194691j,0.622382-3.080512j,0.027729
-0.650500+0.552986j,0.763182-3.195550j,0.621452-3.079410j,0.028247
-0.648933+0.554887j,0.764123-3.196436j,0.620494-3.078268j,0.028784
-0.647387+0.556758j,0.765058-3.197320j,0.619542-3.077125j,0.029320
-0.645808+0.558668j,0.766021-3.198233j,0.618563-3.075941j,0.029876
-0.644250+0.560548j,0.766978-3.199142j,0.617591-3.074757j,0.030432
-0.642657+0.562466j,0.767964-3.200082j,0.616591-3.073530j,0.031008
-0.641086+0.564354j,0.768944-3.201019j,0.615597-3.072303j,0.031584
-0.639481+0.566280j,0.769954-3.201986j,0.614576-3.071031j,0.032180
-0.637897+0.568177j,0.770957-3.202950j,0.613561-3.069759j,0.032777
-0.636278+0.570112j,0.771990-3.203946j,0.612518-3.068441j,0.033395
-0.634682+0.572018j,0.773017-3.204938j,0.611482-3.067122j,0.034012
-0.633050+0.573961j,0.774075-3.205963j,0.610417-3.065756j,0.034652
-0.631440+0.575875j,0.775126-3.206984j,0.609359-3.064389j,0.035292
-0.629795+0.577827j,0.776208-3.208038j,0.608272-3.062973j,0.035955
-0.628172+0.579750j,0.777284-3.209089j,0.607193-3.061557j,0.036618
-0.626513+0.581710j,0.778392-3.210174j,0.606084-3.060089j,0.037304
-0.624877+0.583641j,0.779494-3.211255j,0.604983-3.058620j,0.037991
-0.623205+0.585611j,0.780627-3.212371j,0.603851-3.057099j,0.038701
-0.621555+0.587550j,0.781755-3.213483j,0.602728-3.055576j,0.039412
-0.619869+0.589528j,0.782915-3.214630j,0.601574-3.053999j,0.040148
-0.618206+0.591477j,0.784068-3.215774j,0.600429-3.052421j,0.040884
-0.616506+0.593464j,0.785256-3.216954j,0.599253-3.050786j,0.041646
-0.614829+0.595421j,0.786436-3.218130j,0.598086-3.049151j,0.042408
-0.613116+0.597417j,0.787651-3.219344j,0.596887-3.047456j,0.043197
-0.611425+0.599382j,0.788860-3.220553j,0.595698-3.045760j,0.043986
-0.609698+0.601387j,0.790103-3.221801j,0.594477-3.044003j,0.044803
-0.607994+0.603362j,0.791339-3.223044j,0.593266-3.042246j,0.045619
-0.606252+0.605376j,0.792612-3.224327j,0.592023-3.040424j,0.046465
-0.604534+0.607359j,0.793877-3.225605j,0.590789-3.038602j,0.047311
-0.602778+0.609382j,0.795179-3.226923j,0.589524-3.036714j,0.048186
-0.601046+0.611375j,0.796473-3.228236j,0.588269-3.034825j,0.049061
-0.599276+0.613406j,0.797806-3.229591j,0.586981-3.032867j,0.049967
-0.597529+0.615408j,0.799130-3.230941j,0.585704-3.030909j,0.050873
-0.595745+0.617449j,0.800494-3.232333j,0.584394-3.028880j,0.051811
-0.593984+0.619460j,0.801849-3.233720j,0.583096-3.026849j,0.052749
-0.592185+0.621511j,0.803244-3.235150j,0.581764-3.024745j,0.053719
-0.590409+0.623531j,0.804631-3.236575j,0.580445-3.022640j,0.054690
-0.588596+0.625591j,0.806059-3.238044j,0.579092-3.020458j,0.055695
-0.586806+0.627620j,0.807478-3.239507j,0.577751-3.018275j,0.056699
-0.584977+0.629690j,0.808939-3.241016j,0.576377-3.016014j,0.057739
-0.583172+0.631729j,0.810391-3.242519j,0.575016-3.013750j,0.058778
-0.581329+0.633808j,0.811886-3.244069j,0.573621-3.011406j,0.059854
-0.579509+0.635856j,0.813372-3.245613j,0.572240-3.009059j,0.060930
-0.577650+0.637945j,0.814902-3.247204j,0.570825-3.006627j,0.062044
-0.575816+0.640004j,0.816423-3.248789j,0.569424-3.004194j,0.063157
-0.574004+0.642033j,0.817935-3.250367j,0.568038-3.001757j,0.064270
-0.572134+0.644123j,0.819508-3.252012j,0.566603-2.999207j,0.065435
-0.570288+0.646184j,0.821073-3.253650j,0.565183-2.996654j,0.066599
-0.568465+0.648215j,0.822629-3.255281j,0.563778-2.994099j,0.067763
-0.566587+0.650305j,0.824245-3.256977j,0.562327-2.991429j,0.068978
-0.564732+0.652365j,0.825851-3.258666j,0.560892-2.988756j,0.070193
-0.562901+0.654396j,0.827450-3.260348j,0.559473-2.986080j,0.071408
-0.561014+0.656485j,0.829108-3.262096j,0.558008-2.983285j,0.072675
-0.559151+0.658544j,0.830758-3.263837j,0.556561-2.980488j,0.073943
-0.557311+0.660575j,0.832399-3.265571j,0.555129-2.977687j,0.075210
-0.555415+0.662663j,0.834102-3.267371j,0.553654-2.974762j,0.076532
-0.553544+0.664722j,0.835796-3.269165j,0.552197-2.971835j,0.077854
-0.551695+0.666753j,0.837481-3.270951j,0.550756-2.968904j,0.079176
-0.549791+0.668841j,0.839229-3.272804j,0.549273-2.965845j,0.080554
-0.547911+0.670900j,0.840968-3.274651j,0.547808-2.962782j,0.081931
-0.546053+0.672931j,0.842698-3.276489j,0.546362-2.959716j,0.083309
-0.544141+0.675018j,0.844493-3.278397j,0.544874-2.956517j,0.084745
-0.542252+0.677078j,0.846278-3.280297j,0.543405-2.953314j,0.086181
-0.540386+0.679109j,0.848055-3.282188j,0.541956-2.950108j,0.087616
-0.538465+0.681197j,0.849896-3.284151j,0.540467-2.946764j,0.089112
-0.536567+0.683257j,0.851729-3.286104j,0.538998-2.943415j,0.090608
-0.534692+0.685289j,0.853553-3.288050j,0.537549-2.940063j,0.092103
-0.532763+0.687378j,0.855443-3.290067j,0.536062-2.936568j,0.093661
-0.530856+0.689439j,0.857325-3.292075j,0.534597-2.933069j,0.095218
-0.528972+0.691473j,0.859197-3.294075j,0.533153-2.929565j,0.096776
-0.527034+0.693562j,0.861138-3.296147j,0.531673-2.925913j,0.098397
-0.525118+0.695624j,0.863070-3.298211j,0.530215-2.922257j,0.100019
-0.523225+0.697660j,0.864992-3.300265j,0.528781-2.918597j,0.101640
-0.521278+0.699751j,0.866985-3.302393j,0.527312-2.914782j,0.103328
-0.519354+0.701815j,0.868968-3.304512j,0.525867-2.910963j,0.105015
-0.517451+0.703852j,0.870942-3.306622j,0.524446-2.907140j,0.106703
-0.515495+0.705946j,0.872987-3.308807j,0.522993-2.903157j,0.108459
-0.513561+0.708012j,0.875024-3.310982j,0.521566-2.899169j,0.110215
-0.511650+0.710052j,0.877051-3.313147j,0.520164-2.895177j,0.111970
-0.509684+0.712148j,0.879151-3.315390j,0.518733-2.891019j,0.113797
-0.507741+0.714217j,0.881242-3.317622j,0.517328-2.886856j,0.115624
-0.505820+0.716261j,0.883325-3.319843j,0.515951-2.882688j,0.117451
-0.503844+0.718360j,0.885482-3.322143j,0.514548-2.878349j,0.119351
-0.501891+0.720433j,0.887630-3.324432j,0.513173-2.874004j,0.121251
-0.499960+0.722481j,0.889769-3.326710j,0.511827-2.869655j,0.123151
-0.497974+0.724584j,0.891985-3.329069j,0.510457-2.865128j,0.125127
-0.496011+0.726661j,0.894191-3.331415j,0.509118-2.860595j,0.127103
-0.494070+0.728713j,0.896389-3.333751j,0.507809-2.856058j,0.129078
-0.492074+0.730821j,0.898666-3.336168j,0.506481-2.851335j,0.131133
-0.490100+0.732904j,0.900934-3.338574j,0.505185-2.846608j,0.133188
-0.488148+0.734961j,0.903193-3.340967j,0.503921-2.841876j,0.135242
-0.486141+0.737075j,0.905533-3.343444j,0.502642-2.836950j,0.137379
-0.484157+0.739164j,0.907864-3.345908j,0.501397-2.832021j,0.139515
-0.482194+0.741228j,0.910186-3.348361j,0.500186-2.827087j,0.141652
-0.480175+0.743348j,0.912592-3.350898j,0.498963-2.821952j,0.143873
-0.478179+0.745444j,0.914989-3.353422j,0.497778-2.816813j,0.146094
-0.476204+0.747515j,0.917378-3.355934j,0.496628-2.811671j,0.148315
-0.474174+0.749644j,0.919852-3.358532j,0.495472-2.806319j,0.150625
-0.472165+0.751747j,0.922318-3.361117j,0.494355-2.800963j,0.152935
-0.470179+0.753827j,0.924776-3.363689j,0.493277-2.795604j,0.155244
-0.468135+0.755965j,0.927322-3.366349j,0.492196-2.790027j,0.157646
-0.466114+0.758078j,0.929860-3.368996j,0.491158-2.784447j,0.160047
-0.464114+0.760167j,0.932390-3.371629j,0.490161-2.778864j,0.162449
-0.462057+0.762315j,0.935012-3.374352j,0.489168-2.773054j,0.164947
-0.460022+0.764439j,0.937625-3.377061j,0.488219-2.767242j,0.167444
-0.458009+0.766539j,0.940230-3.379756j,0.487314-2.761427j,0.169941
-0.455937+0.768700j,0.942931-3.382544j,0.486419-2.755376j,0.172539
-0.453887+0.770836j,0.945624-3.385317j,0.485571-2.749323j,0.175137
-0.451859+0.772948j,0.948308-3.388075j,0.484770-2.743268j,0.177734
-0.449771+0.775122j,0.951092-3.390929j,0.483987-2.736967j,0.180437
-0.447706+0.777272j,0.953868-3.393767j,0.483254-2.730665j,0.183140
-0.445662+0.779399j,0.956636-3.396589j,0.482570-2.724362j,0.185842
-0.443557+0.781589j,0.959509-3.399510j,0.481912-2.717802j,0.188655
-0.441475+0.783754j,0.962373-3.402415j,0.481307-2.711242j,0.191468
-0.439414+0.785897j,0.965229-3.405303j,0.480755-2.704683j,0.194281
-0.437291+0.788104j,0.968194-3.408293j,0.480237-2.697855j,0.197209
-0.435190+0.790288j,0.971152-3.411265j,0.479776-2.691028j,0.200137
-0.433111+0.792448j,0.974101-3.414221j,0.479371-2.684203j,0.203066
-0.430968+0.794675j,0.977165-3.417282j,0.479009-2.677097j,0.206116
-0.428847+0.796879j,0.980221-3.420325j,0.478709-2.669995j,0.209166
-0.426748+0.799060j,0.983270-3.423350j,0.478468-2.662896j,0.212216
-0.424583+0.801309j,0.986439-3.426483j,0.478281-2.655502j,0.215395
-0.422440+0.803535j,0.989600-3.429598j,0.478159-2.648114j,0.218573
-0.420320+0.805739j,0.992754-3.432695j,0.478101-2.640732j,0.221752
-0.418131+0.808013j,0.996035-3.435904j,0.478108-2.633040j,0.225067
-0.415965+0.810264j,0.999308-3.439093j,0.478185-2.625357j,0.228381
-0.413820+0.812493j,1.002574-3.442263j,0.478329-2.617682j,0.231695
-0.411606+0.814795j,1.005974-3.445550j,0.478553-2.609684j,0.235154
-0.409414+0.817074j,1.009367-3.448817j,0.478849-2.601696j,0.238612
-0.407244+0.819331j,1.012753-3.452063j,0.479219-2.593720j,0.242070
-0.405002+0.821664j,1.016280-3.455430j,0.479681-2.585405j,0.245682
-0.402782+0.823975j,1.019801-3.458776j,0.480222-2.577105j,0.249292
-0.400585+0.826262j,1.023314-3.462101j,0.480840-2.568819j,0.252903
-0.398312+0.828629j,1.026977-3.465551j,0.481567-2.560180j,0.256675
-0.396063+0.830973j,1.030634-3.468978j,0.482377-2.551559j,0.260447
-0.393836+0.833295j,1.034283-3.472383j,0.483270-2.542958j,0.264218
-0.391532+0.835698j,1.038090-3.475917j,0.484289-2.533990j,0.268160
-0.389251+0.838079j,1.041890-3.479428j,0.485396-2.525045j,0.272101
-0.386993+0.840437j,1.045684-3.482915j,0.486590-2.516124j,0.276042
-0.384657+0.842878j,1.049641-3.486533j,0.487930-2.506829j,0.280161
-0.382344+0.845297j,1.053592-3.490126j,0.489362-2.497561j,0.284279
-0.380054+0.847693j,1.057537-3.493695j,0.490887-2.488323j,0.288397
-0.377686+0.850172j,1.061649-3.497394j,0.492575-2.478710j,0.292697
-0.375342+0.852629j,1.065755-3.501068j,0.494361-2.469131j,0.296996
-0.373021+0.855063j,1.069856-3.504715j,0.496243-2.459586j,0.301295
-0.370626+0.857578j,1.074123-3.508488j,0.498306-2.449679j,0.305775
-0.368254+0.860069j,1.078384-3.512234j,0.500470-2.439813j,0.310255
-0.365904+0.862540j,1.082639-3.515953j,0.502735-2.429987j,0.314734
-0.363488+0.865083j,1.087053-3.519786j,0.505192-2.419829j,0.319386
-0.361095+0.867604j,1.091462-3.523592j,0.507755-2.409718j,0.324037
-0.358725+0.870104j,1.095866-3.527369j,0.510421-2.399655j,0.328689
-0.356376+0.872583j,1.100265-3.531119j,0.513189-2.389641j,0.333339
-0.353948+0.875149j,1.104851-3.535003j,0.516184-2.379245j,0.338193
-0.351542+0.877694j,1.109433-3.538858j,0.519287-2.368905j,0.343047
-0.349158+0.880219j,1.114010-3.542685j,0.522496-2.358623j,0.347900
-0.346796+0.882723j,1.118584-3.546482j,0.525808-2.348399j,0.352753
-0.344454+0.885209j,1.123153-3.550252j,0.529222-2.338235j,0.357605
-0.342041+0.887773j,1.127899-3.554142j,0.532877-2.327733j,0.362649
-0.339650+0.890317j,1.132642-3.558001j,0.536638-2.317298j,0.367693
-0.337279+0.892842j,1.137381-3.561832j,0.540503-2.306931j,0.372736
-0.334928+0.895349j,1.142117-3.565635j,0.544469-2.296631j,0.377779
-0.332597+0.897838j,1.146850-3.569409j,0.548535-2.286402j,0.382822
-0.330284+0.900310j,1.151581-3.573155j,0.552699-2.276242j,0.387864
-0.327990+0.902765j,1.156309-3.576874j,0.556959-2.266153j,0.392906
-0.325714+0.905204j,1.161035-3.580565j,0.561312-2.256136j,0.397947
-0.323371+0.907717j,1.165936-3.584367j,0.565925-2.245820j,0.403178
-0.321047+0.910214j,1.170835-3.588141j,0.570634-2.235582j,0.408408
-0.318740+0.912695j,1.175732-3.591887j,0.575438-2.225424j,0.413638
-0.316450+0.915161j,1.180627-3.595605j,0.580333-2.215345j,0.418868
-0.314178+0.917611j,1.185521-3.599296j,0.585318-2.205347j,0.424097
-0.311922+0.920046j,1.190413-3.602960j,0.590390-2.195430j,0.429326
-0.309682+0.922467j,1.195305-3.606598j,0.595548-2.185594j,0.434555
-0.307457+0.924875j,1.200195-3.610210j,0.600788-2.175840j,0.439783
-0.305247+0.927268j,1.205084-3.613796j,0.606110-2.166169j,0.445011
-0.303053+0.929649j,1.209973-3.617356j,0.611510-2.156579j,0.450238
-0.300872+0.932017j,1.214860-3.620892j,0.616988-2.147073j,0.455465
-0.298630+0.934455j,1.219919-3.624525j,0.622736-2.137320j,0.460876
-0.296403+0.936879j,1.224977-3.628132j,0.628562-2.127656j,0.466286
-0.294189+0.939292j,1.230035-3.631714j,0.634464-2.118081j,0.471696
-0.291990+0.941691j,1.235093-3.635270j,0.640440-2.108596j,0.477106
-0.289804+0.944079j,1.240151-3.638801j,0.646487-2.099200j,0.482515
-0.287631+0.946456j,1.245208-3.642307j,0.652603-2.089893j,0.487924
-0.285471+0.948821j,1.250266-3.645789j,0.658787-2.080675j,0.493333
-0.283323+0.951175j,1.255324-3.649246j,0.665035-2.071546j,0.498742
-0.281188+0.953518j,1.260382-3.652680j,0.671347-2.062506j,0.504150
-0.279064+0.955851j,1.265441-3.656091j,0.677720-2.053555j,0.509558
-0.276952+0.958174j,1.270500-3.659478j,0.684153-2.044693j,0.514965
-0.274774+0.960571j,1.275745-3.662965j,0.690882-2.035599j,0.520571
-0.272608+0.962958j,1.280990-3.666428j,0.697670-2.026601j,0.526176
-0.270453+0.965334j,1.286237-3.669867j,0.704516-2.017696j,0.531781
-0.268310+0.967701j,1.291484-3.673282j,0.711417-2.008886j,0.537386
-0.266177+0.970059j,1.296732-3.676674j,0.718373-2.000169j,0.542991
-0.264055+0.972407j,1.301981-3.680043j,0.725380-1.991545j,0.548595
-0.261943+0.974745j,1.307231-3.683389j,0.732437-1.983014j,0.554199
-0.259841+0.977075j,1.312482-3.686713j,0.739542-1.974575j,0.559803
-0.257748+0.979397j,1.317734-3.690015j,0.746694-1.966227j,0.565406
-0.255665+0.981709j,1.322987-3.693295j,0.753890-1.957971j,0.571009
-0.253515+0.984099j,1.328437-3.696674j,0.761398-1.949505j,0.576820
-0.251374+0.986480j,1.333888-3.700030j,0.768951-1.941135j,0.582631
-0.249243+0.988853j,1.339340-3.703364j,0.776546-1.932861j,0.588442
-0.247120+0.991218j,1.344793-3.706675j,0.784182-1.924683j,0.594252
-0.245007+0.993575j,1.350249-3.709964j,0.791857-1.916600j,0.600062
-0.242902+0.995923j,1.355705-3.713232j,0.799570-1.908611j,0.605872
-0.240805+0.998264j,1.361164-3.716479j,0.807318-1.900715j,0.611682
-0.238717+1.000598j,1.366624-3.719704j,0.815100-1.892912j,0.617491
-0.236637+1.002925j,1.372085-3.722908j,0.822916-1.885200j,0.623301
-0.234490+1.005327j,1.377744-3.726206j,0.831043-1.877309j,0.629317
-0.232351+1.007721j,1.383404-3.729481j,0.839202-1.869515j,0.635334
-0.230220+1.010109j,1.389066-3.732735j,0.847391-1.861816j,0.641350
-0.228097+1.012489j,1.394730-3.735968j,0.855609-1.854213j,0.647367
-0.225981+1.014863j,1.400396-3.739181j,0.863854-1.846703j,0.653382
-0.223872+1.017230j,1.406064-3.742372j,0.872125-1.839287j,0.659398
-0.221770+1.019590j,1.411734-3.745543j,0.880420-1.831963j,0.665414
-0.219675+1.021944j,1.417405-3.748694j,0.888739-1.824730j,0.671429
-0.217586+1.024291j,1.423079-3.751826j,0.897079-1.817588j,0.677444
-0.215427+1.026720j,1.428966-3.755053j,0.905751-1.810275j,0.683683
-0.213273+1.029142j,1.434855-3.758259j,0.914444-1.803057j,0.689921
-0.211127+1.031557j,1.440746-3.761445j,0.923156-1.795932j,0.696160
-0.208986+1.033967j,1.446639-3.764611j,0.931886-1.788901j,0.702398
-0.206852+1.036371j,1.452535-3.767757j,0.940633-1.781962j,0.708636
-0.204723+1.038769j,1.458432-3.770884j,0.949395-1.775115j,0.714873
-0.202600+1.041161j,1.464332-3.773991j,0.958172-1.768356j,0.721111
-0.200482+1.043548j,1.470234-3.777079j,0.966963-1.761687j,0.727348
-0.198370+1.045929j,1.476138-3.780148j,0.975765-1.755106j,0.733586
-0.196182+1.048395j,1.482269-3.783314j,0.984914-1.748366j,0.740060
-0.194000+1.050856j,1.488402-3.786460j,0.994075-1.741719j,0.746534
-0.191823+1.053311j,1.494538-3.789587j,1.003244-1.735163j,0.753008
-0.189651+1.055760j,1.500676-3.792694j,1.012423-1.728697j,0.759482
-0.187484+1.058205j,1.506816-3.795783j,1.021610-1.722320j,0.765955
-0.185321+1.060645j,1.512959-3.798853j,1.030803-1.716031j,0.772429
-0.183163+1.063079j,1.519104-3.801905j,1.040002-1.709829j,0.778902
-0.181009+1.065509j,1.525251-3.804938j,1.049207-1.703712j,0.785375
-0.178786+1.068017j,1.531610-3.808056j,1.058729-1.697476j,0.792068
-0.176567+1.070520j,1.537972-3.811155j,1.068255-1.691328j,0.798762
-0.174352+1.073017j,1.544337-3.814236j,1.077784-1.685269j,0.805455
-0.172141+1.075511j,1.550703-3.817298j,1.087314-1.679297j,0.812148
-0.169934+1.077999j,1.557073-3.820342j,1.096845-1.673410j,0.818841
-0.167730+1.080484j,1.563444-3.823368j,1.106376-1.667608j,0.825534
-0.165529+1.082963j,1.569818-3.826377j,1.115907-1.661889j,0.832227
-0.163332+1.085439j,1.576195-3.829368j,1.125437-1.656252j,0.838919
-0.161063+1.087994j,1.582791-3.832444j,1.135289-1.650508j,0.845840
-0.158797+1.090546j,1.589391-3.835501j,1.145139-1.644850j,0.852761
-0.156535+1.093093j,1.595992-3.838541j,1.154985-1.639276j,0.859681
-0.154275+1.095636j,1.602596-3.841563j,1.164827-1.633785j,0.866601
-0.152018+1.098174j,1.609203-3.844568j,1.174664-1.628375j,0.873522
-0.149763+1.100709j,1.615812-3.847555j,1.184496-1.623047j,0.880442
-0.147511+1.103240j,1.622424-3.850527j,1.194322-1.617798j,0.887362
-0.145261+1.105767j,1.629038-3.853481j,1.204141-1.612628j,0.894281
-0.142937+1.108376j,1.635879-3.856519j,1.214285-1.607364j,0.901436
-0.140614+1.110982j,1.642723-3.859540j,1.224422-1.602181j,0.908590
-0.138294+1.113583j,1.649569-3.862544j,1.234550-1.597078j,0.915745
-0.135976+1.116181j,1.656418-3.865531j,1.244668-1.592055j,0.922899
-0.133660+1.118775j,1.663269-3.868502j,1.254777-1.587109j,0.930053
-0.131345+1.121366j,1.670123-3.871457j,1.264876-1.582240j,0.937207
-0.129031+1.123953j,1.676979-3.874396j,1.274964-1.577448j,0.944361
-0.126719+1.126537j,1.683837-3.877319j,1.285041-1.572729j,0.951514
-0.124408+1.129118j,1.690698-3.880227j,1.295106-1.568085j,0.958668
-0.122011+1.131793j,1.697821-3.883229j,1.305540-1.563341j,0.966092
-0.119615+1.134464j,1.704946-3.886215j,1.315960-1.558674j,0.973516
-0.117220+1.137132j,1.712074-3.889185j,1.326367-1.554083j,0.980939
-0.114825+1.139797j,1.719205-3.892139j,1.336761-1.549566j,0.988363
-0.112431+1.142459j,1.726337-3.895078j,1.347140-1.545123j,0.995786
-0.110037+1.145118j,1.733472-3.898002j,1.357504-1.540753j,1.003210
-0.107644+1.147774j,1.740610-3.900911j,1.367854-1.536453j,1.010633
-0.105251+1.150427j,1.747750-3.903805j,1.378189-1.532224j,1.018056
-0.102859+1.153077j,1.754892-3.906685j,1.388508-1.528064j,1.025479
-0.100377+1.155823j,1.762302-3.909658j,1.399195-1.523822j,1.033177
-0.097895+1.158566j,1.769714-3.912615j,1.409864-1.519652j,1.040876
-0.095413+1.161306j,1.777129-3.915557j,1.420517-1.515553j,1.048575
-0.092930+1.164043j,1.784547-3.918485j,1.431152-1.511524j,1.056273
-0.090448+1.166778j,1.791966-3.921399j,1.441770-1.507564j,1.063971
-0.087964+1.169510j,1.799388-3.924299j,1.452370-1.503672j,1.071669
-0.085480+1.172239j,1.806812-3.927185j,1.462951-1.499847j,1.079367
-0.082995+1.174966j,1.814239-3.930057j,1.473515-1.496088j,1.087065
-0.080509+1.177690j,1.821667-3.932916j,1.484060-1.492393j,1.094763
-0.077931+1.180511j,1.829369-3.935865j,1.494970-1.488632j,1.102741
-0.075352+1.183330j,1.837072-3.938801j,1.505861-1.484939j,1.110719
-0.072772+1.186146j,1.844778-3.941723j,1.516731-1.481312j,1.118697
-0.070190+1.188960j,1.852487-3.944631j,1.527581-1.477751j,1.126674
-0.067607+1.191771j,1.860197-3.947527j,1.538411-1.474255j,1.134652
-0.065022+1.194580j,1.867910-3.950409j,1.549220-1.470822j,1.142629
-0.062435+1.197387j,1.875624-3.953279j,1.560009-1.467453j,1.150607
-0.059846+1.200192j,1.883341-3.956137j,1.570778-1.464145j,1.158584
-0.057256+1.202995j,1.891060-3.958982j,1.581526-1.460898j,1.166561
-0.054570+1.205895j,1.899055-3.961916j,1.592635-1.457598j,1.174821
-0.051883+1.208793j,1.907052-3.964837j,1.603721-1.454363j,1.183081
-0.049193+1.211688j,1.915052-3.967746j,1.614786-1.451189j,1.191342
-0.046501+1.214582j,1.923053-3.970643j,1.625828-1.448077j,1.199602
-0.043805+1.217474j,1.931057-3.973527j,1.636849-1.445026j,1.207862
-0.041107+1.220364j,1.939062-3.976400j,1.647847-1.442034j,1.216121
-0.038406+1.223252j,1.947070-3.979262j,1.658823-1.439101j,1.224381
-0.035702+1.226138j,1.955079-3.982112j,1.669777-1.436226j,1.232641
-0.032995+1.229022j,1.963091-3.984952j,1.680709-1.433409j,1.240900
-0.030191+1.232004j,1.971381-3.987878j,1.691995-1.430552j,1.249445
-0.027383+1.234984j,1.979673-3.990792j,1.703258-1.427756j,1.257989
-0.024572+1.237963j,1.987966-3.993696j,1.714497-1.425017j,1.266534
-0.021757+1.240939j,1.996262-3.996588j,1.725713-1.422337j,1.275078
-0.018938+1.243914j,2.004560-3.999470j,1.736906-1.419713j,1.283622
-0.016115+1.246887j,2.012859-4.002342j,1.748075-1.417144j,1.292166
-0.013289+1.249859j,2.021160-4.005203j,1.759221-1.414631j,1.300710
-0.010458+1.252829j,2.029463-4.008055j,1.770344-1.412173j,1.309254
-0.007622+1.255798j,2.037767-4.010896j,1.781444-1.409767j,1.317798
-0.004783+1.258765j,2.046073-4.013728j,1.792521-1.407415j,1.326342
-0.001833+1.261841j,2.054690-4.016655j,1.803985-1.405030j,1.335202
0.001122+1.264915j,2.063307-4.019573j,1.815424-1.402700j,1.344063
0.004082+1.267987j,2.071927-4.022480j,1.826839-1.400424j,1.352924
0.007046+1.271059j,2.080548-4.025379j,1.838229-1.398202j,1.361784
0.010016+1.274128j,2.089171-4.028268j,1.849596-1.396033j,1.370644
0.012992+1.277197j,2.097795-4.031148j,1.860938-1.393915j,1.379505
0.015972+1.280264j,2.106421-4.034019j,1.872256-1.391849j,1.388365
0.018958+1.283329j,2.115048-4.036882j,1.883551-1.389834j,1.397225
0.021950+1.286394j,2.123677-4.039736j,1.894822-1.387868j,1.406085
0.024947+1.289457j,2.132307-4.042582j,1.906069-1.385952j,1.414944
0.028057+1.292628j,2.141247-4.045522j,1.917693-1.384018j,1.424120
0.031174+1.295798j,2.150188-4.048453j,1.929292-1.382135j,1.433296
0.034297+1.298967j,2.159131-4.051376j,1.940866-1.380303j,1.442472
0.037426+1.302135j,2.168075-4.054291j,1.952415-1.378521j,1.451648
0.040562+1.305301j,2.177020-4.057198j,1.963940-1.376788j,1.460823
0.043705+1.308466j,2.185966-4.060098j,1.975441-1.375104j,1.469999
0.046854+1.311630j,2.194914-4.062991j,1.986917-1.373467j,1.479174
0.050010+1.314793j,2.203863-4.065876j,1.998370-1.371878j,1.488349
0.053173+1.317955j,2.212813-4.068755j,2.009798-1.370335j,1.497525
0.056343+1.321116j,2.221764-4.071627j,2.021202-1.368838j,1.506700
0.059629+1.324384j,2.231023-4.074590j,2.032973-1.367337j,1.516189
0.062922+1.327650j,2.240282-4.077547j,2.044718-1.365884j,1.525677
0.066224+1.330916j,2.249543-4.080497j,2.056438-1.364479j,1.535166
0.069533+1.334181j,2.258805-4.083441j,2.068133-1.363120j,1.544654
0.072850+1.337444j,2.268068-4.086378j,2.079804-1.361807j,1.554143
0.076175+1.340707j,2.277332-4.089310j,2.091451-1.360539j,1.563631
0.079509+1.343969j,2.286596-4.092236j,2.103074-1.359316j,1.573120
0.082850+1.347230j,2.295862-4.095156j,2.114672-1.358137j,1.582608
0.086200+1.350490j,2.305129-4.098071j,2.126247-1.357002j,1.592096
0.089558+1.353749j,2.314396-4.100981j,2.137798-1.355910j,1.601584
0.092925+1.357007j,2.323664-4.103886j,2.149326-1.354860j,1.611072
0.096422+1.360381j,2.333266-4.106890j,2.161243-1.353817j,1.620900
0.099928+1.363754j,2.342868-4.109889j,2.173136-1.352818j,1.630728
0.103443+1.367126j,2.352471-4.112883j,2.185004-1.351863j,1.640556
0.106968+1.370498j,2.362074-4.115873j,2.196847-1.350951j,1.650384
0.110502+1.373868j,2.371679-4.118858j,2.208667-1.350082j,1.660211
0.114046+1.377238j,2.381284-4.121839j,2.220462-1.349256j,1.670039
0.117600+1.380606j,2.390889-4.124817j,2.232234-1.348471j,1.679867
0.121163+1.383974j,2.400495-4.127790j,2.243982-1.347727j,1.689694
0.124737+1.387342j,2.410102-4.130759j,2.255708-1.347024j,1.699522
0.128320+1.390708j,2.419709-4.133725j,2.267410-1.346361j,1.709349
0.131914+1.394074j,2.429316-4.136688j,2.279089-1.345738j,1.719176
0.135640+1.397553j,2.439251-4.139748j,2.291141-1.345135j,1.729337
0.139377+1.401031j,2.449185-4.142805j,2.303169-1.344574j,1.739497
0.143126+1.404508j,2.459120-4.145859j,2.315173-1.344053j,1.749658
0.146885+1.407985j,2.469055-4.148910j,2.327153-1.343573j,1.759818
0.150656+1.411460j,2.478991-4.151959j,2.339110-1.343133j,1.769978
0.154438+1.414935j,2.488926-4.155005j,2.351044-1.342732j,1.780139
0.158232+1.418409j,2.498862-4.158049j,2.362954-1.342370j,1.790299
0.162037+1.421883j,2.508799-4.161090j,2.374842-1.342047j,1.800459
0.165853+1.425355j,2.518735-4.164130j,2.386708-1.341763j,1.810619
0.169682+1.428827j,2.528671-4.167168j,2.398551-1.341515j,1.820779
0.173522+1.432298j,2.538608-4.170205j,2.410372-1.341306j,1.830939
0.177374+1.435769j,2.548544-4.173239j,2.422171-1.341133j,1.841099
0.181372+1.439359j,2.558827-4.176379j,2.434358-1.340992j,1.851612
0.185384+1.442949j,2.569110-4.179517j,2.446522-1.340890j,1.862126
0.189409+1.446537j,2.579392-4.182654j,2.458663-1.340826j,1.872639
0.193447+1.450125j,2.589675-4.185790j,2.470781-1.340800j,1.883152
0.197497+1.453712j,2.599957-4.188926j,2.482877-1.340812j,1.893666
0.201562+1.457299j,2.610239-4.192060j,2.494951-1.340860j,1.904179
0.205639+1.460884j,2.620521-4.195195j,2.507003-1.340945j,1.914692
0.209730+1.464469j,2.630803-4.198329j,2.519032-1.341066j,1.925205
0.213834+1.468052j,2.641085-4.201463j,2.531041-1.341223j,1.935718
0.217952+1.471635j,2.651366-4.204598j,2.543027-1.341415j,1.946231
0.222084+1.475217j,2.661646-4.207732j,2.554993-1.341642j,1.956744
0.226230+1.478799j,2.671927-4.210867j,2.566938-1.341904j,1.967257
0.230389+1.482379j,2.682207-4.214002j,2.578861-1.342200j,1.977769
0.234709+1.486084j,2.692848-4.217248j,2.591182-1.342542j,1.988651
0.239044+1.489789j,2.703488-4.220496j,2.603481-1.342920j,1.999533
0.243395+1.493492j,2.714127-4.223744j,2.615759-1.343334j,2.010415
0.247761+1.497195j,2.724766-4.226993j,2.628015-1.343783j,2.021296
0.252141+1.500896j,2.735405-4.230243j,2.640249-1.344267j,2.032178
0.256538+1.504597j,2.746043-4.233495j,2.652463-1.344786j,2.043059
0.260950+1.508296j,2.756680-4.236749j,2.664655-1.345339j,2.053941
0.265377+1.511995j,2.767316-4.240004j,2.676827-1.345925j,2.064822
0.269820+1.515692j,2.777952-4.243262j,2.688979-1.346546j,2.075703
0.274279+1.519389j,2.788586-4.246521j,2.701110-1.347199j,2.086585
0.278754+1.523084j,2.799220-4.249782j,2.713221-1.347885j,2.097466
0.283245+1.526778j,2.809853-4.253046j,2.725313-1.348604j,2.108347
0.287751+1.530472j,2.820485-4.256312j,2.737384-1.349355j,2.119228
0.292274+1.534164j,2.831117-4.259581j,2.749436-1.350139j,2.130109
0.296972+1.537984j,2.842117-4.262966j,2.761888-1.350982j,2.141369
0.301687+1.541802j,2.853117-4.266354j,2.774319-1.351860j,2.152629
0.306419+1.545619j,2.864115-4.269746j,2.786730-1.352771j,2.163888
0.311169+1.549435j,2.875112-4.273140j,2.799120-1.353714j,2.175148
0.315937+1.553250j,2.886108-4.276538j,2.811491-1.354691j,2.186407
0.320723+1.557063j,2.897103-4.279940j,2.823842-1.355699j,2.197666
0.325526+1.560875j,2.908096-4.283345j,2.836174-1.356740j,2.208926
0.330348+1.564686j,2.919089-4.286754j,2.848486-1.357813j,2.220185
0.335187+1.568495j,2.930080-4.290167j,2.860779-1.358917j,2.231444
0.340045+1.572303j,2.941069-4.293584j,2.873053-1.360053j,2.242703
0.344922+1.576110j,2.952058-4.297005j,2.885308-1.361219j,2.253962
0.349816+1.579915j,2.963044-4.300430j,2.897545-1.362416j,2.265221
0.354729+1.583718j,2.974030-4.303860j,2.909763-1.363644j,2.276480
0.359661+1.587521j,2.985014-4.307294j,2.921963-1.364902j,2.287739
0.364611+1.591321j,2.995996-4.310733j,2.934145-1.366189j,2.298998
0.369749+1.595249j,3.007350-4.314293j,2.946722-1.367552j,2.310638
0.374907+1.599175j,3.018701-4.317859j,2.959279-1.368946j,2.322279
0.380085+1.603100j,3.030051-4.321429j,2.971817-1.370371j,2.333919
0.385283+1.607022j,3.041400-4.325005j,2.984337-1.371828j,2.345559
0.390502+1.610943j,3.052746-4.328587j,2.996839-1.373315j,2.357199
0.395742+1.614862j,3.064091-4.332174j,3.009322-1.374832j,2.368839
0.401002+1.618779j,3.075434-4.335767j,3.021788-1.376380j,2.380478
0.406283+1.622695j,3.086775-4.339365j,3.034235-1.377957j,2.392118
0.411584+1.626608j,3.098114-4.342970j,3.046665-1.379564j,2.403758
0.416907+1.630519j,3.109451-4.346580j,3.059077-1.381201j,2.415398
0.422250+1.634429j,3.120787-4.350197j,3.071472-1.382867j,2.427038
0.427615+1.638336j,3.132120-4.353820j,3.083850-1.384562j,2.438677
0.433000+1.642241j,3.143451-4.357449j,3.096211-1.386286j,2.450317
0.438407+1.646144j,3.154781-4.361084j,3.108555-1.388038j,2.461957
0.443836+1.650045j,3.166108-4.364726j,3.120882-1.389819j,2.473596
0.449286+1.653944j,3.177433-4.368375j,3.133192-1.391628j,2.485236
0.454757+1.657840j,3.188757-4.372030j,3.145487-1.393465j,2.496875
0.460439+1.661867j,3.200466-4.375818j,3.158185-1.395394j,2.508913
0.466144+1.665893j,3.212173-4.379613j,3.170867-1.397353j,2.520951
0.471873+1.669915j,3.223877-4.383415j,3.183531-1.399340j,2.532989
0.477624+1.673935j,3.235580-4.387225j,3.196179-1.401357j,2.545027
0.483400+1.677952j,3.247279-4.391043j,3.208810-1.403403j,2.557065
0.489199+1.681967j,3.258977-4.394868j,3.221424-1.405477j,2.569103
0.495022+1.685979j,3.270672-4.398701j,3.234022-1.407580j,2.581141
0.500869+1.689988j,3.282364-4.402542j,3.246604-1.409711j,2.593178
0.506740+1.693994j,3.294054-4.406390j,3.259170-1.411870j,2.605216
0.512634+1.697997j,3.305742-4.410247j,3.271720-1.414056j,2.617254
0.518553+1.701997j,3.317427-4.414112j,3.284254-1.416271j,2.629292
0.524497+1.705994j,3.329109-4.417985j,3.296772-1.418512j,2.641329
0.530464+1.709988j,3.340789-4.421867j,3.309275-1.420781j,2.653367
0.536457+1.713979j,3.352466-4.425757j,3.321763-1.423077j,2.665404
0.542473+1.717967j,3.364141-4.429655j,3.334235-1.425400j,2.677442
0.548515+1.721952j,3.375813-4.433561j,3.346692-1.427750j,2.689479
0.554581+1.725933j,3.387482-4.437477j,3.359135-1.430126j,2.701517
0.560672+1.729911j,3.399149-4.441400j,3.371563-1.432529j,2.713554
0.566788+1.733886j,3.410813-4.445333j,3.383976-1.434958j,2.725592
0.572929+1.737857j,3.422474-4.449274j,3.396374-1.437412j,2.737629
0.579311+1.741963j,3.434539-4.453363j,3.409191-1.439980j,2.750087
0.585720+1.746065j,3.446602-4.457461j,3.421993-1.442576j,2.762544
0.592156+1.750163j,3.458662-4.461568j,3.434779-1.445198j,2.775002
0.598620+1.754258j,3.470719-4.465685j,3.447551-1.447848j,2.787459
0.605111+1.758348j,3.482773-4.469812j,3.460308-1.450525j,2.799917
0.611629+1.762434j,3.494823-4.473949j,3.473050-1.453229j,2.812374
0.618176+1.766516j,3.506871-4.478096j,3.485777-1.455959j,2.824832
0.624749+1.770594j,3.518915-4.482252j,3.498491-1.458716j,2.837289
0.631351+1.774667j,3.530956-4.486419j,3.511189-1.461500j,2.849747
0.637980+1.778736j,3.542994-4.490595j,3.523874-1.464309j,2.862204
0.644638+1.782801j,3.555029-4.494782j,3.536545-1.467144j,2.874662
0.651323+1.786861j,3.567061-4.498979j,3.549202-1.470006j,2.887119
0.658037+1.790916j,3.579089-4.503186j,3.561845-1.472893j,2.899576
0.664779+1.794967j,3.591114-4.507403j,3.574474-1.475806j,2.912033
0.671549+1.799012j,3.603136-4.511631j,3.587090-1.478744j,2.924491
0.678348+1.803053j,3.615155-4.515869j,3.599693-1.481707j,2.936948
0.685176+1.807089j,3.627170-4.520117j,3.612282-1.484696j,2.949405
0.692032+1.811120j,3.639182-4.524376j,3.624858-1.487709j,2.961862
0.698917+1.815146j,3.651190-4.528646j,3.637421-1.490747j,2.974319
0.705831+1.819167j,3.663195-4.532926j,3.649971-1.493810j,2.986776
0.712775+1.823182j,3.675197-4.537217j,3.662509-1.496898j,2.999234
0.719747+1.827193j,3.687196-4.541518j,3.675033-1.500010j,3.011691
0.726748+1.831197j,3.699191-4.545830j,3.687545-1.503146j,3.024148
0.733779+1.835196j,3.711182-4.550153j,3.700045-1.506307j,3.036605
0.741086+1.839329j,3.723588-4.554638j,3.712967-1.509603j,3.049495
0.748424+1.843456j,3.735990-4.559134j,3.725876-1.512925j,3.062385
0.755794+1.847576j,3.748388-4.563642j,3.738772-1.516272j,3.075276
0.763196+1.851690j,3.760783-4.568162j,3.751655-1.519644j,3.088166
0.770630+1.855798j,3.773174-4.572694j,3.764525-1.523042j,3.101056
0.778097+1.859900j,3.785561-4.577237j,3.777383-1.526464j,3.113946
0.785595+1.863995j,3.797944-4.581792j,3.790228-1.529912j,3.126837
0.793126+1.868083j,3.810323-4.586359j,3.803061-1.533384j,3.139727
0.800689+1.872164j,3.822699-4.590938j,3.815881-1.536881j,3.152617
0.808284+1.876239j,3.835071-4.595529j,3.828689-1.540403j,3.165507
0.815912+1.880307j,3.847439-4.600132j,3.841485-1.543949j,3.178397
0.823573+1.884367j,3.859803-4.604746j,3.854269-1.547519j,3.191287
0.831267+1.888421j,3.872163-4.609373j,3.867041-1.551114j,3.204178
0.838994+1.892467j,3.884520-4.614012j,3.879802-1.554733j,3.217068
0.846754+1.896506j,3.896872-4.618663j,3.892551-1.558375j,3.229958
0.854547+1.900538j,3.909221-4.623326j,3.905288-1.562041j,3.242848
0.862374+1.904562j,3.921565-4.628002j,3.918013-1.565731j,3.255738
0.870234+1.908579j,3.933906-4.632689j,3.930728-1.569445j,3.268628
0.878127+1.912587j,3.946243-4.637389j,3.943431-1.573182j,3.281518
0.886054+1.916588j,3.958576-4.642101j,3.956122-1.576942j,3.294408
0.894015+1.920581j,3.970905-4.646825j,3.968803-1.580726j,3.307297
0.902010+1.924566j,3.983229-4.651562j,3.981473-1.584533j,3.320187
0.910038+1.928543j,3.995550-4.656310j,3.994131-1.588362j,3.333077
0.918101+1.932511j,4.007867-4.661072j,4.006779-1.592215j,3.345967
0.926198+1.936471j,4.020180-4.665845j,4.019417-1.596090j,3.358857
0.934329+1.940423j,4.032489-4.670631j,4.032043-1.599989j,3.371747
0.942495+1.944366j,4.044794-4.675430j,4.044659-1.603909j,3.384637
0.950695+1.948300j,4.057095-4.680241j,4.057265-1.607853j,3.397526
0.958929+1.952225j,4.069392-4.685064j,4.069860-1.611818j,3.410416
0.967199+1.956142j,4.081685-4.689900j,4.082445-1.615806j,3.423306
0.975785+1.960181j,4.094389-4.694912j,4.095445-1.619952j,3.436631
0.984408+1.964211j,4.107090-4.699938j,4.108435-1.624122j,3.449957
0.993069+1.968231j,4.119786-4.704978j,4.121413-1.628315j,3.463282
1.001767+1.972241j,4.132477-4.710031j,4.134381-1.632532j,3.476607
1.010503+1.976240j,4.145165-4.715097j,4.147339-1.636772j,3.489932
1.019277+1.980229j,4.157848-4.720177j,4.160286-1.641035j,3.503257
1.028089+1.984208j,4.170526-4.725270j,4.173223-1.645321j,3.516583
1.036939+1.988176j,4.183200-4.730376j,4.186149-1.649630j,3.529908
1.045827+1.992134j,4.195870-4.735497j,4.199065-1.653962j,3.543233
1.054753+1.996081j,4.208536-4.740630j,4.211972-1.658317j,3.556558
1.063718+2.000016j,4.221197-4.745777j,4.224868-1.662695j,3.569883
1.072721+2.003941j,4.233853-4.750938j,4.237754-1.667095j,3.583208
1.081763+2.007854j,4.246506-4.756112j,4.250631-1.671517j,3.596533
1.090843+2.011756j,4.259154-4.761300j,4.263497-1.675962j,3.609858
1.099963+2.015647j,4.271797-4.766502j,4.276354-1.680429j,3.623183
1.109121+2.019526j,4.284436-4.771717j,4.289202-1.684918j,3.636508
1.118319+2.023393j,4.297071-4.776945j,4.302040-1.689430j,3.649833
1.127556+2.027248j,4.309702-4.782187j,4.314868-1.693963j,3.663159
1.136832+2.031091j,4.322328-4.787443j,4.327687-1.698518j,3.676483
1.146148+2.034922j,4.334949-4.792713j,4.340497-1.703096j,3.689808
1.155503+2.038741j,4.347566-4.797996j,4.353298-1.707694j,3.703133
1.164898+2.042547j,4.360179-4.803292j,4.366089-1.712315j,3.716458
1.174333+2.046340j,4.372787-4.808603j,4.378871-1.716957j,3.729783
1.183807+2.050121j,4.385391-4.813927j,4.391645-1.721620j,3.743108
1.193322+2.053889j,4.397991-4.819264j,4.404409-1.726305j,3.756433
1.202877+2.057643j,4.410586-4.824616j,4.417165-1.731011j,3.769758
1.212472+2.061385j,4.423177-4.829981j,4.429912-1.735739j,3.783083
1.222107+2.065113j,4.435763-4.835359j,4.442650-1.740487j,3.796408
1.231783+2.068828j,4.448345-4.840751j,4.455380-1.745256j,3.809733
1.241499+2.072529j,4.460923-4.846157j,4.468101-1.750047j,3.823058
1.251257+2.076216j,4.473496-4.851577j,4.480814-1.754858j,3.836382
1.261055+2.079889j,4.486065-4.857010j,4.493518-1.759690j,3.849707
1.270894+2.083548j,4.498629-4.862457j,4.506214-1.764543j,3.863032
1.280774+2.087193j,4.511189-4.867918j,4.518901-1.769416j,3.876357
1.290695+2.090823j,4.523745-4.873392j,4.531581-1.774310j,3.889682
1.300658+2.094439j,4.536296-4.878880j,4.544252-1.779224j,3.903006
1.310661+2.098040j,4.548843-4.884382j,4.556915-1.784159j,3.916331
1.320707+2.101626j,4.561385-4.889897j,4.569570-1.789114j,3.929656
1.330794+2.105198j,4.573923-4.895426j,4.582217-1.794089j,3.942981
1.340923+2.108754j,4.586457-4.900969j,4.594856-1.799085j,3.956305
1.351093+2.112294j,4.598986-4.906525j,4.607488-1.804100j,3.969630
1.361306+2.115819j,4.611511-4.912095j,4.620112-1.809135j,3.982955
1.371560+2.119329j,4.624031-4.917679j,4.632727-1.814191j,3.996280
1.381857+2.122822j,4.636548-4.923276j,4.645336-1.819266j,4.009604
1.392196+2.126300j,4.649060-4.928887j,4.657937-1.824361j,4.022929
1.402934+2.129880j,4.661995-4.934704j,4.670961-1.829651j,4.036709
1.413717+2.133442j,4.674926-4.940536j,4.683977-1.834962j,4.050489
1.424545+2.136986j,4.687852-4.946383j,4.696985-1.840294j,4.064269
1.435419+2.140513j,4.700774-4.952244j,4.709985-1.845647j,4.078049
1.446339+2.144022j,4.713691-4.958119j,4.722978-1.851020j,4.091829
1.457306+2.147512j,4.726603-4.964010j,4.735963-1.856414j,4.105608
1.468318+2.150984j,4.739511-4.969915j,4.748940-1.861829j,4.119388
1.479376+2.154437j,4.752414-4.975834j,4.761910-1.867265j,4.133168
1.490481+2.157872j,4.765313-4.981768j,4.774872-1.872720j,4.146948
1.501632+2.161288j,4.778207-4.987716j,4.787826-1.878196j,4.160728
1.512829+2.164685j,4.791096-4.993679j,4.800773-1.883693j,4.174508
1.524074+2.168062j,4.803981-4.999657j,4.813713-1.889209j,4.188288
1.535365+2.171419j,4.816861-5.005649j,4.826646-1.894746j,4.202067
1.546703+2.174758j,4.829737-5.011656j,4.839571-1.900303j,4.215847
1.558088+2.178076j,4.842608-5.017677j,4.852489-1.905880j,4.229627
1.569520+2.181374j,4.855475-5.023712j,4.865400-1.911477j,4.243407
1.581000+2.184651j,4.868337-5.029762j,4.878304-1.917093j,4.257187
1.592527+2.187908j,4.881195-5.035827j,4.891201-1.922730j,4.270966
1.604101+2.191145j,4.894048-5.041906j,4.904091-1.928386j,4.284746
1.615723+2.194360j,4.906896-5.047999j,4.916974-1.934062j,4.298526
1.627393+2.197555j,4.919741-5.054107j,4.929851-1.939757j,4.312306
1.639111+2.200728j,4.932580-5.060230j,4.942720-1.945472j,4.326085
1.650876+2.203879j,4.945415-5.066366j,4.955583-1.951206j,4.339865
1.662690+2.207009j,4.958246-5.072518j,4.968439-1.956959j,4.353645
1.674552+2.210117j,4.971073-5.078683j,4.981289-1.962732j,4.367425
1.686463+2.213203j,4.983894-5.084863j,4.994132-1.968524j,4.381204
1.698421+2.216267j,4.996712-5.091057j,5.006968-1.974336j,4.394984
1.710429+2.219308j,5.009525-5.097266j,5.019798-1.980166j,4.408764
1.722485+2.222326j,5.022334-5.103489j,5.032622-1.986016j,4.422543
1.734590+2.225321j,5.035138-5.109726j,5.045439-1.991884j,4.436323
1.746743+2.228293j,5.047938-5.115978j,5.058250-1.997771j,4.450103
1.758946+2.231242j,5.060734-5.122244j,5.071055-2.003677j,4.463882
1.771198+2.234167j,5.073525-5.128524j,5.083853-2.009602j,4.477662
1.783499+2.237068j,5.086312-5.134818j,5.096646-2.015546j,4.491442
1.795850+2.239945j,5.099094-5.141127j,5.109432-2.021508j,4.505221
1.808250+2.242798j,5.111873-5.147450j,5.122212-2.027489j,4.519001
1.820699+2.245627j,5.124647-5.153787j,5.134987-2.033488j,4.532781
1.833199+2.248431j,5.137416-5.160139j,5.147755-2.039505j,4.546560
1.845748+2.251210j,5.150182-5.166504j,5.160517-2.045542j,4.560340
1.858347+2.253963j,5.162943-5.172884j,5.173274-2.051596j,4.574120
1.870996+2.256692j,5.175700-5.179278j,5.186025-2.057669j,4.587899
1.883695+2.259395j,5.188453-5.185686j,5.198770-2.063760j,4.601679
1.896445+2.262072j,5.201201-5.192108j,5.211509-2.069869j,4.615458
1.909245+2.264723j,5.213945-5.198545j,5.224243-2.075996j,4.629238
1.922095+2.267348j,5.226686-5.204995j,5.236971-2.082141j,4.643018
1.934996+2.269946j,5.239422-5.211460j,5.249693-2.088304j,4.656797
1.947948+2.272518j,5.252153-5.217939j,5.262410-2.094485j,4.670577
1.960950+2.275063j,5.264881-5.224431j,5.275122-2.100684j,4.684356
1.974004+2.277580j,5.277605-5.230938j,5.287828-2.106900j,4.698136
1.987108+2.280070j,5.290324-5.237459j,5.300528-2.113134j,4.711915
2.000264+2.282533j,5.303040-5.243993j,5.313224-2.119386j,4.725695
2.013471+2.284968j,5.315751-5.250542j,5.325914-2.125656j,4.739474
2.026729+2.287374j,5.328458-5.257105j,5.338599-2.131943j,4.753254
2.040039+2.289752j,5.341161-5.263682j,5.351278-2.138248j,4.767033
2.053400+2.292102j,5.353860-5.270272j,5.363953-2.144570j,4.780813
2.066813+2.294423j,5.366556-5.276877j,5.376622-2.150909j,4.794593
2.080278+2.296715j,5.379247-5.283495j,5.389286-2.157266j,4.808372
2.093795+2.298977j,5.391934-5.290127j,5.401945-2.163640j,4.822152
2.107363+2.301210j,5.404617-5.296773j,5.414600-2.170031j,4.835931
2.120984+2.303413j,5.417296-5.303433j,5.427249-2.176440j,4.849711
2.134657+2.305587j,5.429972-5.310107j,5.439893-2.182865j,4.863490
2.148383+2.307730j,5.442643-5.316795j,5.452533-2.189307j,4.877270
2.162160+2.309842j,5.455311-5.323496j,5.465167-2.195767j,4.891049
2.175991+2.311924j,5.467974-5.330211j,5.477797-2.202243j,4.904828
2.189874+2.313974j,5.480634-5.336940j,5.490422-2.208737j,4.918608
2.203809+2.315994j,5.493290-5.343683j,5.503043-2.215247j,4.932387
2.217798+2.317982j,5.505942-5.350439j,5.515659-2.221774j,4.946167
2.231839+2.319938j,5.518591-5.357209j,5.528270-2.228317j,4.959946
2.245934+2.321862j,5.531235-5.363993j,5.540876-2.234878j,4.973726
2.260082+2.323754j,5.543876-5.370790j,5.553478-2.241455j,4.987505
2.271134+2.325204j,5.553715-5.376092j,5.563287-2.246587j,4.998238
